event_abbreviation,event_definition,coding_system,code_issue_dot,code_name,concept,concept_name,tags,system,type,code,conception_categories
24weeksUNK,24 weeks pregnancy unknown,ICD10CM,Z3A.24,24 weeks gestation of pregnancy,C3264102,24 weeks gestation of pregnancy,narrow,P,PrA,Z3A.24,ongoing_pregnancy
AtTerm,At term delivery,ICD10,O32.4,Maternal care for high head at term,C0495205,Maternal care for high head at term,possible,P,PrA,O32.4,end_of_pregnancy
AtTerm,At term delivery,ICD10,O60.2,Term delivery with preterm labor - Preterm spontaneous labor with term delivery,"","",narrow,P,PrA,O60.2,end_of_pregnancy
AtTerm,At term delivery,ICD10,O60.20,Term delivery with preterm labor- unspecified trimester,"","",narrow,P,PrA,O60.20,end_of_pregnancy
AtTerm,At term delivery,ICD10,O60.22,Term delivery with preterm labor- second trimester,"","",narrow,P,PrA,O60.22,end_of_pregnancy
AtTerm,At term delivery,ICD10,O60.23,Term delivery with preterm labor- third trimester,"","",narrow,P,PrA,O60.23,end_of_pregnancy
AtTerm,At term delivery,ICD10CM,O32.4,Maternal care for high head at term,C0495205,Maternal care for high head at term,possible,P,PrA,O32.4,end_of_pregnancy
AtTerm,At term delivery,ICD10CM,O32.4XX0,Maternal care for high head at term- not applicable or unspecified,"","",narrow,P,PrA,O32.4XX0,end_of_pregnancy
AtTerm,At term delivery,ICD10CM,O32.4XX1,Maternal care for high head at term- fetus 1,"","",narrow,P,PrA,O32.4XX1,end_of_pregnancy
AtTerm,At term delivery,ICD10CM,O32.4XX2,Maternal care for high head at term- fetus 2,"","",narrow,P,PrA,O32.4XX2,end_of_pregnancy
AtTerm,At term delivery,ICD10CM,O32.4XX3,Maternal care for high head at term- fetus 3,"","",narrow,P,PrA,O32.4XX3,end_of_pregnancy
AtTerm,At term delivery,ICD10CM,O32.4XX4,Maternal care for high head at term- fetus 4,"","",narrow,P,PrA,O32.4XX4,end_of_pregnancy
AtTerm,At term delivery,ICD10CM,O32.4XX5,Maternal care for high head at term- fetus 5,"","",narrow,P,PrA,O32.4XX5,end_of_pregnancy
AtTerm,At term delivery,ICD10CM,O32.4XX9,Maternal care for high head at term- other fetus,"","",narrow,P,PrA,O32.4XX9,end_of_pregnancy
AtTerm,At term delivery,ICD10CM,O60.2,Term delivery with preterm labor - Preterm spontaneous labor with term delivery,"","",narrow,P,PrA,O60.2,end_of_pregnancy
AtTerm,At term delivery,ICD10CM,O60.20,Term delivery with preterm labor- unspecified trimester,"","",narrow,P,PrA,O60.20,end_of_pregnancy
AtTerm,At term delivery,ICD10CM,O60.22,Term delivery with preterm labor- second trimester,"","",narrow,P,PrA,O60.22,end_of_pregnancy
AtTerm,At term delivery,ICD10CM,O60.23,Term delivery with preterm labor- third trimester,"","",narrow,P,PrA,O60.23,end_of_pregnancy
AtTerm,At term delivery,ICD9CM,652.5,High fetal head at term,C0426187,Failure of fetal head to enter pelvic brim,narrow,P,PrA,652.5,end_of_pregnancy
AtTerm,At term delivery,ICD9CM,652.5,High head at term- unspecified as to episode of care or not applicable,C0156945,High head at term- unspecified as to episode of care or not applicable,possible,P,PrA,652.5,end_of_pregnancy
AtTerm,At term delivery,ICD9CM,652.50,High head at term- unspecified as to episode of care or not applicable,C0156945,High head at term- unspecified as to episode of care or not applicable,possible,P,PrA,652.50,end_of_pregnancy
AtTerm,At term delivery,ICD9CM,652.51,High head at term- delivered- with or without mention of antepartum condition,C0156946,High head at term - delivered,narrow,P,PrA,652.51,end_of_pregnancy
AtTerm,At term delivery,ICD9CM,652.51,High head at term- delivered- with or without mention of antepartum condition,C0156946,high head presentation of fetus at term with baby delivered,narrow,P,PrA,652.51,end_of_pregnancy
AtTerm,At term delivery,ICD9CM,652.53,High head at term- antepartum condition or complication,C0156947,High head at term- antepartum condition or complication,possible,P,PrA,652.53,end_of_pregnancy
AtTerm,At term delivery,MTHICD9,652.5,Failure of head to enter pelvic brim,C0426187,Failure of fetal head to enter pelvic brim,narrow,P,PrA,652.5,end_of_pregnancy
AtTerm,At term delivery,MTHICD9,652.5,High head at term- unspecified as to episode of care,C0156945,High head at term- unspecified as to episode of care or not applicable,possible,P,PrA,652.5,end_of_pregnancy
AtTerm,At term delivery,MTHICD9,652.50,High head at term- unspecified as to episode of care,C0156945,High head at term- unspecified as to episode of care or not applicable,possible,P,PrA,652.50,end_of_pregnancy
AtTerm,At term delivery,MTHICD9,652.51,High head at term- delivered,C0156946,High head at term - delivered,narrow,P,PrA,652.51,end_of_pregnancy
AtTerm,At term delivery,MTHICD9,652.51,High head at term- delivered,C0156946,high head presentation of fetus at term with baby delivered,narrow,P,PrA,652.51,end_of_pregnancy
AtTerm,At term delivery,MTHICD9,652.53,High head at term- antepartum,C0156947,High head at term- antepartum condition or complication,possible,P,PrA,652.53,end_of_pregnancy
AtTerm,At term delivery,RCD2,L227.,High head at term,C0426187,Failure of fetal head to enter pelvic brim,narrow,P,PrA,L227.,end_of_pregnancy
AtTerm,At term delivery,RCD2,L2270,High head at term unspecified,C0426187,Failure of fetal head to enter pelvic brim,narrow,P,PrA,L2270,end_of_pregnancy
AtTerm,At term delivery,RCD2,L2271,High head at term - delivered,C0156946,High head at term - delivered,narrow,P,PrA,L2271,end_of_pregnancy
AtTerm,At term delivery,RCD2,L2271,High head at term - delivered,C0156946,high head presentation of fetus at term with baby delivered,narrow,P,PrA,L2271,end_of_pregnancy
AtTerm,At term delivery,RCD2,L2272,High head at term+a-n problem,C0426188,High head at term with antenatal problem,possible,P,PrA,L2272,end_of_pregnancy
AtTerm,At term delivery,RCD2,L227z,High head at term NOS,C0426187,Failure of fetal head to enter pelvic brim,narrow,P,PrA,L227z,end_of_pregnancy
AtTerm,At term delivery,RCD2,L3982,Caesarean section - pregn term,C0475520,Cesarean section - pregnancy at term,narrow,P,PrA,L3982,end_of_pregnancy
AtTerm,At term delivery,SCTSPA,17333005,nacimiento de término de recién nacidos múltiples,C0233332,Term birth of multiple newborns,narrow,P,PrA,17333005,end_of_pregnancy
AtTerm,At term delivery,SCTSPA,199373000,cabeza alta de término,"","",narrow,P,PrA,199373000,end_of_pregnancy
AtTerm,At term delivery,SCTSPA,199375007,cabeza alta a término - nacido,C0156946,high head presentation of fetus at term with baby delivered,narrow,P,PrA,199375007,end_of_pregnancy
AtTerm,At term delivery,SCTSPA,199375007,presentación alta a término - nacido,C0156946,High head at term - delivered,narrow,P,PrA,199375007,end_of_pregnancy
AtTerm,At term delivery,SCTSPA,199376008,cabeza alta de término con problema prenatal,"","",narrow,P,PrA,199376008,end_of_pregnancy
AtTerm,At term delivery,SCTSPA,199376008,cabeza alta de término con problema prenatal,C0426188,High head at term with antenatal problem,possible,P,PrA,199376008,end_of_pregnancy
AtTerm,At term delivery,SCTSPA,200147006,cesárea - embarazo a término,C0475520,Cesarean section - pregnancy at term,narrow,P,PrA,200147006,end_of_pregnancy
AtTerm,At term delivery,SCTSPA,21127004,Term birth of newborn male,"","",narrow,P,PrA,21127004,end_of_pregnancy
AtTerm,At term delivery,SCTSPA,21127004,nacimiento de término de recién nacido de sexo masculino (hallazgo),"","",narrow,P,PrA,21127004,end_of_pregnancy
AtTerm,At term delivery,SCTSPA,21243004,nacimiento de término,C0233324,Term Birth,narrow,P,PrA,21243004,end_of_pregnancy
AtTerm,At term delivery,SCTSPA,23667007,embarazo a término - nacido,C0233089,Term pregnancy delivered,narrow,P,PrA,23667007,end_of_pregnancy
AtTerm,At term delivery,SCTSPA,299124003,feto a término- edad de 36 a 42 semanas de gestación [como un todo],C1281513,Entire full term fetus- age 36-42 weeks,narrow,P,PrA,299124003,end_of_pregnancy
AtTerm,At term delivery,SCTSPA,302253005,nacido por cesárea - embarazo a término,C0579080,Delivered by cesarean section - pregnancy at term,narrow,P,PrA,302253005,end_of_pregnancy
AtTerm,At term delivery,SCTSPA,440425000,número de nacimientos a término,C2585169,Number of births at term,narrow,P,PrA,440425000,end_of_pregnancy
AtTerm,At term delivery,SCTSPA,50758004,nacimiento de término de mellizos,C0233327,Term birth of newborn twins,narrow,P,PrA,50758004,end_of_pregnancy
AtTerm,At term delivery,SCTSPA,52483005,nacimiento de término de sextillizos,C0233331,Term birth of newborn sextuplets,narrow,P,PrA,52483005,end_of_pregnancy
AtTerm,At term delivery,SCTSPA,52942000,nacimiento de término de mellizos muertos,C0233342,Term birth of stillborn twins,narrow,P,PrA,52942000,end_of_pregnancy
AtTerm,At term delivery,SCTSPA,75697004,Term birth of identical twins- both stillborn,"","",narrow,P,PrA,75697004,end_of_pregnancy
AtTerm,At term delivery,SCTSPA,7888004,nacimiento de término de cuatrillizos,C0233329,Term birth of newborn quadruplets,narrow,P,PrA,7888004,end_of_pregnancy
AtTerm,At term delivery,SCTSPA,83121003,Term birth of fraternal twins- both stillborn,"","",narrow,P,PrA,83121003,end_of_pregnancy
AtTerm,At term delivery,SCTSPA,8333008,nacimiento de término de trillizos,C0233328,Term birth of newborn triplets,narrow,P,PrA,8333008,end_of_pregnancy
AtTerm,At term delivery,SCTSPA,86803008,nacimiento de término de quintillizos,C0233330,Term birth of newborn quintuplets,narrow,P,PrA,86803008,end_of_pregnancy
AtTerm,At term delivery,SCTSPA,87527008,embarazo a término,C0232991,Term pregnancy,narrow,P,PrA,87527008,end_of_pregnancy
AtTerm,At term delivery,SCTSPA,9343003,Term birth of newborn female,"","",narrow,P,PrA,9343003,end_of_pregnancy
AtTerm,At term delivery,SCTSPA,9343003,nacimiento de término de recién nacido de sexo femenino (hallazgo),"","",narrow,P,PrA,9343003,end_of_pregnancy
AtTerm,At term delivery,SNOMEDCT_US,17333005,Term birth of multiple newborns,C0233332,Term birth of multiple newborns,narrow,P,PrA,17333005,end_of_pregnancy
AtTerm,At term delivery,SNOMEDCT_US,199375007,High head at term - delivered,C0156946,High head at term - delivered,narrow,P,PrA,199375007,end_of_pregnancy
AtTerm,At term delivery,SNOMEDCT_US,199375007,High head at term - delivered,C0156946,high head presentation of fetus at term with baby delivered,narrow,P,PrA,199375007,end_of_pregnancy
AtTerm,At term delivery,SNOMEDCT_US,199376008,High head at term with antenatal problem,C0426188,High head at term with antenatal problem,possible,P,PrA,199376008,end_of_pregnancy
AtTerm,At term delivery,SNOMEDCT_US,200147006,Cesarean section - pregnancy at term,C0475520,Cesarean section - pregnancy at term,narrow,P,PrA,200147006,end_of_pregnancy
AtTerm,At term delivery,SNOMEDCT_US,21127004,Term birth of newborn male,"","",narrow,P,PrA,21127004,end_of_pregnancy
AtTerm,At term delivery,SNOMEDCT_US,21127004,Term birth of newborn male (finding),"","",narrow,P,PrA,21127004,end_of_pregnancy
AtTerm,At term delivery,SNOMEDCT_US,21243004,Term birth of newborn,C0233324,Term Birth,narrow,P,PrA,21243004,end_of_pregnancy
AtTerm,At term delivery,SNOMEDCT_US,23667007,Term pregnancy delivered,C0233089,Term pregnancy delivered,narrow,P,PrA,23667007,end_of_pregnancy
AtTerm,At term delivery,SNOMEDCT_US,299124003,Entire full term fetus- age 36-42 weeks,C1281513,Entire full term fetus- age 36-42 weeks,narrow,P,PrA,299124003,end_of_pregnancy
AtTerm,At term delivery,SNOMEDCT_US,302253005,Delivered by cesarean section - pregnancy at term,C0579080,Delivered by cesarean section - pregnancy at term,narrow,P,PrA,302253005,end_of_pregnancy
AtTerm,At term delivery,SNOMEDCT_US,440425000,Number of births at term,C2585169,Number of births at term,narrow,P,PrA,440425000,end_of_pregnancy
AtTerm,At term delivery,SNOMEDCT_US,50758004,Term birth of newborn twins,C0233327,Term birth of newborn twins,narrow,P,PrA,50758004,end_of_pregnancy
AtTerm,At term delivery,SNOMEDCT_US,52483005,Term birth of newborn sextuplets,C0233331,Term birth of newborn sextuplets,narrow,P,PrA,52483005,end_of_pregnancy
AtTerm,At term delivery,SNOMEDCT_US,52942000,Term birth of stillborn twins,C0233342,Term birth of stillborn twins,narrow,P,PrA,52942000,end_of_pregnancy
AtTerm,At term delivery,SNOMEDCT_US,7888004,Term birth of newborn quadruplets,C0233329,Term birth of newborn quadruplets,narrow,P,PrA,7888004,end_of_pregnancy
AtTerm,At term delivery,SNOMEDCT_US,8333008,Term birth of newborn triplets,C0233328,Term birth of newborn triplets,narrow,P,PrA,8333008,end_of_pregnancy
AtTerm,At term delivery,SNOMEDCT_US,86803008,Term birth of newborn quintuplets,C0233330,Term birth of newborn quintuplets,narrow,P,PrA,86803008,end_of_pregnancy
AtTerm,At term delivery,SNOMEDCT_US,87527008,Term pregnancy,C0232991,Term pregnancy,narrow,P,PrA,87527008,end_of_pregnancy
AtTerm,At term delivery,SNOMEDCT_US,9343003,Term birth of newborn female,"","",narrow,P,PrA,9343003,end_of_pregnancy
AtTerm,At term delivery,SNOMEDCT_US,9343003,Term birth of newborn female (finding),"","",narrow,P,PrA,9343003,end_of_pregnancy
BirthNarrow,Birth classified as narrow,ICD10,N85.5,Inversion of uterus,C0162482,Uterine Inversion,narrow,P,PrA,N85.5,end_of_pregnancy
BirthNarrow,Birth classified as narrow,ICD10,O32.1,Maternal care for breech presentation,C0495202,Maternal care for breech presentation,narrow,P,PrA,O32.1,end_of_pregnancy
BirthNarrow,Birth classified as narrow,ICD10,O32.3,Maternal care for face- brow and chin presentation,C0495204,Maternal care for face- brow and chin presentation,narrow,P,PrA,O32.3,end_of_pregnancy
BirthNarrow,Birth classified as narrow,ICD10,O42.0,Premature rupture of membranes- onset of labour within 24 hours,C0495245,Prem rupture of membranes onset of labor within 24 hours,narrow,P,PrA,O42.0,end_of_pregnancy
BirthNarrow,Birth classified as narrow,ICD10,O42.00,Premature rupture of membranes- onset of labor within 24 hours of rupture- unspecified weeks of gestation,C0495245,Prem rupture of membranes onset of labor within 24 hours,narrow,P,PrA,O42.00,end_of_pregnancy
BirthNarrow,Birth classified as narrow,ICD10,O42.01,Preterm premature rupture of membranes- onset of labor within 24 hours of rupture,"","",narrow,P,PrA,O42.01,end_of_pregnancy
BirthNarrow,Birth classified as narrow,ICD10,O42.02,Full-term premature rupture of membranes- onset of labor within 24 hours of rupture,"","",narrow,P,PrA,O42.02,end_of_pregnancy
BirthNarrow,Birth classified as narrow,ICD10,O42.1,Premature rupture of membranes- onset of labor after 24 hours - Premature rupture of membranes- onset of labor more than 24 hours following rupture,"","",narrow,P,PrA,O42.1,end_of_pregnancy
BirthNarrow,Birth classified as narrow,ICD10,O42.10,Premature rupture of membranes- onset of labor more than 24 hours following rupture- unspecified weeks of gestation,"","",narrow,P,PrA,O42.10,end_of_pregnancy
BirthNarrow,Birth classified as narrow,ICD10,O42.11,Preterm premature rupture of membranes- onset of labor more than 24 hours following rupture,"","",narrow,P,PrA,O42.11,end_of_pregnancy
BirthNarrow,Birth classified as narrow,ICD10,O42.12,Full-term premature rupture of membranes- onset of labor more than 24 hours following rupture,"","",narrow,P,PrA,O42.12,end_of_pregnancy
BirthNarrow,Birth classified as narrow,ICD10,O42.2,Premature rupture of membranes- labor delayed by therapy,"","",narrow,P,PrA,O42.2,end_of_pregnancy
BirthNarrow,Birth classified as narrow,ICD10,O42.90,Premature rupture of membranes- unspecified as to length of time between rupture and onset of labor- unspecified weeks of gestation,"","",narrow,P,PrA,O42.90,end_of_pregnancy
BirthNarrow,Birth classified as narrow,ICD10,O42.91,Preterm premature rupture of membranes- unspecified as to length of time between rupture and onset of labor,"","",narrow,P,PrA,O42.91,end_of_pregnancy
BirthNarrow,Birth classified as narrow,ICD10,O42.92,Full-term premature rupture of membranes- unspecified as to length of time between rupture and onset of labor,"","",narrow,P,PrA,O42.92,end_of_pregnancy
BirthNarrow,Birth classified as narrow,ICD10,O60.1,Preterm labor with preterm delivery,"","",narrow,P,PrA,O60.1,end_of_pregnancy
BirthNarrow,Birth classified as narrow,ICD10,O60.10,Preterm labor with preterm delivery- unspecified trimester,"","",narrow,P,PrA,O60.10,end_of_pregnancy
BirthNarrow,Birth classified as narrow,ICD10,O60.12,Preterm labor second trimester with preterm delivery second trimester,"","",narrow,P,PrA,O60.12,end_of_pregnancy
BirthNarrow,Birth classified as narrow,ICD10,O60.13,Preterm labor second trimester with preterm delivery third trimester,"","",narrow,P,PrA,O60.13,end_of_pregnancy
BirthNarrow,Birth classified as narrow,ICD10,O60.14,Preterm labor third trimester with preterm delivery third trimester,"","",narrow,P,PrA,O60.14,end_of_pregnancy
BirthNarrow,Birth classified as narrow,ICD10,O60.2,Term delivery with preterm labor,"","",narrow,P,PrA,O60.2,end_of_pregnancy
BirthNarrow,Birth classified as narrow,ICD10,O60.20,Term delivery with preterm labor- unspecified trimester,"","",narrow,P,PrA,O60.20,end_of_pregnancy
BirthNarrow,Birth classified as narrow,ICD10,O60.22,Term delivery with preterm labor- second trimester,"","",narrow,P,PrA,O60.22,end_of_pregnancy
BirthNarrow,Birth classified as narrow,ICD10,O60.23,Term delivery with preterm labor- third trimester,"","",narrow,P,PrA,O60.23,end_of_pregnancy
BirthNarrow,Birth classified as narrow,ICD10,O61,Failed induction of labour,C0269806,Failed induction of labor,possible,P,PrA,O61,end_of_pregnancy
BirthNarrow,Birth classified as narrow,ICD10,O61.0,Failed medical induction of labour,C0269808,Failed medical induction of labor,possible,P,PrA,O61.0,end_of_pregnancy
BirthNarrow,Birth classified as narrow,ICD10,O61.1,Failed instrumental induction of labor,"","",possible,P,PrA,O61.1,end_of_pregnancy
BirthNarrow,Birth classified as narrow,ICD10,O61.8,Other failed induction of labor,"","",possible,P,PrA,O61.8,end_of_pregnancy
BirthNarrow,Birth classified as narrow,ICD10,O61.9,Failed induction of labour- unspecified,C0269806,Failed induction of labor,possible,P,PrA,O61.9,end_of_pregnancy
BirthNarrow,Birth classified as narrow,ICD10,O62.0,Primary inadequate contractions,C0152159,Hypotonic uterine inertia,narrow,P,PrA,O62.0,end_of_pregnancy
BirthNarrow,Birth classified as narrow,ICD10,O62.1,Secondary uterine inertia,C0405169,Secondary uterine inertia,narrow,P,PrA,O62.1,end_of_pregnancy
BirthNarrow,Birth classified as narrow,ICD10,O62.2,Other uterine inertia,"","",narrow,P,PrA,O62.2,end_of_pregnancy
BirthNarrow,Birth classified as narrow,ICD10,O62.3,Precipitate labor,"","",narrow,P,PrA,O62.3,end_of_pregnancy
BirthNarrow,Birth classified as narrow,ICD10,O62.4,Hypertonic- incoordinate- and prolonged uterine contractions,"","",narrow,P,PrA,O62.4,end_of_pregnancy
BirthNarrow,Birth classified as narrow,ICD10,O62.8,Other abnormalities of forces of labor,"","",narrow,P,PrA,O62.8,end_of_pregnancy
BirthNarrow,Birth classified as narrow,ICD10,O62.9,Abnormality of forces of labor- unspecified,"","",narrow,P,PrA,O62.9,end_of_pregnancy
BirthNarrow,Birth classified as narrow,ICD10,O63.0,Prolonged first stage (of labor),"","",narrow,P,PrA,O63.0,end_of_pregnancy
BirthNarrow,Birth classified as narrow,ICD10,O63.1,Prolonged second stage (of labor),"","",narrow,P,PrA,O63.1,end_of_pregnancy
BirthNarrow,Birth classified as narrow,ICD10,O63.2,Delayed delivery of second twin- triplet- etc.,"","",narrow,P,PrA,O63.2,end_of_pregnancy
BirthNarrow,Birth classified as narrow,ICD10,O63.9,Long labor- unspecified,"","",narrow,P,PrA,O63.9,end_of_pregnancy
BirthNarrow,Birth classified as narrow,ICD10,O64.0,Obstructed labor due to incomplete rotation of fetal head,"","",narrow,P,PrA,O64.0,end_of_pregnancy
BirthNarrow,Birth classified as narrow,ICD10,O64.1,Obstructed labor due to breech presentation,"","",narrow,P,PrA,O64.1,end_of_pregnancy
BirthNarrow,Birth classified as narrow,ICD10,O64.2,Obstructed labour due to face presentation,C0475557,Obstructed labor due to face presentation,narrow,P,PrA,O64.2,end_of_pregnancy
BirthNarrow,Birth classified as narrow,ICD10,O64.3,Obstructed labor due to brow presentation,"","",narrow,P,PrA,O64.3,end_of_pregnancy
BirthNarrow,Birth classified as narrow,ICD10,O64.4,Obstructed labor due to shoulder presentation,"","",narrow,P,PrA,O64.4,end_of_pregnancy
BirthNarrow,Birth classified as narrow,ICD10,O64.5,Obstructed labor due to compound presentation,"","",narrow,P,PrA,O64.5,end_of_pregnancy
BirthNarrow,Birth classified as narrow,ICD10,O64.8,Obstructed labor due to other malposition and malpresentation,"","",narrow,P,PrA,O64.8,end_of_pregnancy
BirthNarrow,Birth classified as narrow,ICD10,O64.9,Obstructed labor due to malposition and malpresentation- unspecified,"","",narrow,P,PrA,O64.9,end_of_pregnancy
BirthNarrow,Birth classified as narrow,ICD10,O65.0,Obstructed labor due to deformed pelvis,"","",narrow,P,PrA,O65.0,end_of_pregnancy
BirthNarrow,Birth classified as narrow,ICD10,O65.1,Obstructed labor due to generally contracted pelvis,"","",narrow,P,PrA,O65.1,end_of_pregnancy
BirthNarrow,Birth classified as narrow,ICD10,O65.2,Obstructed labor due to pelvic inlet contraction,"","",narrow,P,PrA,O65.2,end_of_pregnancy
BirthNarrow,Birth classified as narrow,ICD10,O65.3,Obstructed labor due to pelvic outlet and mid-cavity contraction,"","",narrow,P,PrA,O65.3,end_of_pregnancy
BirthNarrow,Birth classified as narrow,ICD10,O65.4,Obstructed labor due to fetopelvic disproportion- unspecified,"","",narrow,P,PrA,O65.4,end_of_pregnancy
BirthNarrow,Birth classified as narrow,ICD10,O65.5,Obstructed labor due to abnormality of maternal pelvic organs,"","",narrow,P,PrA,O65.5,end_of_pregnancy
BirthNarrow,Birth classified as narrow,ICD10,O65.8,Obstructed labor due to other maternal pelvic abnormalities,"","",narrow,P,PrA,O65.8,end_of_pregnancy
BirthNarrow,Birth classified as narrow,ICD10,O65.9,Obstructed labor due to maternal pelvic abnormality- unspecified,"","",narrow,P,PrA,O65.9,end_of_pregnancy
BirthNarrow,Birth classified as narrow,ICD10,O66.0,Obstructed labor due to shoulder dystocia,"","",narrow,P,PrA,O66.0,end_of_pregnancy
BirthNarrow,Birth classified as narrow,ICD10,O66.1,Obstructed labor due to locked twins,"","",narrow,P,PrA,O66.1,end_of_pregnancy
BirthNarrow,Birth classified as narrow,ICD10,O66.2,Obstructed labor due to unusually large fetus,"","",narrow,P,PrA,O66.2,end_of_pregnancy
BirthNarrow,Birth classified as narrow,ICD10,O66.3,Obstructed labor due to other abnormalities of fetus,"","",narrow,P,PrA,O66.3,end_of_pregnancy
BirthNarrow,Birth classified as narrow,ICD10,O66.4,Failed trial of labor- unspecified - Failed trial of labor,"","",possible,P,PrA,O66.4,end_of_pregnancy
BirthNarrow,Birth classified as narrow,ICD10,O66.40,Failed trial of labor- unspecified,"","",possible,P,PrA,O66.40,end_of_pregnancy
BirthNarrow,Birth classified as narrow,ICD10,O66.41,Failed attempted vaginal birth after previous cesarean delivery,"","",possible,P,PrA,O66.41,end_of_pregnancy
BirthNarrow,Birth classified as narrow,ICD10,O66.5,Failed application of vacuum extractor and forceps- unspecified - Attempted application of vacuum extractor and forceps,"","",possible,P,PrA,O66.5,end_of_pregnancy
BirthNarrow,Birth classified as narrow,ICD10,O66.6,Obstructed labor due to other multiple fetuses,"","",narrow,P,PrA,O66.6,end_of_pregnancy
BirthNarrow,Birth classified as narrow,ICD10,O66.8,Other specified obstructed labor,"","",narrow,P,PrA,O66.8,end_of_pregnancy
BirthNarrow,Birth classified as narrow,ICD10,O66.9,Obstructed labor- unspecified,"","",narrow,P,PrA,O66.9,end_of_pregnancy
BirthNarrow,Birth classified as narrow,ICD10,O67.0,Intrapartum haemorrhage with coagulation defect - Intrapartum hemorrhage with coagulation defect,"","",narrow,P,PrA,O67.0,end_of_pregnancy
BirthNarrow,Birth classified as narrow,ICD10,O67.8,Other intrapartum hemorrhage - Other intrapartum haemorrhage,"","",narrow,P,PrA,O67.8,end_of_pregnancy
BirthNarrow,Birth classified as narrow,ICD10,O67.9,Intrapartum hemorrhage- unspecified - Intrapartum haemorrhage- unspecified,"","",narrow,P,PrA,O67.9,end_of_pregnancy
BirthNarrow,Birth classified as narrow,ICD10,O68.0,Labour and delivery complicated by fetal heart rate anomaly,"","",narrow,P,PrA,O68.0,end_of_pregnancy
BirthNarrow,Birth classified as narrow,ICD10,O68.1,Labour and delivery complicated by meconium in amniotic fluid,"","",narrow,P,PrA,O68.1,end_of_pregnancy
BirthNarrow,Birth classified as narrow,ICD10,O68.2,Labour and delivery complicated by fetal heart rate anomaly with meconium in amniotic fluid,"","",narrow,P,PrA,O68.2,end_of_pregnancy
BirthNarrow,Birth classified as narrow,ICD10,O68.3,Labour and delivery complicated by biochemical evidence of fetal stress,"","",narrow,P,PrA,O68.3,end_of_pregnancy
BirthNarrow,Birth classified as narrow,ICD10,O68.8,Labour and delivery complicated by other evidence of fetal stress,"","",narrow,P,PrA,O68.8,end_of_pregnancy
BirthNarrow,Birth classified as narrow,ICD10,O68.9,Labour and delivery complicated by fetal stress- unspecified,"","",narrow,P,PrA,O68.9,end_of_pregnancy
BirthNarrow,Birth classified as narrow,ICD10,O69.0,Labour and delivery complicated by prolapse of cord - Labor and delivery complicated by prolapse of cord,"","",narrow,P,PrA,O69.0,end_of_pregnancy
BirthNarrow,Birth classified as narrow,ICD10,O69.1,Labour and delivery complicated by cord around neck- with compression - Labor and delivery complicated by cord around neck- with compression,"","",narrow,P,PrA,O69.1,end_of_pregnancy
BirthNarrow,Birth classified as narrow,ICD10,O69.2,Labor and delivery complicated by other cord entanglement- with compression - Labour and delivery complicated by other cord entanglement- with compression,"","",narrow,P,PrA,O69.2,end_of_pregnancy
BirthNarrow,Birth classified as narrow,ICD10,O69.3,Labor and delivery complicated by short cord - Labour and delivery complicated by short cord,"","",narrow,P,PrA,O69.3,end_of_pregnancy
BirthNarrow,Birth classified as narrow,ICD10,O69.4,Labour and delivery complicated by vasa praevia - Labor and delivery complicated by vasa previa,"","",narrow,P,PrA,O69.4,end_of_pregnancy
BirthNarrow,Birth classified as narrow,ICD10,O69.5,Labour and delivery complicated by vascular lesion of cord - Labor and delivery complicated by vascular lesion of cord,"","",narrow,P,PrA,O69.5,end_of_pregnancy
BirthNarrow,Birth classified as narrow,ICD10,O69.8,Labor and delivery complicated by other cord complications - Labour and delivery complicated by other cord complications,"","",narrow,P,PrA,O69.8,end_of_pregnancy
BirthNarrow,Birth classified as narrow,ICD10,O69.81,Labor and delivery complicated by cord around neck- without compression,"","",narrow,P,PrA,O69.81,end_of_pregnancy
BirthNarrow,Birth classified as narrow,ICD10,O69.82,Labor and delivery complicated by other cord entanglement- without compression,"","",narrow,P,PrA,O69.82,end_of_pregnancy
BirthNarrow,Birth classified as narrow,ICD10,O69.89,Labor and delivery complicated by other cord complications,"","",narrow,P,PrA,O69.89,end_of_pregnancy
BirthNarrow,Birth classified as narrow,ICD10,O69.9,Labour and delivery complicated by cord complication- unspecified - Labor and delivery complicated by cord complication- unspecified,"","",narrow,P,PrA,O69.9,end_of_pregnancy
BirthNarrow,Birth classified as narrow,ICD10,O70,Perineal laceration during delivery,C0269859,Obstetrical laceration,narrow,P,PrA,O70,end_of_pregnancy
BirthNarrow,Birth classified as narrow,ICD10,O70.0,First degree perineal laceration during delivery,"","",narrow,P,PrA,O70.0,end_of_pregnancy
BirthNarrow,Birth classified as narrow,ICD10,O70.1,Second degree perineal laceration during delivery,C0269870,Second degree perineal laceration,narrow,P,PrA,O70.1,end_of_pregnancy
BirthNarrow,Birth classified as narrow,ICD10,O70.2,Third degree perineal laceration during delivery,C0269874,Third degree perineal laceration,narrow,P,PrA,O70.2,end_of_pregnancy
BirthNarrow,Birth classified as narrow,ICD10,O70.20,Third degree perineal laceration during delivery- unspecified,"","",narrow,P,PrA,O70.20,end_of_pregnancy
BirthNarrow,Birth classified as narrow,ICD10,O70.21,Third degree perineal laceration during delivery- IIIa,"","",narrow,P,PrA,O70.21,end_of_pregnancy
BirthNarrow,Birth classified as narrow,ICD10,O70.22,Third degree perineal laceration during delivery- IIIb,"","",narrow,P,PrA,O70.22,end_of_pregnancy
BirthNarrow,Birth classified as narrow,ICD10,O70.23,Third degree perineal laceration during delivery- IIIc,"","",narrow,P,PrA,O70.23,end_of_pregnancy
BirthNarrow,Birth classified as narrow,ICD10,O70.3,Fourth degree perineal laceration during delivery,"","",narrow,P,PrA,O70.3,end_of_pregnancy
BirthNarrow,Birth classified as narrow,ICD10,O70.4,Anal sphincter tear complicating delivery- not associated with third degree laceration,"","",narrow,P,PrA,O70.4,end_of_pregnancy
BirthNarrow,Birth classified as narrow,ICD10,O70.9,Perineal laceration during delivery- unspecified,"","",narrow,P,PrA,O70.9,end_of_pregnancy
BirthNarrow,Birth classified as narrow,ICD10,O70.9,Perineal laceration during delivery- unspecified,C0269859,Obstetrical laceration,narrow,P,PrA,O70.9,end_of_pregnancy
BirthNarrow,Birth classified as narrow,ICD10,O71.0,Rupture of uterus (spontaneous) before onset of labor - Rupture of uterus before onset of labor,"","",narrow,P,PrA,O71.0,end_of_pregnancy
BirthNarrow,Birth classified as narrow,ICD10,O71.00,Rupture of uterus before onset of labor- unspecified trimester,"","",narrow,P,PrA,O71.00,end_of_pregnancy
BirthNarrow,Birth classified as narrow,ICD10,O71.02,Rupture of uterus before onset of labor- second trimester,"","",narrow,P,PrA,O71.02,end_of_pregnancy
BirthNarrow,Birth classified as narrow,ICD10,O71.03,Rupture of uterus before onset of labor- third trimester,"","",narrow,P,PrA,O71.03,end_of_pregnancy
BirthNarrow,Birth classified as narrow,ICD10,O71.1,Rupture of uterus during labor,"","",narrow,P,PrA,O71.1,end_of_pregnancy
BirthNarrow,Birth classified as narrow,ICD10,O71.3,Obstetric laceration of cervix,"","",narrow,P,PrA,O71.3,end_of_pregnancy
BirthNarrow,Birth classified as narrow,ICD10,O71.3,Obstetric laceration of cervix,C0157358,Laceration of cervix - obstetric,narrow,P,PrA,O71.3,end_of_pregnancy
BirthNarrow,Birth classified as narrow,ICD10,O71.4,Obstetric high vaginal laceration alone - Obstetric high vaginal laceration,"","",narrow,P,PrA,O71.4,end_of_pregnancy
BirthNarrow,Birth classified as narrow,ICD10,O71.5,Other obstetric injury to pelvic organs,"","",narrow,P,PrA,O71.5,end_of_pregnancy
BirthNarrow,Birth classified as narrow,ICD10,O71.6,Obstetric damage to pelvic joints and ligaments,"","",narrow,P,PrA,O71.6,end_of_pregnancy
BirthNarrow,Birth classified as narrow,ICD10,O71.7,Obstetric haematoma of pelvis,C0269895,Pelvic hematoma during delivery,narrow,P,PrA,O71.7,end_of_pregnancy
BirthNarrow,Birth classified as narrow,ICD10,O71.8,Other specified obstetric trauma,"","",narrow,P,PrA,O71.8,end_of_pregnancy
BirthNarrow,Birth classified as narrow,ICD10,O71.81,Laceration of uterus- not elsewhere classified,"","",narrow,P,PrA,O71.81,end_of_pregnancy
BirthNarrow,Birth classified as narrow,ICD10,O71.82,Other specified trauma to perineum and vulva,"","",narrow,P,PrA,O71.82,end_of_pregnancy
BirthNarrow,Birth classified as narrow,ICD10,O71.89,Other specified obstetric trauma,"","",narrow,P,PrA,O71.89,end_of_pregnancy
BirthNarrow,Birth classified as narrow,ICD10,O71.9,Obstetric trauma- unspecified,"","",narrow,P,PrA,O71.9,end_of_pregnancy
BirthNarrow,Birth classified as narrow,ICD10,O73,Retained placenta and membranes- without haemorrhage,C0157404,Retained placenta or membranes- without haemorrhage,narrow,P,PrA,O73,end_of_pregnancy
BirthNarrow,Birth classified as narrow,ICD10,O73.0,Retained placenta without haemorrhage,C0269905,Retained placenta- without hemorrhage,narrow,P,PrA,O73.0,end_of_pregnancy
BirthNarrow,Birth classified as narrow,ICD10,O73.1,Retained portions of placenta and membranes- without haemorrhage,C0157408,Retained portions of placenta AND-OR membranes without hemorrhage,narrow,P,PrA,O73.1,end_of_pregnancy
BirthNarrow,Birth classified as narrow,ICD10,O74.0,Aspiration pneumonitis due to anaesthesia during labor and delivery - Aspiration pneumonitis due to anesthesia during labor and delivery,"","",narrow,P,PrA,O74.0,end_of_pregnancy
BirthNarrow,Birth classified as narrow,ICD10,O74.1,Other pulmonary complications of anesthesia during labor and delivery - Other pulmonary complications of anaesthesia during labor and delivery,"","",narrow,P,PrA,O74.1,end_of_pregnancy
BirthNarrow,Birth classified as narrow,ICD10,O74.2,Cardiac complications of anesthesia during labor and delivery - Cardiac complications of anaesthesia during labor and delivery,"","",narrow,P,PrA,O74.2,end_of_pregnancy
BirthNarrow,Birth classified as narrow,ICD10,O74.3,Central nervous system complications of anaesthesia during labor and delivery - Central nervous system complications of anesthesia during labor and delivery,"","",narrow,P,PrA,O74.3,end_of_pregnancy
BirthNarrow,Birth classified as narrow,ICD10,O74.4,Toxic reaction to local anesthesia during labor and delivery - Toxic reaction to local anaesthesia during labor and delivery,"","",narrow,P,PrA,O74.4,end_of_pregnancy
BirthNarrow,Birth classified as narrow,ICD10,O74.5,Spinal and epidural anaesthesia-induced headache during labor and delivery - Spinal and epidural anesthesia-induced headache during labor and delivery,"","",narrow,P,PrA,O74.5,end_of_pregnancy
BirthNarrow,Birth classified as narrow,ICD10,O74.6,Other complications of spinal and epidural anesthesia during labor and delivery - Other complications of spinal and epidural anaesthesia during labor and delivery,"","",narrow,P,PrA,O74.6,end_of_pregnancy
BirthNarrow,Birth classified as narrow,ICD10,O74.7,Failed or difficult intubation during labor and delivery - Failed or difficult intubation for anesthesia during labor and delivery,"","",possible,P,PrA,O74.7,end_of_pregnancy
BirthNarrow,Birth classified as narrow,ICD10,O74.8,Other complications of anaesthesia during labor and delivery - Other complications of anesthesia during labor and delivery,"","",narrow,P,PrA,O74.8,end_of_pregnancy
BirthNarrow,Birth classified as narrow,ICD10,O74.9,Complication of anesthesia during labor and delivery- unspecified - Complication of anaesthesia during labor and delivery- unspecified,"","",narrow,P,PrA,O74.9,end_of_pregnancy
BirthNarrow,Birth classified as narrow,ICD10,O75.0,Maternal distress during labor and delivery,"","",narrow,P,PrA,O75.0,end_of_pregnancy
BirthNarrow,Birth classified as narrow,ICD10,O75.1,Shock during or following labour and delivery,C0157450,Shock during AND-OR following labor AND-OR delivery,narrow,P,PrA,O75.1,end_of_pregnancy
BirthNarrow,Birth classified as narrow,ICD10,O75.2,Pyrexia during labor- not elsewhere classified,"","",narrow,P,PrA,O75.2,end_of_pregnancy
BirthNarrow,Birth classified as narrow,ICD10,O75.3,Other infection during labor,"","",narrow,P,PrA,O75.3,end_of_pregnancy
BirthNarrow,Birth classified as narrow,ICD10,O75.4,Other complications of obstetric surgery and procedures,"","",narrow,P,PrA,O75.4,end_of_pregnancy
BirthNarrow,Birth classified as narrow,ICD10,O75.5,Delayed delivery after artificial rupture of membranes,"","",narrow,P,PrA,O75.5,end_of_pregnancy
BirthNarrow,Birth classified as narrow,ICD10,O75.6,Delayed delivery after spontaneous or unspecified rupture of membranes,"","",narrow,P,PrA,O75.6,end_of_pregnancy
BirthNarrow,Birth classified as narrow,ICD10,O75.7,Vaginal delivery following previous caesarean section,"","",narrow,P,PrA,O75.7,end_of_pregnancy
BirthNarrow,Birth classified as narrow,ICD10,O75.8,Other specified complications of labor and delivery,"","",narrow,P,PrA,O75.8,end_of_pregnancy
BirthNarrow,Birth classified as narrow,ICD10,O75.81,Maternal exhaustion complicating labor and delivery,"","",narrow,P,PrA,O75.81,end_of_pregnancy
BirthNarrow,Birth classified as narrow,ICD10,O75.82,Onset (spontaneous) of labor after 37 completed weeks of gestation but before 39 completed weeks gestation- with delivery by (planned) cesarean section,"","",narrow,P,PrA,O75.82,end_of_pregnancy
BirthNarrow,Birth classified as narrow,ICD10,O75.89,Other specified complications of labor and delivery,"","",narrow,P,PrA,O75.89,end_of_pregnancy
BirthNarrow,Birth classified as narrow,ICD10,O75.9,Complication of labour and delivery- unspecified,C0269815,Complication of labor and delivery- unspecified,narrow,P,PrA,O75.9,end_of_pregnancy
BirthNarrow,Birth classified as narrow,ICD10,O77.0,Labor and delivery complicated by meconium in amniotic fluid,"","",narrow,P,PrA,O77.0,end_of_pregnancy
BirthNarrow,Birth classified as narrow,ICD10,O77.1,Fetal stress in labor or delivery due to drug administration,"","",narrow,P,PrA,O77.1,end_of_pregnancy
BirthNarrow,Birth classified as narrow,ICD10,O77.8,Labor and delivery complicated by other evidence of fetal stress,"","",narrow,P,PrA,O77.8,end_of_pregnancy
BirthNarrow,Birth classified as narrow,ICD10,O77.9,Labor and delivery complicated by fetal stress- unspecified,"","",narrow,P,PrA,O77.9,end_of_pregnancy
BirthNarrow,Birth classified as narrow,ICD10,O82.0,Delivery by elective caesarean section,"","",narrow,P,PrA,O82.0,end_of_pregnancy
BirthNarrow,Birth classified as narrow,ICD10,O82.1,Delivery by emergency caesarean section,"","",narrow,P,PrA,O82.1,end_of_pregnancy
BirthNarrow,Birth classified as narrow,ICD10,O82.2,Delivery by caesarean hysterectomy,"","",narrow,P,PrA,O82.2,end_of_pregnancy
BirthNarrow,Birth classified as narrow,ICD10,O82.8,Other single delivery by caesarean section,"","",narrow,P,PrA,O82.8,end_of_pregnancy
BirthNarrow,Birth classified as narrow,ICD10,O82.9,Delivery by caesarean section- unspecified,"","",narrow,P,PrA,O82.9,end_of_pregnancy
BirthNarrow,Birth classified as narrow,ICD10,O82.9,Delivery by caesarean section- unspecified,C0007876,Cesarean section,narrow,P,PrA,O82.9,end_of_pregnancy
BirthNarrow,Birth classified as narrow,ICD10,Z33.8,Planned birth,"","",narrow,P,PrA,Z33.8,end_of_pregnancy
BirthNarrow,Birth classified as narrow,ICD10,Z37.0,Single live birth,C1313895,Encounter due to single live birth,narrow,P,PrA,Z37.0,end_of_pregnancy
BirthNarrow,Birth classified as narrow,ICD10,Z37.2,Twins- both liveborn,C0481459,Encounter due to birth of twins- both live born,narrow,P,PrA,Z37.2,end_of_pregnancy
BirthNarrow,Birth classified as narrow,ICD10,Z37.60,Multiple births- unspecified- some liveborn,"","",narrow,P,PrA,Z37.60,end_of_pregnancy
BirthNarrow,Birth classified as narrow,ICD10,Z37.61,Triplets- some liveborn,"","",narrow,P,PrA,Z37.61,end_of_pregnancy
BirthNarrow,Birth classified as narrow,ICD10,Z37.62,Quadruplets- some liveborn,"","",narrow,P,PrA,Z37.62,end_of_pregnancy
BirthNarrow,Birth classified as narrow,ICD10,Z37.63,Quintuplets- some liveborn,"","",narrow,P,PrA,Z37.63,end_of_pregnancy
BirthNarrow,Birth classified as narrow,ICD10,Z37.64,Sextuplets- some liveborn,"","",narrow,P,PrA,Z37.64,end_of_pregnancy
BirthNarrow,Birth classified as narrow,ICD10,Z37.69,Other multiple births- some liveborn,"","",narrow,P,PrA,Z37.69,end_of_pregnancy
BirthNarrow,Birth classified as narrow,ICD10CM,O32.1,Maternal care for breech presentation,C0495202,"",narrow,P,PrA,O32.1,end_of_pregnancy
BirthNarrow,Birth classified as narrow,ICD10CM,O32.3,Maternal care for face- brow and chin presentation,C0495204,Maternal care for face- brow and chin presentation,narrow,P,PrA,O32.3,end_of_pregnancy
BirthNarrow,Birth classified as narrow,ICD10CM,O32.3XX0,Maternal care for face- brow and chin presentation- not applicable or unspecified,"","",narrow,P,PrA,O32.3XX0,end_of_pregnancy
BirthNarrow,Birth classified as narrow,ICD10CM,O32.3XX1,Maternal care for face- brow and chin presentation- fetus 1,"","",narrow,P,PrA,O32.3XX1,end_of_pregnancy
BirthNarrow,Birth classified as narrow,ICD10CM,O32.3XX2,Maternal care for face- brow and chin presentation- fetus 2,"","",narrow,P,PrA,O32.3XX2,end_of_pregnancy
BirthNarrow,Birth classified as narrow,ICD10CM,O32.3XX3,Maternal care for face- brow and chin presentation- fetus 3,"","",narrow,P,PrA,O32.3XX3,end_of_pregnancy
BirthNarrow,Birth classified as narrow,ICD10CM,O32.3XX4,Maternal care for face- brow and chin presentation- fetus 4,"","",narrow,P,PrA,O32.3XX4,end_of_pregnancy
BirthNarrow,Birth classified as narrow,ICD10CM,O32.3XX5,Maternal care for face- brow and chin presentation- fetus 5,"","",narrow,P,PrA,O32.3XX5,end_of_pregnancy
BirthNarrow,Birth classified as narrow,ICD10CM,O32.3XX9,Maternal care for face- brow and chin presentation- other fetus,"","",narrow,P,PrA,O32.3XX9,end_of_pregnancy
BirthNarrow,Birth classified as narrow,ICD10CM,O42.0,Premature ROM- onset of labor within 24 hours of rupture,C0495245,Prem rupture of membranes onset of labor within 24 hours,narrow,P,PrA,O42.0,end_of_pregnancy
BirthNarrow,Birth classified as narrow,ICD10CM,O42.00,Premature rupture of membranes- onset of labor within 24 hours of rupture- unspecified weeks of gestation,C0495245,Prem rupture of membranes onset of labor within 24 hours,narrow,P,PrA,O42.00,end_of_pregnancy
BirthNarrow,Birth classified as narrow,ICD10CM,O42.01,Preterm premature rupture of membranes- onset of labor within 24 hours of rupture,"","",narrow,P,PrA,O42.01,end_of_pregnancy
BirthNarrow,Birth classified as narrow,ICD10CM,O42.02,Full-term premature rupture of membranes- onset of labor within 24 hours of rupture,"","",narrow,P,PrA,O42.02,end_of_pregnancy
BirthNarrow,Birth classified as narrow,ICD10CM,O42.1,Premature rupture of membranes- onset of labor after 24 hours - Premature rupture of membranes- onset of labor more than 24 hours following rupture,"","",narrow,P,PrA,O42.1,end_of_pregnancy
BirthNarrow,Birth classified as narrow,ICD10CM,O42.10,Premature rupture of membranes- onset of labor more than 24 hours following rupture- unspecified weeks of gestation,"","",narrow,P,PrA,O42.10,end_of_pregnancy
BirthNarrow,Birth classified as narrow,ICD10CM,O42.11,Preterm premature rupture of membranes- onset of labor more than 24 hours following rupture,"","",narrow,P,PrA,O42.11,end_of_pregnancy
BirthNarrow,Birth classified as narrow,ICD10CM,O42.12,Full-term premature rupture of membranes- onset of labor more than 24 hours following rupture,"","",narrow,P,PrA,O42.12,end_of_pregnancy
BirthNarrow,Birth classified as narrow,ICD10CM,O42.2,Premature rupture of membranes- labor delayed by therapy,"","",narrow,P,PrA,O42.2,end_of_pregnancy
BirthNarrow,Birth classified as narrow,ICD10CM,O42.9,Premature rupture of membranes- unspecified,C0015944,Fetal Membranes- Premature Rupture,narrow,P,PrA,O42.9,end_of_pregnancy
BirthNarrow,Birth classified as narrow,ICD10CM,O42.90,Premature rupture of membranes- unspecified as to length of time between rupture and onset of labor- unspecified weeks of gestation,"","",narrow,P,PrA,O42.90,end_of_pregnancy
BirthNarrow,Birth classified as narrow,ICD10CM,O42.91,Preterm premature rupture of membranes- unspecified as to length of time between rupture and onset of labor,"","",narrow,P,PrA,O42.91,end_of_pregnancy
BirthNarrow,Birth classified as narrow,ICD10CM,O42.92,Full-term premature rupture of membranes- unspecified as to length of time between rupture and onset of labor,"","",narrow,P,PrA,O42.92,end_of_pregnancy
BirthNarrow,Birth classified as narrow,ICD10CM,O60.1,Preterm labor with preterm delivery,"","",narrow,P,PrA,O60.1,end_of_pregnancy
BirthNarrow,Birth classified as narrow,ICD10CM,O60.10,Preterm labor with preterm delivery- unspecified trimester,"","",narrow,P,PrA,O60.10,end_of_pregnancy
BirthNarrow,Birth classified as narrow,ICD10CM,O60.12,Preterm labor second trimester with preterm delivery second trimester,"","",narrow,P,PrA,O60.12,end_of_pregnancy
BirthNarrow,Birth classified as narrow,ICD10CM,O60.13,Preterm labor second trimester with preterm delivery third trimester,"","",narrow,P,PrA,O60.13,end_of_pregnancy
BirthNarrow,Birth classified as narrow,ICD10CM,O60.14,Preterm labor third trimester with preterm delivery third trimester,"","",narrow,P,PrA,O60.14,end_of_pregnancy
BirthNarrow,Birth classified as narrow,ICD10CM,O60.2,Term delivery with preterm labor,"","",narrow,P,PrA,O60.2,end_of_pregnancy
BirthNarrow,Birth classified as narrow,ICD10CM,O60.20,Term delivery with preterm labor- unspecified trimester,"","",narrow,P,PrA,O60.20,end_of_pregnancy
BirthNarrow,Birth classified as narrow,ICD10CM,O60.22,Term delivery with preterm labor- second trimester,"","",narrow,P,PrA,O60.22,end_of_pregnancy
BirthNarrow,Birth classified as narrow,ICD10CM,O60.23,Term delivery with preterm labor- third trimester,"","",narrow,P,PrA,O60.23,end_of_pregnancy
BirthNarrow,Birth classified as narrow,ICD10CM,O60.3,Preterm delivery without spontaneous labor,"","",narrow,P,PrA,O60.3,end_of_pregnancy
BirthNarrow,Birth classified as narrow,ICD10CM,O61,Failed induction of labor,C0269806,Failed induction of labor,possible,P,PrA,O61,end_of_pregnancy
BirthNarrow,Birth classified as narrow,ICD10CM,O61.0,Failed medical induction of labor,C0269808,Failed medical induction of labor,possible,P,PrA,O61.0,end_of_pregnancy
BirthNarrow,Birth classified as narrow,ICD10CM,O61.1,Failed instrumental induction of labor,"","",possible,P,PrA,O61.1,end_of_pregnancy
BirthNarrow,Birth classified as narrow,ICD10CM,O61.8,Other failed induction of labor,"","",possible,P,PrA,O61.8,end_of_pregnancy
BirthNarrow,Birth classified as narrow,ICD10CM,O61.9,Failed induction of labor- unspecified,C0269806,Failed induction of labor,possible,P,PrA,O61.9,end_of_pregnancy
BirthNarrow,Birth classified as narrow,ICD10CM,O62.0,Primary inadequate contractions,C0152159,Hypotonic uterine inertia,narrow,P,PrA,O62.0,end_of_pregnancy
BirthNarrow,Birth classified as narrow,ICD10CM,O62.1,Secondary uterine inertia,C0405169,Secondary uterine inertia,narrow,P,PrA,O62.1,end_of_pregnancy
BirthNarrow,Birth classified as narrow,ICD10CM,O62.2,Other uterine inertia,"","",narrow,P,PrA,O62.2,end_of_pregnancy
BirthNarrow,Birth classified as narrow,ICD10CM,O62.3,Precipitate labor,"","",narrow,P,PrA,O62.3,end_of_pregnancy
BirthNarrow,Birth classified as narrow,ICD10CM,O62.4,Hypertonic- incoordinate- and prolonged uterine contractions,"","",narrow,P,PrA,O62.4,end_of_pregnancy
BirthNarrow,Birth classified as narrow,ICD10CM,O62.8,Other abnormalities of forces of labor,"","",narrow,P,PrA,O62.8,end_of_pregnancy
BirthNarrow,Birth classified as narrow,ICD10CM,O62.9,Abnormality of forces of labor- unspecified,"","",narrow,P,PrA,O62.9,end_of_pregnancy
BirthNarrow,Birth classified as narrow,ICD10CM,O63.0,Prolonged first stage (of labor),"","",narrow,P,PrA,O63.0,end_of_pregnancy
BirthNarrow,Birth classified as narrow,ICD10CM,O63.1,Prolonged second stage (of labor),"","",narrow,P,PrA,O63.1,end_of_pregnancy
BirthNarrow,Birth classified as narrow,ICD10CM,O63.2,Delayed delivery of second twin- triplet- etc.,"","",narrow,P,PrA,O63.2,end_of_pregnancy
BirthNarrow,Birth classified as narrow,ICD10CM,O63.9,Long labor- unspecified,"","",narrow,P,PrA,O63.9,end_of_pregnancy
BirthNarrow,Birth classified as narrow,ICD10CM,O64.0,Obstructed labor due to incomplete rotation of fetal head,"","",narrow,P,PrA,O64.0,end_of_pregnancy
BirthNarrow,Birth classified as narrow,ICD10CM,O64.1,Obstructed labor due to breech presentation,"","",narrow,P,PrA,O64.1,end_of_pregnancy
BirthNarrow,Birth classified as narrow,ICD10CM,O64.2,Obstructed labor due to face presentation,C0475557,Obstructed labor due to face presentation,narrow,P,PrA,O64.2,end_of_pregnancy
BirthNarrow,Birth classified as narrow,ICD10CM,O64.2XX0,Obstructed labor due to face presentation- not applicable or unspecified,"","",narrow,P,PrA,O64.2XX0,end_of_pregnancy
BirthNarrow,Birth classified as narrow,ICD10CM,O64.2XX1,Obstructed labor due to face presentation- fetus 1,"","",narrow,P,PrA,O64.2XX1,end_of_pregnancy
BirthNarrow,Birth classified as narrow,ICD10CM,O64.2XX2,Obstructed labor due to face presentation- fetus 2,"","",narrow,P,PrA,O64.2XX2,end_of_pregnancy
BirthNarrow,Birth classified as narrow,ICD10CM,O64.2XX3,Obstructed labor due to face presentation- fetus 3,"","",narrow,P,PrA,O64.2XX3,end_of_pregnancy
BirthNarrow,Birth classified as narrow,ICD10CM,O64.2XX4,Obstructed labor due to face presentation- fetus 4,"","",narrow,P,PrA,O64.2XX4,end_of_pregnancy
BirthNarrow,Birth classified as narrow,ICD10CM,O64.2XX5,Obstructed labor due to face presentation- fetus 5,"","",narrow,P,PrA,O64.2XX5,end_of_pregnancy
BirthNarrow,Birth classified as narrow,ICD10CM,O64.2XX9,Obstructed labor due to face presentation- other fetus,"","",narrow,P,PrA,O64.2XX9,end_of_pregnancy
BirthNarrow,Birth classified as narrow,ICD10CM,O64.3,Obstructed labor due to brow presentation,"","",narrow,P,PrA,O64.3,end_of_pregnancy
BirthNarrow,Birth classified as narrow,ICD10CM,O64.4,Obstructed labor due to shoulder presentation,"","",narrow,P,PrA,O64.4,end_of_pregnancy
BirthNarrow,Birth classified as narrow,ICD10CM,O64.5,Obstructed labor due to compound presentation,"","",narrow,P,PrA,O64.5,end_of_pregnancy
BirthNarrow,Birth classified as narrow,ICD10CM,O64.8,Obstructed labor due to other malposition and malpresentation,"","",narrow,P,PrA,O64.8,end_of_pregnancy
BirthNarrow,Birth classified as narrow,ICD10CM,O64.9,Obstructed labor due to malposition and malpresentation- unspecified,"","",narrow,P,PrA,O64.9,end_of_pregnancy
BirthNarrow,Birth classified as narrow,ICD10CM,O65.0,Obstructed labor due to deformed pelvis,"","",narrow,P,PrA,O65.0,end_of_pregnancy
BirthNarrow,Birth classified as narrow,ICD10CM,O65.1,Obstructed labor due to generally contracted pelvis,"","",narrow,P,PrA,O65.1,end_of_pregnancy
BirthNarrow,Birth classified as narrow,ICD10CM,O65.2,Obstructed labor due to pelvic inlet contraction,"","",narrow,P,PrA,O65.2,end_of_pregnancy
BirthNarrow,Birth classified as narrow,ICD10CM,O65.3,Obstructed labor due to pelvic outlet and mid-cavity contraction,"","",narrow,P,PrA,O65.3,end_of_pregnancy
BirthNarrow,Birth classified as narrow,ICD10CM,O65.4,Obstructed labor due to fetopelvic disproportion- unspecified,"","",narrow,P,PrA,O65.4,end_of_pregnancy
BirthNarrow,Birth classified as narrow,ICD10CM,O65.5,Obstructed labor due to abnormality of maternal pelvic organs,"","",narrow,P,PrA,O65.5,end_of_pregnancy
BirthNarrow,Birth classified as narrow,ICD10CM,O65.8,Obstructed labor due to other maternal pelvic abnormalities,"","",narrow,P,PrA,O65.8,end_of_pregnancy
BirthNarrow,Birth classified as narrow,ICD10CM,O65.9,Obstructed labor due to maternal pelvic abnormality- unspecified,"","",narrow,P,PrA,O65.9,end_of_pregnancy
BirthNarrow,Birth classified as narrow,ICD10CM,O66.0,Obstructed labor due to shoulder dystocia,"","",narrow,P,PrA,O66.0,end_of_pregnancy
BirthNarrow,Birth classified as narrow,ICD10CM,O66.1,Obstructed labor due to locked twins,"","",narrow,P,PrA,O66.1,end_of_pregnancy
BirthNarrow,Birth classified as narrow,ICD10CM,O66.2,Obstructed labor due to unusually large fetus,"","",narrow,P,PrA,O66.2,end_of_pregnancy
BirthNarrow,Birth classified as narrow,ICD10CM,O66.3,Obstructed labor due to other abnormalities of fetus,"","",narrow,P,PrA,O66.3,end_of_pregnancy
BirthNarrow,Birth classified as narrow,ICD10CM,O66.4,Failed trial of labor,C0157223,Failed trial of labor,possible,P,PrA,O66.4,end_of_pregnancy
BirthNarrow,Birth classified as narrow,ICD10CM,O66.4,Failed trial of labor- unspecified - Failed trial of labor,"","",possible,P,PrA,O66.4,end_of_pregnancy
BirthNarrow,Birth classified as narrow,ICD10CM,O66.40,Failed trial of labor- unspecified,"","",possible,P,PrA,O66.40,end_of_pregnancy
BirthNarrow,Birth classified as narrow,ICD10CM,O66.40,Failed trial of labor- unspecified,C0157223,Failed trial of labor,possible,P,PrA,O66.40,end_of_pregnancy
BirthNarrow,Birth classified as narrow,ICD10CM,O66.41,Failed attempted vaginal birth after previous cesarean delivery,"","",possible,P,PrA,O66.41,end_of_pregnancy
BirthNarrow,Birth classified as narrow,ICD10CM,O66.5,Failed application of vacuum extractor and forceps- unspecified - Attempted application of vacuum extractor and forceps,"","",possible,P,PrA,O66.5,end_of_pregnancy
BirthNarrow,Birth classified as narrow,ICD10CM,O66.6,Obstructed labor due to other multiple fetuses,"","",narrow,P,PrA,O66.6,end_of_pregnancy
BirthNarrow,Birth classified as narrow,ICD10CM,O66.8,Other specified obstructed labor,"","",narrow,P,PrA,O66.8,end_of_pregnancy
BirthNarrow,Birth classified as narrow,ICD10CM,O66.9,Obstructed labor- unspecified,"","",narrow,P,PrA,O66.9,end_of_pregnancy
BirthNarrow,Birth classified as narrow,ICD10CM,O67.0,Intrapartum haemorrhage with coagulation defect - Intrapartum hemorrhage with coagulation defect,"","",narrow,P,PrA,O67.0,end_of_pregnancy
BirthNarrow,Birth classified as narrow,ICD10CM,O67.8,Other intrapartum hemorrhage - Other intrapartum haemorrhage,"","",narrow,P,PrA,O67.8,end_of_pregnancy
BirthNarrow,Birth classified as narrow,ICD10CM,O67.9,Intrapartum hemorrhage- unspecified - Intrapartum haemorrhage- unspecified,"","",narrow,P,PrA,O67.9,end_of_pregnancy
BirthNarrow,Birth classified as narrow,ICD10CM,O68.0,Labour and delivery complicated by fetal heart rate anomaly,"","",narrow,P,PrA,O68.0,end_of_pregnancy
BirthNarrow,Birth classified as narrow,ICD10CM,O68.1,Labour and delivery complicated by meconium in amniotic fluid,"","",narrow,P,PrA,O68.1,end_of_pregnancy
BirthNarrow,Birth classified as narrow,ICD10CM,O68.2,Labour and delivery complicated by fetal heart rate anomaly with meconium in amniotic fluid,"","",narrow,P,PrA,O68.2,end_of_pregnancy
BirthNarrow,Birth classified as narrow,ICD10CM,O68.3,Labour and delivery complicated by biochemical evidence of fetal stress,"","",narrow,P,PrA,O68.3,end_of_pregnancy
BirthNarrow,Birth classified as narrow,ICD10CM,O68.8,Labour and delivery complicated by other evidence of fetal stress,"","",narrow,P,PrA,O68.8,end_of_pregnancy
BirthNarrow,Birth classified as narrow,ICD10CM,O68.9,Labour and delivery complicated by fetal stress- unspecified,"","",narrow,P,PrA,O68.9,end_of_pregnancy
BirthNarrow,Birth classified as narrow,ICD10CM,O69.0,Labour and delivery complicated by prolapse of cord - Labor and delivery complicated by prolapse of cord,"","",narrow,P,PrA,O69.0,end_of_pregnancy
BirthNarrow,Birth classified as narrow,ICD10CM,O69.1,Labour and delivery complicated by cord around neck- with compression - Labor and delivery complicated by cord around neck- with compression,"","",narrow,P,PrA,O69.1,end_of_pregnancy
BirthNarrow,Birth classified as narrow,ICD10CM,O69.2,Labor and delivery complicated by other cord entanglement- with compression - Labour and delivery complicated by other cord entanglement- with compression,"","",narrow,P,PrA,O69.2,end_of_pregnancy
BirthNarrow,Birth classified as narrow,ICD10CM,O69.3,Labor and delivery complicated by short cord - Labour and delivery complicated by short cord,"","",narrow,P,PrA,O69.3,end_of_pregnancy
BirthNarrow,Birth classified as narrow,ICD10CM,O69.4,Labour and delivery complicated by vasa praevia - Labor and delivery complicated by vasa previa,"","",narrow,P,PrA,O69.4,end_of_pregnancy
BirthNarrow,Birth classified as narrow,ICD10CM,O69.5,Labour and delivery complicated by vascular lesion of cord - Labor and delivery complicated by vascular lesion of cord,"","",narrow,P,PrA,O69.5,end_of_pregnancy
BirthNarrow,Birth classified as narrow,ICD10CM,O69.8,Labor and delivery complicated by other cord complications - Labour and delivery complicated by other cord complications,"","",narrow,P,PrA,O69.8,end_of_pregnancy
BirthNarrow,Birth classified as narrow,ICD10CM,O69.81,Labor and delivery complicated by cord around neck- without compression,"","",narrow,P,PrA,O69.81,end_of_pregnancy
BirthNarrow,Birth classified as narrow,ICD10CM,O69.82,Labor and delivery complicated by other cord entanglement- without compression,"","",narrow,P,PrA,O69.82,end_of_pregnancy
BirthNarrow,Birth classified as narrow,ICD10CM,O69.89,Labor and delivery complicated by other cord complications,"","",narrow,P,PrA,O69.89,end_of_pregnancy
BirthNarrow,Birth classified as narrow,ICD10CM,O69.9,Labour and delivery complicated by cord complication- unspecified - Labor and delivery complicated by cord complication- unspecified,"","",narrow,P,PrA,O69.9,end_of_pregnancy
BirthNarrow,Birth classified as narrow,ICD10CM,O70,Perineal laceration during delivery,C0269859,Obstetrical laceration,narrow,P,PrA,O70,end_of_pregnancy
BirthNarrow,Birth classified as narrow,ICD10CM,O70.0,First degree perineal laceration during delivery,"","",narrow,P,PrA,O70.0,end_of_pregnancy
BirthNarrow,Birth classified as narrow,ICD10CM,O70.1,Second degree perineal laceration during delivery,C0269870,Second degree perineal laceration,narrow,P,PrA,O70.1,end_of_pregnancy
BirthNarrow,Birth classified as narrow,ICD10CM,O70.2,Third degree perineal laceration during delivery,C0269874,Third degree perineal laceration,narrow,P,PrA,O70.2,end_of_pregnancy
BirthNarrow,Birth classified as narrow,ICD10CM,O70.20,Third degree perineal laceration during delivery- unspecified,"","",narrow,P,PrA,O70.20,end_of_pregnancy
BirthNarrow,Birth classified as narrow,ICD10CM,O70.21,Third degree perineal laceration during delivery- IIIa,"","",narrow,P,PrA,O70.21,end_of_pregnancy
BirthNarrow,Birth classified as narrow,ICD10CM,O70.22,Third degree perineal laceration during delivery- IIIb,"","",narrow,P,PrA,O70.22,end_of_pregnancy
BirthNarrow,Birth classified as narrow,ICD10CM,O70.23,Third degree perineal laceration during delivery- IIIc,"","",narrow,P,PrA,O70.23,end_of_pregnancy
BirthNarrow,Birth classified as narrow,ICD10CM,O70.3,Fourth degree perineal laceration during delivery,"","",narrow,P,PrA,O70.3,end_of_pregnancy
BirthNarrow,Birth classified as narrow,ICD10CM,O70.4,Anal sphincter tear complicating delivery- not associated with third degree laceration,"","",narrow,P,PrA,O70.4,end_of_pregnancy
BirthNarrow,Birth classified as narrow,ICD10CM,O70.9,Perineal laceration during delivery- unspecified,"","",narrow,P,PrA,O70.9,end_of_pregnancy
BirthNarrow,Birth classified as narrow,ICD10CM,O70.9,Perineal laceration during delivery- unspecified,C0269859,Obstetrical laceration,narrow,P,PrA,O70.9,end_of_pregnancy
BirthNarrow,Birth classified as narrow,ICD10CM,O71.0,Rupture of uterus (spontaneous) before onset of labor - Rupture of uterus before onset of labor,"","",narrow,P,PrA,O71.0,end_of_pregnancy
BirthNarrow,Birth classified as narrow,ICD10CM,O71.00,Rupture of uterus before onset of labor- unspecified trimester,"","",narrow,P,PrA,O71.00,end_of_pregnancy
BirthNarrow,Birth classified as narrow,ICD10CM,O71.02,Rupture of uterus before onset of labor- second trimester,"","",narrow,P,PrA,O71.02,end_of_pregnancy
BirthNarrow,Birth classified as narrow,ICD10CM,O71.03,Rupture of uterus before onset of labor- third trimester,"","",narrow,P,PrA,O71.03,end_of_pregnancy
BirthNarrow,Birth classified as narrow,ICD10CM,O71.1,Rupture of uterus during labor,"","",narrow,P,PrA,O71.1,end_of_pregnancy
BirthNarrow,Birth classified as narrow,ICD10CM,O71.3,Obstetric laceration of cervix,"","",narrow,P,PrA,O71.3,end_of_pregnancy
BirthNarrow,Birth classified as narrow,ICD10CM,O71.3,Obstetric laceration of cervix,C0157358,Laceration of cervix - obstetric,narrow,P,PrA,O71.3,end_of_pregnancy
BirthNarrow,Birth classified as narrow,ICD10CM,O71.4,Obstetric high vaginal laceration alone - Obstetric high vaginal laceration,"","",narrow,P,PrA,O71.4,end_of_pregnancy
BirthNarrow,Birth classified as narrow,ICD10CM,O71.5,Other obstetric injury to pelvic organs,"","",narrow,P,PrA,O71.5,end_of_pregnancy
BirthNarrow,Birth classified as narrow,ICD10CM,O71.6,Obstetric damage to pelvic joints and ligaments,"","",narrow,P,PrA,O71.6,end_of_pregnancy
BirthNarrow,Birth classified as narrow,ICD10CM,O71.7,Obstetric hematoma of pelvis,C0269895,Pelvic hematoma during delivery,narrow,P,PrA,O71.7,end_of_pregnancy
BirthNarrow,Birth classified as narrow,ICD10CM,O71.8,Other specified obstetric trauma,"","",narrow,P,PrA,O71.8,end_of_pregnancy
BirthNarrow,Birth classified as narrow,ICD10CM,O71.81,Laceration of uterus- not elsewhere classified,"","",narrow,P,PrA,O71.81,end_of_pregnancy
BirthNarrow,Birth classified as narrow,ICD10CM,O71.82,Other specified trauma to perineum and vulva,"","",narrow,P,PrA,O71.82,end_of_pregnancy
BirthNarrow,Birth classified as narrow,ICD10CM,O71.89,Other specified obstetric trauma,"","",narrow,P,PrA,O71.89,end_of_pregnancy
BirthNarrow,Birth classified as narrow,ICD10CM,O71.9,Obstetric trauma- unspecified,"","",narrow,P,PrA,O71.9,end_of_pregnancy
BirthNarrow,Birth classified as narrow,ICD10CM,O73,Retained placenta and membranes- without hemorrhage,C0157404,Retained placenta or membranes- without haemorrhage,narrow,P,PrA,O73,end_of_pregnancy
BirthNarrow,Birth classified as narrow,ICD10CM,O73.0,Retained placenta without hemorrhage,C0269905,Retained placenta- without hemorrhage,narrow,P,PrA,O73.0,end_of_pregnancy
BirthNarrow,Birth classified as narrow,ICD10CM,O73.1,Retained portions of placenta and membranes- without hemorrhage,C0157408,Retained portions of placenta AND-OR membranes without hemorrhage,narrow,P,PrA,O73.1,end_of_pregnancy
BirthNarrow,Birth classified as narrow,ICD10CM,O74.0,Aspiration pneumonitis due to anaesthesia during labor and delivery - Aspiration pneumonitis due to anesthesia during labor and delivery,"","",narrow,P,PrA,O74.0,end_of_pregnancy
BirthNarrow,Birth classified as narrow,ICD10CM,O74.1,Other pulmonary complications of anesthesia during labor and delivery - Other pulmonary complications of anaesthesia during labor and delivery,"","",narrow,P,PrA,O74.1,end_of_pregnancy
BirthNarrow,Birth classified as narrow,ICD10CM,O74.2,Cardiac complications of anesthesia during labor and delivery - Cardiac complications of anaesthesia during labor and delivery,"","",narrow,P,PrA,O74.2,end_of_pregnancy
BirthNarrow,Birth classified as narrow,ICD10CM,O74.3,Central nervous system complications of anaesthesia during labor and delivery - Central nervous system complications of anesthesia during labor and delivery,"","",narrow,P,PrA,O74.3,end_of_pregnancy
BirthNarrow,Birth classified as narrow,ICD10CM,O74.4,Toxic reaction to local anesthesia during labor and delivery - Toxic reaction to local anaesthesia during labor and delivery,"","",narrow,P,PrA,O74.4,end_of_pregnancy
BirthNarrow,Birth classified as narrow,ICD10CM,O74.5,Spinal and epidural anaesthesia-induced headache during labor and delivery - Spinal and epidural anesthesia-induced headache during labor and delivery,"","",narrow,P,PrA,O74.5,end_of_pregnancy
BirthNarrow,Birth classified as narrow,ICD10CM,O74.6,Other complications of spinal and epidural anesthesia during labor and delivery - Other complications of spinal and epidural anaesthesia during labor and delivery,"","",narrow,P,PrA,O74.6,end_of_pregnancy
BirthNarrow,Birth classified as narrow,ICD10CM,O74.7,Failed or difficult intubation during labor and delivery - Failed or difficult intubation for anesthesia during labor and delivery,"","",possible,P,PrA,O74.7,end_of_pregnancy
BirthNarrow,Birth classified as narrow,ICD10CM,O74.8,Other complications of anaesthesia during labor and delivery - Other complications of anesthesia during labor and delivery,"","",narrow,P,PrA,O74.8,end_of_pregnancy
BirthNarrow,Birth classified as narrow,ICD10CM,O74.9,Complication of anesthesia during labor and delivery- unspecified - Complication of anaesthesia during labor and delivery- unspecified,"","",narrow,P,PrA,O74.9,end_of_pregnancy
BirthNarrow,Birth classified as narrow,ICD10CM,O75.0,Maternal distress during labor and delivery,"","",narrow,P,PrA,O75.0,end_of_pregnancy
BirthNarrow,Birth classified as narrow,ICD10CM,O75.1,Shock during or following labor and delivery,C0157450,Shock during AND-OR following labor AND-OR delivery,narrow,P,PrA,O75.1,end_of_pregnancy
BirthNarrow,Birth classified as narrow,ICD10CM,O75.2,Pyrexia during labor- not elsewhere classified,"","",narrow,P,PrA,O75.2,end_of_pregnancy
BirthNarrow,Birth classified as narrow,ICD10CM,O75.3,Other infection during labor,"","",narrow,P,PrA,O75.3,end_of_pregnancy
BirthNarrow,Birth classified as narrow,ICD10CM,O75.4,Other complications of obstetric surgery and procedures,"","",narrow,P,PrA,O75.4,end_of_pregnancy
BirthNarrow,Birth classified as narrow,ICD10CM,O75.5,Delayed delivery after artificial rupture of membranes,"","",narrow,P,PrA,O75.5,end_of_pregnancy
BirthNarrow,Birth classified as narrow,ICD10CM,O75.6,Delayed delivery after spontaneous or unspecified rupture of membranes,"","",narrow,P,PrA,O75.6,end_of_pregnancy
BirthNarrow,Birth classified as narrow,ICD10CM,O75.7,Vaginal delivery following previous caesarean section,"","",narrow,P,PrA,O75.7,end_of_pregnancy
BirthNarrow,Birth classified as narrow,ICD10CM,O75.8,Other specified complications of labor and delivery,"","",narrow,P,PrA,O75.8,end_of_pregnancy
BirthNarrow,Birth classified as narrow,ICD10CM,O75.81,Maternal exhaustion complicating labor and delivery,"","",narrow,P,PrA,O75.81,end_of_pregnancy
BirthNarrow,Birth classified as narrow,ICD10CM,O75.82,Onset (spontaneous) of labor after 37 completed weeks of gestation but before 39 completed weeks gestation- with delivery by (planned) cesarean section,"","",narrow,P,PrA,O75.82,end_of_pregnancy
BirthNarrow,Birth classified as narrow,ICD10CM,O75.89,Other specified complications of labor and delivery,"","",narrow,P,PrA,O75.89,end_of_pregnancy
BirthNarrow,Birth classified as narrow,ICD10CM,O75.9,Complication of labor and delivery- unspecified,C0269815,Complication of labor and delivery- unspecified,narrow,P,PrA,O75.9,end_of_pregnancy
BirthNarrow,Birth classified as narrow,ICD10CM,O77.0,Labor and delivery complicated by meconium in amniotic fluid,"","",narrow,P,PrA,O77.0,end_of_pregnancy
BirthNarrow,Birth classified as narrow,ICD10CM,O77.1,Fetal stress in labor or delivery due to drug administration,"","",narrow,P,PrA,O77.1,end_of_pregnancy
BirthNarrow,Birth classified as narrow,ICD10CM,O77.8,Labor and delivery complicated by other evidence of fetal stress,"","",narrow,P,PrA,O77.8,end_of_pregnancy
BirthNarrow,Birth classified as narrow,ICD10CM,O77.9,Labor and delivery complicated by fetal stress- unspecified,"","",narrow,P,PrA,O77.9,end_of_pregnancy
BirthNarrow,Birth classified as narrow,ICD10CM,O82,Encounter for cesarean delivery without indication,C2909425,Encounter for cesarean delivery without indication,narrow,P,PrA,O82,end_of_pregnancy
BirthNarrow,Birth classified as narrow,ICD10CM,O82.0,Delivery by elective caesarean section,"","",narrow,P,PrA,O82.0,end_of_pregnancy
BirthNarrow,Birth classified as narrow,ICD10CM,O82.1,Delivery by emergency caesarean section,"","",narrow,P,PrA,O82.1,end_of_pregnancy
BirthNarrow,Birth classified as narrow,ICD10CM,O82.2,Delivery by caesarean hysterectomy,"","",narrow,P,PrA,O82.2,end_of_pregnancy
BirthNarrow,Birth classified as narrow,ICD10CM,O82.8,Other single delivery by caesarean section,"","",narrow,P,PrA,O82.8,end_of_pregnancy
BirthNarrow,Birth classified as narrow,ICD10CM,O82.9,Delivery by caesarean section- unspecified,"","",narrow,P,PrA,O82.9,end_of_pregnancy
BirthNarrow,Birth classified as narrow,ICD10CM,O90.1,Secondary perineal tear,C0269967,Secondary perineal tear in the puerperium,narrow,P,PrA,O90.1,end_of_pregnancy
BirthNarrow,Birth classified as narrow,ICD10CM,Z37.0,Single live birth,C1313895,Encounter due to single live birth,narrow,P,PrA,Z37.0,end_of_pregnancy
BirthNarrow,Birth classified as narrow,ICD10CM,Z37.2,Twins- both liveborn,C0481459,Encounter due to birth of twins- both live born,narrow,P,PrA,Z37.2,end_of_pregnancy
BirthNarrow,Birth classified as narrow,ICD10CM,Z37.3,Twins- one liveborn and one stillborn,"","",narrow,P,PrA,Z37.3,end_of_pregnancy
BirthNarrow,Birth classified as narrow,ICD10CM,Z37.5,Other multiple births- all liveborn,"","",narrow,P,PrA,Z37.5,end_of_pregnancy
BirthNarrow,Birth classified as narrow,ICD10CM,Z37.6,Other multiple births- some liveborn,"","",narrow,P,PrA,Z37.6,end_of_pregnancy
BirthNarrow,Birth classified as narrow,ICD10CM,Z37.60,Multiple births- unspecified- some liveborn,"","",narrow,P,PrA,Z37.60,end_of_pregnancy
BirthNarrow,Birth classified as narrow,ICD10CM,Z37.61,Triplets- some liveborn,"","",narrow,P,PrA,Z37.61,end_of_pregnancy
BirthNarrow,Birth classified as narrow,ICD10CM,Z37.62,Quadruplets- some liveborn,"","",narrow,P,PrA,Z37.62,end_of_pregnancy
BirthNarrow,Birth classified as narrow,ICD10CM,Z37.63,Quintuplets- some liveborn,"","",narrow,P,PrA,Z37.63,end_of_pregnancy
BirthNarrow,Birth classified as narrow,ICD10CM,Z37.64,Sextuplets- some liveborn,"","",narrow,P,PrA,Z37.64,end_of_pregnancy
BirthNarrow,Birth classified as narrow,ICD10CM,Z37.69,Other multiple births- some liveborn,"","",narrow,P,PrA,Z37.69,end_of_pregnancy
BirthNarrow,Birth classified as narrow,ICD9CM,640.01,Threatened abortion- delivered- with or without mention of antepartum condition,C0156606,"",narrow,P,PrA,640.01,end_of_pregnancy
BirthNarrow,Birth classified as narrow,ICD9CM,640.81,Other specified hemorrhage in early pregnancy- delivered- with or without mention of antepartum condition,C0156610,"",narrow,P,PrA,640.81,end_of_pregnancy
BirthNarrow,Birth classified as narrow,ICD9CM,640.91,Unspecified hemorrhage in early pregnancy- delivered- with or without mention of antepartum condition,C0156614,"",narrow,P,PrA,640.91,end_of_pregnancy
BirthNarrow,Birth classified as narrow,ICD9CM,641.01,Placenta previa without hemorrhage- delivered- with or without mention of antepartum condition,"","",narrow,P,PrA,641.01,end_of_pregnancy
BirthNarrow,Birth classified as narrow,ICD9CM,641.01,Placenta previa without hemorrhage- delivered- with or without mention of antepartum condition,C0156619,"",narrow,P,PrA,641.01,end_of_pregnancy
BirthNarrow,Birth classified as narrow,ICD9CM,641.11,Hemorrhage from placenta previa- delivered- with or without mention of antepartum condition,"","",narrow,P,PrA,641.11,end_of_pregnancy
BirthNarrow,Birth classified as narrow,ICD9CM,641.11,Hemorrhage from placenta previa- delivered- with or without mention of antepartum condition,C0156623,"",narrow,P,PrA,641.11,end_of_pregnancy
BirthNarrow,Birth classified as narrow,ICD9CM,641.21,Premature separation of placenta- delivered- with or without mention of antepartum condition,"","",narrow,P,PrA,641.21,end_of_pregnancy
BirthNarrow,Birth classified as narrow,ICD9CM,641.21,Premature separation of placenta- delivered- with or without mention of antepartum condition,C0156626,"",narrow,P,PrA,641.21,end_of_pregnancy
BirthNarrow,Birth classified as narrow,ICD9CM,641.31,Antepartum hemorrhage associated with coagulation defects- delivered- with or without mention of antepartum condition,"","",narrow,P,PrA,641.31,end_of_pregnancy
BirthNarrow,Birth classified as narrow,ICD9CM,641.31,Antepartum hemorrhage associated with coagulation defects- delivered- with or without mention of antepartum condition,C0156630,"",narrow,P,PrA,641.31,end_of_pregnancy
BirthNarrow,Birth classified as narrow,ICD9CM,641.31,Antepartum hemorrhage associated with coagulation defects- delivered- with or without mention of antepartum condition,C0156630,Antepartum hemorrhage associated with coagulation defects- delivered- with or without mention of antepartum condition,narrow,P,PrA,641.31,end_of_pregnancy
BirthNarrow,Birth classified as narrow,ICD9CM,641.81,Other antepartum hemorrhage- delivered- with or without mention of antepartum condition,"","",narrow,P,PrA,641.81,end_of_pregnancy
BirthNarrow,Birth classified as narrow,ICD9CM,641.81,Other antepartum hemorrhage- delivered- with or without mention of antepartum condition,C0156634,Other antepartum hemorrhage- delivered- with or without mention of antepartum condition,narrow,P,PrA,641.81,end_of_pregnancy
BirthNarrow,Birth classified as narrow,ICD9CM,641.91,Unspecified antepartum hemorrhage- delivered- with or without mention of antepartum condition,"","",narrow,P,PrA,641.91,end_of_pregnancy
BirthNarrow,Birth classified as narrow,ICD9CM,642.21,Other pre-existing hypertension- complicating pregnancy- childbirth- and the puerperium- delivered- with or without mention of antepartum condition,C0156655,Other pre-existing hypertension- complicating pregnancy- childbirth- and the puerperium- delivered- with or without mention of antepartum condition,narrow,P,PrA,642.21,end_of_pregnancy
BirthNarrow,Birth classified as narrow,ICD9CM,642.31,Transient hypertension of pregnancy- delivered - with or without mention of antepartum condition,C0156660,"",narrow,P,PrA,642.31,end_of_pregnancy
BirthNarrow,Birth classified as narrow,ICD9CM,642.32,Transient hypertension of pregnancy- delivered- with mention of postpartum complication,C0156661,"",narrow,P,PrA,642.32,end_of_pregnancy
BirthNarrow,Birth classified as narrow,ICD9CM,642.32,Transient hypertension of pregnancy- delivered- with mention of postpartum complication,C0156661,Transient hypertension of pregnancy- delivered- with mention of postpartum complication,narrow,P,PrA,642.32,end_of_pregnancy
BirthNarrow,Birth classified as narrow,ICD9CM,642.41,Mild or unspecified pre-eclampsia- delivered- with or without mention of antepartum condition,"","",narrow,P,PrA,642.41,end_of_pregnancy
BirthNarrow,Birth classified as narrow,ICD9CM,642.41,Mild or unspecified pre-eclampsia- delivered- with or without mention of antepartum condition,C0156665,"",narrow,P,PrA,642.41,end_of_pregnancy
BirthNarrow,Birth classified as narrow,ICD9CM,642.42,Mild or unspecified pre-eclampsia- delivered- with mention of postpartum complication,"","",narrow,P,PrA,642.42,end_of_pregnancy
BirthNarrow,Birth classified as narrow,ICD9CM,642.42,Mild or unspecified pre-eclampsia- delivered- with mention of postpartum complication,C0156666,"",narrow,P,PrA,642.42,end_of_pregnancy
BirthNarrow,Birth classified as narrow,ICD9CM,642.50,Severe pre-eclampsia- unspecified as to episode of care or not applicable,C0156669,Severe pre-eclampsia- unspecified as to episode of care or not applicable,narrow,P,PrA,642.50,end_of_pregnancy
BirthNarrow,Birth classified as narrow,ICD9CM,642.51,Severe pre-eclampsia- delivered- with or without mention of antepartum condition,"","",narrow,P,PrA,642.51,end_of_pregnancy
BirthNarrow,Birth classified as narrow,ICD9CM,642.51,Severe pre-eclampsia- delivered- with or without mention of antepartum condition,C0156670,"",narrow,P,PrA,642.51,end_of_pregnancy
BirthNarrow,Birth classified as narrow,ICD9CM,642.51,Severe pre-eclampsia- delivered- with or without mention of antepartum condition,C0156670,Severe pre-eclampsia- delivered- with or without mention of antepartum condition,narrow,P,PrA,642.51,end_of_pregnancy
BirthNarrow,Birth classified as narrow,ICD9CM,642.52,Severe pre-eclampsia- delivered- with mention of postpartum complication,"","",narrow,P,PrA,642.52,end_of_pregnancy
BirthNarrow,Birth classified as narrow,ICD9CM,642.52,Severe pre-eclampsia- delivered- with mention of postpartum complication,C0156671,"",narrow,P,PrA,642.52,end_of_pregnancy
BirthNarrow,Birth classified as narrow,ICD9CM,642.52,Severe pre-eclampsia- delivered- with mention of postpartum complication,C0156671,Severe pre-eclampsia- delivered- with mention of postpartum complication,narrow,P,PrA,642.52,end_of_pregnancy
BirthNarrow,Birth classified as narrow,ICD9CM,642.71,Pre-eclampsia or eclampsia superimposed on pre-existing hypertension- delivered- with or without mention of antepartum condition,"","",narrow,P,PrA,642.71,end_of_pregnancy
BirthNarrow,Birth classified as narrow,ICD9CM,642.71,Pre-eclampsia or eclampsia superimposed on pre-existing hypertension- delivered- with or without mention of antepartum condition,C0156681,Pre-eclampsia or eclampsia superimposed on pre-existing hypertension- delivered- with or without mention of antepartum condition,narrow,P,PrA,642.71,end_of_pregnancy
BirthNarrow,Birth classified as narrow,ICD9CM,642.72,Pre-eclampsia or eclampsia superimposed on pre-existing hypertension- delivered- with mention of postpartum complication,"","",narrow,P,PrA,642.72,end_of_pregnancy
BirthNarrow,Birth classified as narrow,ICD9CM,642.72,Pre-eclampsia or eclampsia superimposed on pre-existing hypertension- delivered- with mention of postpartum complication,C0156682,Pre-eclampsia or eclampsia superimposed on pre-existing hypertension- delivered- with mention of postpartum complication,narrow,P,PrA,642.72,end_of_pregnancy
BirthNarrow,Birth classified as narrow,ICD9CM,643.01,Mild hyperemesis gravidarum- delivered- with or without mention of antepartum condition,"","",narrow,P,PrA,643.01,end_of_pregnancy
BirthNarrow,Birth classified as narrow,ICD9CM,643.11,Hyperemesis gravidarum with metabolic disturbance- delivered- with or without mention of antepartum condition,"","",narrow,P,PrA,643.11,end_of_pregnancy
BirthNarrow,Birth classified as narrow,ICD9CM,643.21,Late vomiting of pregnancy- delivered- with or without mention of antepartum condition,"","",narrow,P,PrA,643.21,end_of_pregnancy
BirthNarrow,Birth classified as narrow,ICD9CM,643.81,Other vomiting complicating pregnancy- delivered- with or without mention of antepartum condition,"","",narrow,P,PrA,643.81,end_of_pregnancy
BirthNarrow,Birth classified as narrow,ICD9CM,643.91,Unspecified vomiting of pregnancy- delivered- with or without mention of antepartum condition,"","",narrow,P,PrA,643.91,end_of_pregnancy
BirthNarrow,Birth classified as narrow,ICD9CM,644.2,Early onset of delivery,"","",narrow,P,PrA,644.2,end_of_pregnancy
BirthNarrow,Birth classified as narrow,ICD9CM,644.20,Early onset of delivery- unspecified as to episode of care or not applicable,C0156718,Early onset of delivery- unspecified as to episode of care,narrow,P,PrA,644.20,end_of_pregnancy
BirthNarrow,Birth classified as narrow,ICD9CM,644.21,Early onset of delivery- delivered- with or without mention of antepartum condition,"","",narrow,P,PrA,644.21,end_of_pregnancy
BirthNarrow,Birth classified as narrow,ICD9CM,645.01,Prolonged pregnancy- delivered- with or without mention of antepartum condition,"","",narrow,P,PrA,645.01,end_of_pregnancy
BirthNarrow,Birth classified as narrow,ICD9CM,645.21,Prolonged pregnancy- delivered- with or without mention of antepartum condition,C1176347,Prolonged pregnancy- delivered- with or without mention of antepartum condition,narrow,P,PrA,645.21,end_of_pregnancy
BirthNarrow,Birth classified as narrow,ICD9CM,646.01,Papyraceous fetus- delivered- with or without mention of antepartum condition,"","",narrow,P,PrA,646.01,end_of_pregnancy
BirthNarrow,Birth classified as narrow,ICD9CM,646.01,Papyraceous fetus- delivered- with or without mention of antepartum condition,C0156726,Papyraceous fetus- delivered- with or without mention of antepartum condition,narrow,P,PrA,646.01,end_of_pregnancy
BirthNarrow,Birth classified as narrow,ICD9CM,646.11,Edema or excessive weight gain in pregnancy- without mention of hypertension- delivered- with or without mention of antepartum complication,"","",narrow,P,PrA,646.11,end_of_pregnancy
BirthNarrow,Birth classified as narrow,ICD9CM,646.11,Edema or excessive weight gain in pregnancy- without mention of hypertension- delivered- with or without mention of antepartum complication,C0156730,Edema or excessive weight gain in pregnancy- without mention of hypertension- delivered- with or without mention of antepartum complication,narrow,P,PrA,646.11,end_of_pregnancy
BirthNarrow,Birth classified as narrow,ICD9CM,646.12,Edema or excessive weight gain in pregnancy- without mention of hypertension- delivered- with mention of postpartum complication,"","",narrow,P,PrA,646.12,end_of_pregnancy
BirthNarrow,Birth classified as narrow,ICD9CM,646.21,Unspecified renal disease in pregnancy- without mention of hypertension- delivered- with or without mention of antepartum condition,"","",narrow,P,PrA,646.21,end_of_pregnancy
BirthNarrow,Birth classified as narrow,ICD9CM,646.22,Unspecified renal disease in pregnancy- without mention of hypertension- delivered- with mention of postpartum complication,"","",narrow,P,PrA,646.22,end_of_pregnancy
BirthNarrow,Birth classified as narrow,ICD9CM,646.31,Recurrent pregnancy loss- delivered- with or without mention of antepartum condition,"","",narrow,P,PrA,646.31,end_of_pregnancy
BirthNarrow,Birth classified as narrow,ICD9CM,646.41,Peripheral neuritis in pregnancy- delivered- with or without mention of antepartum condition,"","",narrow,P,PrA,646.41,end_of_pregnancy
BirthNarrow,Birth classified as narrow,ICD9CM,646.42,Peripheral neuritis in pregnancy- delivered- with mention of postpartum complication,"","",narrow,P,PrA,646.42,end_of_pregnancy
BirthNarrow,Birth classified as narrow,ICD9CM,646.51,Asymptomatic bacteriuria in pregnancy- delivered- with or without mention of antepartum condition,"","",narrow,P,PrA,646.51,end_of_pregnancy
BirthNarrow,Birth classified as narrow,ICD9CM,646.52,Asymptomatic bacteriuria in pregnancy- delivered- with mention of postpartum complication,"","",narrow,P,PrA,646.52,end_of_pregnancy
BirthNarrow,Birth classified as narrow,ICD9CM,646.61,Infections of genitourinary tract in pregnancy- delivered- with or without mention of antepartum condition,"","",narrow,P,PrA,646.61,end_of_pregnancy
BirthNarrow,Birth classified as narrow,ICD9CM,646.62,Infections of genitourinary tract in pregnancy- delivered- with mention of postpartum complication,"","",narrow,P,PrA,646.62,end_of_pregnancy
BirthNarrow,Birth classified as narrow,ICD9CM,646.71,Liver and biliary tract disorders in pregnancy- delivered- with or without mention of antepartum condition,"","",narrow,P,PrA,646.71,end_of_pregnancy
BirthNarrow,Birth classified as narrow,ICD9CM,646.80999999999995,Other specified complications of pregnancy- delivered- with or without mention of antepartum condition,"","",narrow,P,PrA,646.80999999999995,end_of_pregnancy
BirthNarrow,Birth classified as narrow,ICD9CM,646.82,Other specified complications of pregnancy- delivered- with mention of postpartum complication,"","",narrow,P,PrA,646.82,end_of_pregnancy
BirthNarrow,Birth classified as narrow,ICD9CM,646.91,Unspecified complication of pregnancy- delivered- with or without mention of antepartum condition,"","",narrow,P,PrA,646.91,end_of_pregnancy
BirthNarrow,Birth classified as narrow,ICD9CM,647.02,Syphilis of mother- complicating pregnancy- childbirth- or the puerperium- delivered- with mention of postpartum complication,C0156778,Syphilis of mother- complicating pregnancy- childbirth- or the puerperium- delivered- with mention of postpartum complication,narrow,P,PrA,647.02,end_of_pregnancy
BirthNarrow,Birth classified as narrow,ICD9CM,647.31,Tuberculosis of mother- complicating pregnancy- childbirth- or the puerperium- delivered- with or without mention of antepartum condition,C0156795,Tuberculosis of mother- complicating pregnancy- childbirth- or the puerperium- delivered- with or without mention of antepartum condition,narrow,P,PrA,647.31,end_of_pregnancy
BirthNarrow,Birth classified as narrow,ICD9CM,647.52,Rubella in the mother- delivered- with mention of postpartum complication,C0156808,Rubella in the mother- delivered- with mention of postpartum complication,narrow,P,PrA,647.52,end_of_pregnancy
BirthNarrow,Birth classified as narrow,ICD9CM,647.62,Other viral diseases in the mother- delivered- with mention of postpartum complication,C0156814,Other viral diseases in the mother- delivered- with mention of postpartum complication,narrow,P,PrA,647.62,end_of_pregnancy
BirthNarrow,Birth classified as narrow,ICD9CM,647.81,Other specified infectious and parasitic diseases of mother- delivered- with or without mention of antepartum condition,C0156819,Other specified infectious and parasitic diseases of mother- delivered- with or without mention of antepartum condition,narrow,P,PrA,647.81,end_of_pregnancy
BirthNarrow,Birth classified as narrow,ICD9CM,647.82,Other specified infectious and parasitic diseases of mother- delivered- with mention of postpartum complication,C0156820,Other specified infectious and parasitic diseases of mother- delivered- with mention of postpartum complication,narrow,P,PrA,647.82,end_of_pregnancy
BirthNarrow,Birth classified as narrow,ICD9CM,648.11,Thyroid dysfunction of mother- delivered- with or without mention of antepartum condition,C0156838,Thyroid dysfunction of mother- delivered- with or without mention of antepartum condition,narrow,P,PrA,648.11,end_of_pregnancy
BirthNarrow,Birth classified as narrow,ICD9CM,648.12,Thyroid dysfunction of mother- delivered- with mention of postpartum complication,C0156839,Thyroid dysfunction of mother- delivered- with mention of postpartum complication,narrow,P,PrA,648.12,end_of_pregnancy
BirthNarrow,Birth classified as narrow,ICD9CM,648.61,Other cardiovascular diseases of mother- delivered- with or without mention of antepartum condition,C0156868,Other cardiovascular diseases of mother- delivered- with or without mention of antepartum condition,narrow,P,PrA,648.61,end_of_pregnancy
BirthNarrow,Birth classified as narrow,ICD9CM,648.71,Bone and joint disorders of back- pelvis- and lower limbs of mother- delivered- with or without mention of antepartum condition,C0156874,Bone and joint disorders of back- pelvis- and lower limbs of mother- delivered- with or without mention of antepartum condition,narrow,P,PrA,648.71,end_of_pregnancy
BirthNarrow,Birth classified as narrow,ICD9CM,648.91,Other current conditions classifiable elsewhere of mother- delivered- with or without mention of antepartum condition,C0156886,Other current conditions classifiable elsewhere of mother- delivered- with or without mention of antepartum condition,narrow,P,PrA,648.91,end_of_pregnancy
BirthNarrow,Birth classified as narrow,ICD9CM,649.51,Spotting complicating pregnancy- delivered- with or without mention of antepartum condition,"","",narrow,P,PrA,649.51,end_of_pregnancy
BirthNarrow,Birth classified as narrow,ICD9CM,649.51,Spotting complicating pregnancy- delivered- with or without mention of antepartum condition,C1719593,Spotting complicating pregnancy- delivered- with or without mention of antepartum condition,narrow,P,PrA,649.51,end_of_pregnancy
BirthNarrow,Birth classified as narrow,ICD9CM,649.61,Uterine size date discrepancy- delivered- with or without mention of antepartum condition,"","",narrow,P,PrA,649.61,end_of_pregnancy
BirthNarrow,Birth classified as narrow,ICD9CM,649.62,Uterine size date discrepancy- delivered- with mention of postpartum complication,"","",narrow,P,PrA,649.62,end_of_pregnancy
BirthNarrow,Birth classified as narrow,ICD9CM,649.71,Cervical shortening- delivered- with or without mention of antepartum condition,"","",narrow,P,PrA,649.71,end_of_pregnancy
BirthNarrow,Birth classified as narrow,ICD9CM,650,Normal delivery,C1384485,Normal delivery,narrow,P,PrA,650,end_of_pregnancy
BirthNarrow,Birth classified as narrow,ICD9CM,651.01,Twin pregnancy- delivered- with or without mention of antepartum condition,"","",narrow,P,PrA,651.01,end_of_pregnancy
BirthNarrow,Birth classified as narrow,ICD9CM,651.11,Triplet pregnancy- delivered- with or without mention of antepartum condition,"","",narrow,P,PrA,651.11,end_of_pregnancy
BirthNarrow,Birth classified as narrow,ICD9CM,651.21,Quadruplet pregnancy- delivered- with or without mention of antepartum condition,"","",narrow,P,PrA,651.21,end_of_pregnancy
BirthNarrow,Birth classified as narrow,ICD9CM,651.31,Quadruplet pregnancy with fetal loss and retention of one or more fetus(es)- delivered- with or without mention of antepartum condition,"","",narrow,P,PrA,651.31,end_of_pregnancy
BirthNarrow,Birth classified as narrow,ICD9CM,651.31,Twin pregnancy with fetal loss and retention of one fetus- delivered- with or without mention of antepartum condition,"","",narrow,P,PrA,651.31,end_of_pregnancy
BirthNarrow,Birth classified as narrow,ICD9CM,651.41,Triplet pregnancy with fetal loss and retention of one or more fetus(es)- delivered- with or without mention of antepartum condition,C0156907,Triplet pregnancy with fetal loss and retention of one or more fetus(es)- delivered- with or without mention of antepartum condition,narrow,P,PrA,651.41,end_of_pregnancy
BirthNarrow,Birth classified as narrow,ICD9CM,651.43,Triplet pregnancy with fetal loss and retention of one or more fetus(es)- antepartum condition or complication,C0156908,Triplet pregnancy with fetal loss and retention of one or more fetus(es)- antepartum condition or complication,narrow,P,PrA,651.43,end_of_pregnancy
BirthNarrow,Birth classified as narrow,ICD9CM,651.51,Quadruplet pregnancy with fetal loss and retention of one or more fetus(es)- delivered- with or without mention of antepartum condition,C0156911,Quadruplet pregnancy with fetal loss and retention of one or more fetus(es)- delivered- with or without mention of antepartum condition,narrow,P,PrA,651.51,end_of_pregnancy
BirthNarrow,Birth classified as narrow,ICD9CM,651.53,Quadruplet pregnancy with fetal loss and retention of one or more fetus(es)- antepartum condition or complication,C0156912,Quadruplet pregnancy with fetal loss and retention of one or more fetus(es)- antepartum condition or complication,narrow,P,PrA,651.53,end_of_pregnancy
BirthNarrow,Birth classified as narrow,ICD9CM,651.61,Other multiple pregnancy with fetal loss and retention of one or more fetus(es)- delivered- with or without mention of antepartum condition,"","",narrow,P,PrA,651.61,end_of_pregnancy
BirthNarrow,Birth classified as narrow,ICD9CM,651.61,Other multiple pregnancy with fetal loss and retention of one or more fetus(es)- delivered- with or without mention of antepartum condition,C0156915,Other multiple pregnancy with fetal loss and retention of one or more fetus(es)- delivered- with or without mention of antepartum condition,narrow,P,PrA,651.61,end_of_pregnancy
BirthNarrow,Birth classified as narrow,ICD9CM,651.63,Other multiple pregnancy with fetal loss and retention of one or more fetus(es)- antepartum condition or complication,C0156916,Other multiple pregnancy with fetal loss and retention of one or more fetus(es)- antepartum condition or complication,narrow,P,PrA,651.63,end_of_pregnancy
BirthNarrow,Birth classified as narrow,ICD9CM,651.71,Multiple gestation following (elective) fetal reduction-delivered- with or without mention of antepartum condition,"","",narrow,P,PrA,651.71,end_of_pregnancy
BirthNarrow,Birth classified as narrow,ICD9CM,651.80999999999995,Other specified multiple gestation- delivered- with or without mention of antepartum condition,"","",narrow,P,PrA,651.80999999999995,end_of_pregnancy
BirthNarrow,Birth classified as narrow,ICD9CM,651.91,Unspecified multiple gestation- delivered- with or without mention of antepartum condition,"","",narrow,P,PrA,651.91,end_of_pregnancy
BirthNarrow,Birth classified as narrow,ICD9CM,652.01,Unstable lie- delivered- with or without mention of antepartum condition,"","",narrow,P,PrA,652.01,end_of_pregnancy
BirthNarrow,Birth classified as narrow,ICD9CM,652.11,Breech or other malpresentation successfully converted to cephalic presentation- delivered- with or without mention of antepartum condition,"","",narrow,P,PrA,652.11,end_of_pregnancy
BirthNarrow,Birth classified as narrow,ICD9CM,652.2,Breech presentation without mention of version,"","",narrow,P,PrA,652.2,end_of_pregnancy
BirthNarrow,Birth classified as narrow,ICD9CM,652.21,Breech presentation without mention of version- delivered- with or without mention of antepartum condition,"","",narrow,P,PrA,652.21,end_of_pregnancy
BirthNarrow,Birth classified as narrow,ICD9CM,652.31,Transverse or oblique presentation- delivered- with or without mention of antepartum condition,"","",narrow,P,PrA,652.31,end_of_pregnancy
BirthNarrow,Birth classified as narrow,ICD9CM,652.31,Transverse or oblique presentation- delivered- with or without mention of antepartum condition,C0375392,Transverse or oblique presentation- delivered- with or without mention of antepartum condition,narrow,P,PrA,652.31,end_of_pregnancy
BirthNarrow,Birth classified as narrow,ICD9CM,652.4,Face or brow presentation of fetus,"","",narrow,P,PrA,652.4,end_of_pregnancy
BirthNarrow,Birth classified as narrow,ICD9CM,652.4,Face or brow presentation of fetus,C0156940,Face OR brow presentation of fetus,narrow,P,PrA,652.4,end_of_pregnancy
BirthNarrow,Birth classified as narrow,ICD9CM,652.4,Face or brow presentation- unspecified as to episode of care or not applicable,"","",narrow,P,PrA,652.4,end_of_pregnancy
BirthNarrow,Birth classified as narrow,ICD9CM,652.40,Face or brow presentation- unspecified as to episode of care or not applicable,C0156941,Face or brow presentation- unspecified as to episode of care or not applicable,narrow,P,PrA,652.40,end_of_pregnancy
BirthNarrow,Birth classified as narrow,ICD9CM,652.41,Face or brow presentation- delivered- with or without mention of antepartum condition,"","",narrow,P,PrA,652.41,end_of_pregnancy
BirthNarrow,Birth classified as narrow,ICD9CM,652.43,Face or brow presentation- antepartum condition or complication,C0156943,Face or brow presentation- antepartum condition or complication,narrow,P,PrA,652.43,end_of_pregnancy
BirthNarrow,Birth classified as narrow,ICD9CM,652.5,High fetal head at term,C0426187,Failure of fetal head to enter pelvic brim,narrow,P,PrA,652.5,end_of_pregnancy
BirthNarrow,Birth classified as narrow,ICD9CM,652.50,High head at term- unspecified as to episode of care or not applicable,"","",narrow,P,PrA,652.50,end_of_pregnancy
BirthNarrow,Birth classified as narrow,ICD9CM,652.51,High head at term- delivered- with or without mention of antepartum condition,"","",narrow,P,PrA,652.51,end_of_pregnancy
BirthNarrow,Birth classified as narrow,ICD9CM,652.61,Multiple gestation with malpresentation of one fetus or more- delivered- with or without mention of antepartum condition,"","",narrow,P,PrA,652.61,end_of_pregnancy
BirthNarrow,Birth classified as narrow,ICD9CM,652.7,Prolapsed arm of fetus,"","",narrow,P,PrA,652.7,end_of_pregnancy
BirthNarrow,Birth classified as narrow,ICD9CM,652.7,Prolapsed arm of fetus,C0269709,Presentation of prolapsed arm of fetus,narrow,P,PrA,652.7,end_of_pregnancy
BirthNarrow,Birth classified as narrow,ICD9CM,652.70,Prolapsed arm of fetus- unspecified as to episode of care or not applicable,"","",narrow,P,PrA,652.70,end_of_pregnancy
BirthNarrow,Birth classified as narrow,ICD9CM,652.71,Prolapsed arm of fetus- delivered- with or without mention of antepartum condition,"","",narrow,P,PrA,652.71,end_of_pregnancy
BirthNarrow,Birth classified as narrow,ICD9CM,652.73,Prolapsed arm of fetus- antepartum condition or complication,"","",narrow,P,PrA,652.73,end_of_pregnancy
BirthNarrow,Birth classified as narrow,ICD9CM,652.81,Other specified malposition or malpresentation- delivered- with or without mention of antepartum condition,"","",narrow,P,PrA,652.81,end_of_pregnancy
BirthNarrow,Birth classified as narrow,ICD9CM,652.91,Unspecified malposition or malpresentation- delivered- with or without mention of antepartum condition,"","",narrow,P,PrA,652.91,end_of_pregnancy
BirthNarrow,Birth classified as narrow,ICD9CM,653.01,Major abnormality of bony pelvis- not further specified- delivered- with or without mention of antepartum condition,"","",narrow,P,PrA,653.01,end_of_pregnancy
BirthNarrow,Birth classified as narrow,ICD9CM,653.31,Outlet contraction of pelvis- delivered- with or without mention of antepartum condition,C0156979,Outlet pelvic contraction - delivered,narrow,P,PrA,653.31,end_of_pregnancy
BirthNarrow,Birth classified as narrow,ICD9CM,653.51,Unusually large fetus causing disproportion- delivered- with or without mention of antepartum condition,"","",narrow,P,PrA,653.51,end_of_pregnancy
BirthNarrow,Birth classified as narrow,ICD9CM,653.61,Hydrocephalic fetus causing disproportion- delivered- with or without mention of antepartum condition,"","",narrow,P,PrA,653.61,end_of_pregnancy
BirthNarrow,Birth classified as narrow,ICD9CM,653.71,Other fetal abnormality causing disproportion- delivered- with or without mention of antepartum condition,"","",narrow,P,PrA,653.71,end_of_pregnancy
BirthNarrow,Birth classified as narrow,ICD9CM,654.11,Tumors of body of uterus- delivered- with or without mention of antepartum condition,C0157013,Tumors of body of uterus- delivered- with or without mention of antepartum condition,narrow,P,PrA,654.11,end_of_pregnancy
BirthNarrow,Birth classified as narrow,ICD9CM,654.12,Tumors of body of uterus- delivered- with mention of postpartum complication,C0157014,Tumors of body of uterus- delivered- with mention of postpartum complication,narrow,P,PrA,654.12,end_of_pregnancy
BirthNarrow,Birth classified as narrow,ICD9CM,654.21,Previous cesarean delivery- delivered- with or without mention of antepartum condition,C0375395,Previous cesarean delivery- delivered- with or without mention of antepartum condition,narrow,P,PrA,654.21,end_of_pregnancy
BirthNarrow,Birth classified as narrow,ICD9CM,654.31,Retroverted and incarcerated gravid uterus- delivered- with mention of antepartum condition,"","",narrow,P,PrA,654.31,end_of_pregnancy
BirthNarrow,Birth classified as narrow,ICD9CM,654.31,Retroverted and incarcerated gravid uterus- delivered- with mention of antepartum condition,C0157023,Retroverted incarcerated gravid uterus - delivered,narrow,P,PrA,654.31,end_of_pregnancy
BirthNarrow,Birth classified as narrow,ICD9CM,654.32,Retroverted and incarcerated gravid uterus- delivered- with mention of postpartum complication,"","",narrow,P,PrA,654.32,end_of_pregnancy
BirthNarrow,Birth classified as narrow,ICD9CM,654.32,Retroverted and incarcerated gravid uterus- delivered- with mention of postpartum complication,C0157024,Retroverted and incarcerated gravid uterus- delivered- with mention of postpartum complication,narrow,P,PrA,654.32,end_of_pregnancy
BirthNarrow,Birth classified as narrow,ICD9CM,654.41,Other abnormalities in shape or position of gravid uterus and of neighboring structures- delivered- with or without mention of antepartum condition,"","",narrow,P,PrA,654.41,end_of_pregnancy
BirthNarrow,Birth classified as narrow,ICD9CM,654.42,Other abnormalities in shape or position of gravid uterus and of neighboring structures- delivered- with mention of postpartum complication,"","",narrow,P,PrA,654.42,end_of_pregnancy
BirthNarrow,Birth classified as narrow,ICD9CM,654.71,Congenital or acquired abnormality of vagina- delivered- with or without mention of antepartum condition,C0157047,Congenital or acquired abnormality of vagina- delivered- with or without mention of antepartum condition,narrow,P,PrA,654.71,end_of_pregnancy
BirthNarrow,Birth classified as narrow,ICD9CM,654.81,Congenital or acquired abnormality of vulva- delivered- with or without mention of antepartum condition,C0157053,Congenital or acquired abnormality of vulva- delivered- with or without mention of antepartum condition,narrow,P,PrA,654.81,end_of_pregnancy
BirthNarrow,Birth classified as narrow,ICD9CM,654.91,Other and unspecified abnormality of organs and soft tissues of pelvis- delivered- with or without mention of antepartum condition,C0157059,Other and unspecified abnormality of organs and soft tissues of pelvis- delivered- with or without mention of antepartum condition,narrow,P,PrA,654.91,end_of_pregnancy
BirthNarrow,Birth classified as narrow,ICD9CM,655.01,Central nervous system malformation in fetus- delivered- with or without mention of antepartum condition,"","",narrow,P,PrA,655.01,end_of_pregnancy
BirthNarrow,Birth classified as narrow,ICD9CM,655.11,Chromosomal abnormality in fetus- affecting management of mother- delivered- with or without mention of antepartum condition,"","",narrow,P,PrA,655.11,end_of_pregnancy
BirthNarrow,Birth classified as narrow,ICD9CM,655.11,Chromosomal abnormality in fetus- affecting management of mother- delivered- with or without mention of antepartum condition,C0157070,Chromosomal abnormality in fetus- affecting management of mother- delivered- with or without mention of antepartum condition,narrow,P,PrA,655.11,end_of_pregnancy
BirthNarrow,Birth classified as narrow,ICD9CM,655.21,Hereditary disease in family possibly affecting fetus- affecting management of mother- delivered- with or without mention of antepartum condition,"","",narrow,P,PrA,655.21,end_of_pregnancy
BirthNarrow,Birth classified as narrow,ICD9CM,655.31,Suspected damage to fetus from viral disease in the mother- affecting management of mother- delivered- with or without mention of antepartum condition,"","",narrow,P,PrA,655.31,end_of_pregnancy
BirthNarrow,Birth classified as narrow,ICD9CM,655.31,Suspected damage to fetus from viral disease in the mother- affecting management of mother- delivered- with or without mention of antepartum condition,C0157078,Suspected damage to fetus from viral disease in the mother- affecting management of mother- delivered- with or without mention of antepartum condition,narrow,P,PrA,655.31,end_of_pregnancy
BirthNarrow,Birth classified as narrow,ICD9CM,655.41,Suspected damage to fetus from other disease in the mother- affecting management of mother- delivered- with or without mention of antepartum condition,"","",narrow,P,PrA,655.41,end_of_pregnancy
BirthNarrow,Birth classified as narrow,ICD9CM,655.41,Suspected damage to fetus from other disease in the mother- affecting management of mother- delivered- with or without mention of antepartum condition,C0157082,Suspected damage to fetus from other disease in the mother- affecting management of mother- delivered- with or without mention of antepartum condition,narrow,P,PrA,655.41,end_of_pregnancy
BirthNarrow,Birth classified as narrow,ICD9CM,655.51,Suspected damage to fetus from drugs- affecting management of mother- delivered- with or without mention of antepartum condition,"","",narrow,P,PrA,655.51,end_of_pregnancy
BirthNarrow,Birth classified as narrow,ICD9CM,655.51,Suspected damage to fetus from drugs- affecting management of mother- delivered- with or without mention of antepartum condition,C0157086,Suspected damage to fetus from drugs- affecting management of mother- delivered- with or without mention of antepartum condition,narrow,P,PrA,655.51,end_of_pregnancy
BirthNarrow,Birth classified as narrow,ICD9CM,655.61,Suspected damage to fetus from radiation- affecting management of mother- delivered-,"","",narrow,P,PrA,655.61,end_of_pregnancy
BirthNarrow,Birth classified as narrow,ICD9CM,655.71,Decreased fetal movements- affecting management of mother- delivered- with or without mention of antepartum condition,"","",narrow,P,PrA,655.71,end_of_pregnancy
BirthNarrow,Birth classified as narrow,ICD9CM,655.81,Other known or suspected fetal abnormality- not elsewhere classified- affecting management of mother- delivered- with or without mention of antepartum condition,"","",narrow,P,PrA,655.81,end_of_pregnancy
BirthNarrow,Birth classified as narrow,ICD9CM,655.91,Unspecified suspected fetal abnormality- affecting management of mother- delivered- with or without mention of antepartum condition,"","",narrow,P,PrA,655.91,end_of_pregnancy
BirthNarrow,Birth classified as narrow,ICD9CM,655.91,Unspecified suspected fetal abnormality- affecting management of mother- delivered- with or without mention of antepartum condition,C0157098,Unspecified suspected fetal abnormality- affecting management of mother- delivered- with or without mention of antepartum condition,narrow,P,PrA,655.91,end_of_pregnancy
BirthNarrow,Birth classified as narrow,ICD9CM,656.01,Fetal-maternal hemorrhage- delivered- with or without mention of antepartum condition,"","",narrow,P,PrA,656.01,end_of_pregnancy
BirthNarrow,Birth classified as narrow,ICD9CM,656.11,Rhesus isoimmunization- delivered- with or without mention of antepartum condition,"","",narrow,P,PrA,656.11,end_of_pregnancy
BirthNarrow,Birth classified as narrow,ICD9CM,656.21,Isoimmunization from other and unspecified blood-group incompatibility- delivered- with or without mention of antepartum condition,"","",narrow,P,PrA,656.21,end_of_pregnancy
BirthNarrow,Birth classified as narrow,ICD9CM,656.21,Isoimmunization from other and unspecified blood-group incompatibility- delivered- with or without mention of antepartum condition,C0157110,Isoimmunization from other and unspecified blood-group incompatibility- delivered- with or without mention of antepartum condition,narrow,P,PrA,656.21,end_of_pregnancy
BirthNarrow,Birth classified as narrow,ICD9CM,656.31,Fetal distress- affecting management of mother- delivered- with or without mention of antepartum condition,"","",narrow,P,PrA,656.31,end_of_pregnancy
BirthNarrow,Birth classified as narrow,ICD9CM,656.31,Fetal distress- affecting management of mother- delivered- with or without mention of antepartum condition,C0157113,Fetal distress- affecting management of mother- delivered- with or without mention of antepartum condition,narrow,P,PrA,656.31,end_of_pregnancy
BirthNarrow,Birth classified as narrow,ICD9CM,656.51,Poor fetal growth- affecting management of mother- delivered- with or without mention of antepartum condition,"","",narrow,P,PrA,656.51,end_of_pregnancy
BirthNarrow,Birth classified as narrow,ICD9CM,656.61,Excessive fetal growth- affecting management of mother- delivered- with or without mention of antepartum condition,"","",narrow,P,PrA,656.61,end_of_pregnancy
BirthNarrow,Birth classified as narrow,ICD9CM,656.71,Other placental conditions- affecting management of mother- delivered- with or without mention of antepartum condition,"","",narrow,P,PrA,656.71,end_of_pregnancy
BirthNarrow,Birth classified as narrow,ICD9CM,656.81,Other specified fetal and placental problems- affecting management of mother- delivered- with or without mention of antepartum condition,"","",narrow,P,PrA,656.81,end_of_pregnancy
BirthNarrow,Birth classified as narrow,ICD9CM,656.91,Unspecified fetal and placental problem- affecting management of mother- delivered- with or without mention of antepartum condition,"","",narrow,P,PrA,656.91,end_of_pregnancy
BirthNarrow,Birth classified as narrow,ICD9CM,657.01,Polyhydramnios- delivered- with or without mention of antepartum condition,"","",narrow,P,PrA,657.01,end_of_pregnancy
BirthNarrow,Birth classified as narrow,ICD9CM,658.01,Oligohydramnios- delivered- with or without mention of antepartum condition,"","",narrow,P,PrA,658.01,end_of_pregnancy
BirthNarrow,Birth classified as narrow,ICD9CM,658.1,Premature rupture of membranes,"","",narrow,P,PrA,658.1,end_of_pregnancy
BirthNarrow,Birth classified as narrow,ICD9CM,658.1,Premature rupture of membranes- unspecified as to episode of care or not applicable,"","",narrow,P,PrA,658.1,end_of_pregnancy
BirthNarrow,Birth classified as narrow,ICD9CM,658.11,Premature rupture of membranes- delivered- with or without mention of antepartum condition,"","",narrow,P,PrA,658.11,end_of_pregnancy
BirthNarrow,Birth classified as narrow,ICD9CM,658.2,Delayed delivery after spontaneous or unspecified rupture of membranes,"","",narrow,P,PrA,658.2,end_of_pregnancy
BirthNarrow,Birth classified as narrow,ICD9CM,658.2,Delayed delivery after spontaneous or unspecified rupture of membranes- unspecified as to episode of care or not applicable,"","",narrow,P,PrA,658.2,end_of_pregnancy
BirthNarrow,Birth classified as narrow,ICD9CM,658.21,Delayed delivery after spontaneous or unspecified rupture of membranes- delivered- with or without mention of antepartum condition,"","",narrow,P,PrA,658.21,end_of_pregnancy
BirthNarrow,Birth classified as narrow,ICD9CM,658.23,Delayed delivery after spontaneous or unspecified rupture of membranes- antepartum condition or complication,"","",narrow,P,PrA,658.23,end_of_pregnancy
BirthNarrow,Birth classified as narrow,ICD9CM,658.3,Delayed delivery after artificial rupture of membranes,"","",narrow,P,PrA,658.3,end_of_pregnancy
BirthNarrow,Birth classified as narrow,ICD9CM,658.3,Delayed delivery after artificial rupture of membranes- unspecified as to episode of care or not applicable,"","",narrow,P,PrA,658.3,end_of_pregnancy
BirthNarrow,Birth classified as narrow,ICD9CM,658.31,Delayed delivery after artificial rupture of membranes- delivered- with or without mention of antepartum condition,"","",narrow,P,PrA,658.31,end_of_pregnancy
BirthNarrow,Birth classified as narrow,ICD9CM,658.33,Delayed delivery after artificial rupture of membranes- antepartum condition or complication,"","",narrow,P,PrA,658.33,end_of_pregnancy
BirthNarrow,Birth classified as narrow,ICD9CM,658.41,Infection of amniotic cavity- delivered- with or without mention of antepartum condition,"","",narrow,P,PrA,658.41,end_of_pregnancy
BirthNarrow,Birth classified as narrow,ICD9CM,658.81,Other problems associated with amniotic cavity and membranes- delivered- with or without mention of antepartum condition,"","",narrow,P,PrA,658.81,end_of_pregnancy
BirthNarrow,Birth classified as narrow,ICD9CM,658.91,Unspecified problem associated with amniotic cavity and membranes- delivered- with or without mention of antepartum condition,"","",narrow,P,PrA,658.91,end_of_pregnancy
BirthNarrow,Birth classified as narrow,ICD9CM,659.00,Failed mechanical induction of labor- unspecified as to episode of care or not applicable,C0157168,Failed mechanical induction of labor- unspecified as to episode of care or not applicable,possible,P,PrA,659.00,end_of_pregnancy
BirthNarrow,Birth classified as narrow,ICD9CM,659.1,Failed medical or unspecified induction of labor,C0405189,Failed medical or unspecified induction of labor,possible,P,PrA,659.1,end_of_pregnancy
BirthNarrow,Birth classified as narrow,ICD9CM,659.10,Failed medical or unspecified induction of labor- unspecified as to episode of care or not applicable,C0157172,Failed medical or unspecified induction of labor- unspecified as to episode of care or not applicable,possible,P,PrA,659.10,end_of_pregnancy
BirthNarrow,Birth classified as narrow,ICD9CM,659.11,Failed medical or unspecified induction of labor- delivered- with or without mention of antepartum condition,"","",narrow,P,PrA,659.11,end_of_pregnancy
BirthNarrow,Birth classified as narrow,ICD9CM,659.11,Failed medical or unspecified induction of labor- delivered- with or without mention of antepartum condition,"","",possible,P,PrA,659.11,end_of_pregnancy
BirthNarrow,Birth classified as narrow,ICD9CM,659.13,Failed medical or unspecified induction of labor- antepartum condition or complication,"","",possible,P,PrA,659.13,end_of_pregnancy
BirthNarrow,Birth classified as narrow,ICD9CM,659.41,Grand multiparity- delivered- with or without mention of antepartum condition,"","",narrow,P,PrA,659.41,end_of_pregnancy
BirthNarrow,Birth classified as narrow,ICD9CM,659.51,Elderly primigravida- delivered- with or without mention of antepartum condition,"","",narrow,P,PrA,659.51,end_of_pregnancy
BirthNarrow,Birth classified as narrow,ICD9CM,659.71,Abnormality in fetal heart rate or rhythm- delivered- with or without mention of antepartum condition,"","",narrow,P,PrA,659.71,end_of_pregnancy
BirthNarrow,Birth classified as narrow,ICD9CM,659.81,Other specified indications for care or intervention related to labor and delivery- delivered- with or without mention of antepartum condition,"","",narrow,P,PrA,659.81,end_of_pregnancy
BirthNarrow,Birth classified as narrow,ICD9CM,659.91,Unspecified indication for care or intervention related to labor and delivery- delivered- with or without mention of antepartum condition,"","",narrow,P,PrA,659.91,end_of_pregnancy
BirthNarrow,Birth classified as narrow,ICD9CM,660.31,Deep transverse arrest and persistent occipitoposterior position- delivered- with or without mention of antepartum condition,C0157213,Deep transverse arrest and persistent occipitoposterior position- delivered- with or without mention of antepartum condition,narrow,P,PrA,660.31,end_of_pregnancy
BirthNarrow,Birth classified as narrow,ICD9CM,660.41,Shoulder (girdle) dystocia- delivered- with or without mention of antepartum condition,"","",narrow,P,PrA,660.41,end_of_pregnancy
BirthNarrow,Birth classified as narrow,ICD9CM,660.51,Locked twins- delivered- with or without mention of antepartum condition,"","",narrow,P,PrA,660.51,end_of_pregnancy
BirthNarrow,Birth classified as narrow,ICD9CM,660.6,Failed trial of labor- unspecified,C0157223,Failed trial of labor,possible,P,PrA,660.6,end_of_pregnancy
BirthNarrow,Birth classified as narrow,ICD9CM,660.61,Unspecified failed trial of labor- delivered- with or without mention of antepartum condition,"","",narrow,P,PrA,660.61,end_of_pregnancy
BirthNarrow,Birth classified as narrow,ICD9CM,661.01,Primary uterine inertia- delivered- with or without mention of antepartum condition,"","",narrow,P,PrA,661.01,end_of_pregnancy
BirthNarrow,Birth classified as narrow,ICD9CM,661.11,Secondary uterine inertia- delivered- with or without mention of antepartum condition,"","",narrow,P,PrA,661.11,end_of_pregnancy
BirthNarrow,Birth classified as narrow,ICD9CM,661.21,Other and unspecified uterine inertia- delivered- with or without mention of antepartum condition,"","",narrow,P,PrA,661.21,end_of_pregnancy
BirthNarrow,Birth classified as narrow,ICD9CM,663.8,Other umbilical cord complications during labor and delivery,"","",narrow,P,PrA,663.8,end_of_pregnancy
BirthNarrow,Birth classified as narrow,ICD9CM,663.9,Unspecified umbilical cord complication during labor and delivery,"","",narrow,P,PrA,663.9,end_of_pregnancy
BirthNarrow,Birth classified as narrow,ICD9CM,663.91,Unspecified umbilical cord complication complicating labor and delivery- delivered- with or without mention of antepartum condition,"","",narrow,P,PrA,663.91,end_of_pregnancy
BirthNarrow,Birth classified as narrow,ICD9CM,663.91,Unspecified umbilical cord complication complicating labor and delivery- delivered- with or without mention of antepartum condition,C0157309,Unspecified umbilical cord complication complicating labor and delivery- delivered- with or without mention of antepartum condition,narrow,P,PrA,663.91,end_of_pregnancy
BirthNarrow,Birth classified as narrow,ICD9CM,664.1,Second-degree perineal laceration during delivery,C0269870,Second degree perineal laceration,narrow,P,PrA,664.1,end_of_pregnancy
BirthNarrow,Birth classified as narrow,ICD9CM,664.10,Second-degree perineal laceration- unspecified as to episode of care or not applicable,C0157317,Second-degree perineal laceration- unspecified as to episode of care or not applicable,narrow,P,PrA,664.10,end_of_pregnancy
BirthNarrow,Birth classified as narrow,ICD9CM,664.11,Second-degree perineal laceration- delivered- with or without mention of antepartum condition,C0269870,Second degree perineal laceration,narrow,P,PrA,664.11,end_of_pregnancy
BirthNarrow,Birth classified as narrow,ICD9CM,664.14,Second-degree perineal laceration- postpartum condition or complication,"","",narrow,P,PrA,664.14,end_of_pregnancy
BirthNarrow,Birth classified as narrow,ICD9CM,664.2,Third-degree perineal laceration during delivery,C0269874,Third degree perineal laceration,narrow,P,PrA,664.2,end_of_pregnancy
BirthNarrow,Birth classified as narrow,ICD9CM,664.20,Third-degree perineal laceration- unspecified as to episode of care or not applicable,C0157321,Third-degree perineal laceration- unspecified as to episode of care or not applicable,narrow,P,PrA,664.20,end_of_pregnancy
BirthNarrow,Birth classified as narrow,ICD9CM,664.21,Third-degree perineal laceration- delivered- with or without mention of antepartum condition,C0269874,Third degree perineal laceration,narrow,P,PrA,664.21,end_of_pregnancy
BirthNarrow,Birth classified as narrow,ICD9CM,664.24,Third-degree perineal laceration- postpartum condition or complication,"","",narrow,P,PrA,664.24,end_of_pregnancy
BirthNarrow,Birth classified as narrow,ICD9CM,664.4,Unspecified perineal laceration during delivery,C0269859,Obstetrical laceration,narrow,P,PrA,664.4,end_of_pregnancy
BirthNarrow,Birth classified as narrow,ICD9CM,664.41,Unspecified perineal laceration- delivered- with or without mention of antepartum condition,C0269859,Obstetrical laceration,narrow,P,PrA,664.41,end_of_pregnancy
BirthNarrow,Birth classified as narrow,ICD9CM,664.5,Vulvar and perineal hematoma during delivery,C0157332,Vulval and perineal hematoma during delivery,narrow,P,PrA,664.5,end_of_pregnancy
BirthNarrow,Birth classified as narrow,ICD9CM,664.51,Vulvar and perineal hematoma- delivered- with or without mention of antepartum condition,C0157334,Vulvar and perineal hematoma- delivered- with or without mention of antepartum condition,narrow,P,PrA,664.51,end_of_pregnancy
BirthNarrow,Birth classified as narrow,ICD9CM,664.54,Vulvar and perineal hematoma- postpartum condition or complication,"","",narrow,P,PrA,664.54,end_of_pregnancy
BirthNarrow,Birth classified as narrow,ICD9CM,665.11,Rupture of uterus during labor- delivered- with or without mention of antepartum condition,"","",narrow,P,PrA,665.11,end_of_pregnancy
BirthNarrow,Birth classified as narrow,ICD9CM,665.22,Inversion of uterus- delivered- with mention of postpartum complication,"","",narrow,P,PrA,665.22,end_of_pregnancy
BirthNarrow,Birth classified as narrow,ICD9CM,665.3,Obstetrical laceration of cervix,C0157358,Laceration of cervix - obstetric,narrow,P,PrA,665.3,end_of_pregnancy
BirthNarrow,Birth classified as narrow,ICD9CM,665.31,Laceration of cervix- delivered- with or without mention of antepartum condition,C0157358,Laceration of cervix - obstetric,narrow,P,PrA,665.31,end_of_pregnancy
BirthNarrow,Birth classified as narrow,ICD9CM,665.4,High vaginal laceration during and after labor,C0157362,High vaginal laceration during and after labor,narrow,P,PrA,665.4,end_of_pregnancy
BirthNarrow,Birth classified as narrow,ICD9CM,665.41,High vaginal laceration- delivered- with or without mention of antepartum condition,"","",narrow,P,PrA,665.41,end_of_pregnancy
BirthNarrow,Birth classified as narrow,ICD9CM,665.44,High vaginal laceration- postpartum condition or complication,"","",narrow,P,PrA,665.44,end_of_pregnancy
BirthNarrow,Birth classified as narrow,ICD9CM,665.7,Obstetrical pelvic hematoma,C0269895,Pelvic hematoma during delivery,narrow,P,PrA,665.7,end_of_pregnancy
BirthNarrow,Birth classified as narrow,ICD9CM,665.71,Pelvic hematoma- delivered- with or without mention of antepartum condition,C0269895,Pelvic hematoma during delivery,narrow,P,PrA,665.71,end_of_pregnancy
BirthNarrow,Birth classified as narrow,ICD9CM,665.72,Pelvic hematoma- delivered with mention of postpartum complication,"","",narrow,P,PrA,665.72,end_of_pregnancy
BirthNarrow,Birth classified as narrow,ICD9CM,667,Retained placenta or membranes- without hemorrhage,C0157404,Retained placenta or membranes- without haemorrhage,narrow,P,PrA,667,end_of_pregnancy
BirthNarrow,Birth classified as narrow,ICD9CM,667.0,Retained placenta without hemorrhage,C0269905,Retained placenta- without hemorrhage,narrow,P,PrA,667.0,end_of_pregnancy
BirthNarrow,Birth classified as narrow,ICD9CM,667.00,Retained placenta without hemorrhage- unspecified as to episode of care or not applicable,C0157405,Retained placenta without hemorrhage- unspecified as to episode of care or not applicable,narrow,P,PrA,667.00,end_of_pregnancy
BirthNarrow,Birth classified as narrow,ICD9CM,667.02,Retained placenta without hemorrhage- delivered- with mention of postpartum complication,"","",narrow,P,PrA,667.02,end_of_pregnancy
BirthNarrow,Birth classified as narrow,ICD9CM,667.1,Retained portions of placenta or membranes- without hemorrhage,C0157408,Retained portions of placenta AND-OR membranes without hemorrhage,narrow,P,PrA,667.1,end_of_pregnancy
BirthNarrow,Birth classified as narrow,ICD9CM,667.10,Retained portions of placenta or membranes- without hemorrhage- unspecified as to episode of care or not applicable,C0157409,Retained portions of placenta or membranes- without hemorrhage- unspecified as to episode of care or not applicable,narrow,P,PrA,667.10,end_of_pregnancy
BirthNarrow,Birth classified as narrow,ICD9CM,667.12,Retained portions of placenta or membranes- without hemorrhage- delivered- with mention of postpartum complication,"","",narrow,P,PrA,667.12,end_of_pregnancy
BirthNarrow,Birth classified as narrow,ICD9CM,668.11,Cardiac complications of anesthesia or other sedation in labor and delivery- delivered- with or without mention of antepartum condition,"","",narrow,P,PrA,668.11,end_of_pregnancy
BirthNarrow,Birth classified as narrow,ICD9CM,668.12,Cardiac complications of anesthesia or other sedation in labor and delivery- delivered- with mention of postpartum complication,"","",narrow,P,PrA,668.12,end_of_pregnancy
BirthNarrow,Birth classified as narrow,ICD9CM,669.0,Maternal distress,C0473485,Maternal distress,narrow,P,PrA,669.0,end_of_pregnancy
BirthNarrow,Birth classified as narrow,ICD9CM,669.01,Maternal distress complicating labor and delivery- delivered- with or without mention of antepartum condition,"","",narrow,P,PrA,669.01,end_of_pregnancy
BirthNarrow,Birth classified as narrow,ICD9CM,669.02,Maternal distress complicating labor and delivery- delivered- with mention of postpartum complication,"","",narrow,P,PrA,669.02,end_of_pregnancy
BirthNarrow,Birth classified as narrow,ICD9CM,669.1,Shock during or following labor and delivery,C0157450,Shock during AND-OR following labor AND-OR delivery,narrow,P,PrA,669.1,end_of_pregnancy
BirthNarrow,Birth classified as narrow,ICD9CM,669.10,Shock during or following labor and delivery- unspecified as to episode of care or not applicable,C0157451,Shock during or following labor and delivery- unspecified as to episode of care or not applicable,narrow,P,PrA,669.10,end_of_pregnancy
BirthNarrow,Birth classified as narrow,ICD9CM,669.11,Shock during or following labor and delivery- delivered- with or without mention of antepartum condition,"","",narrow,P,PrA,669.11,end_of_pregnancy
BirthNarrow,Birth classified as narrow,ICD9CM,669.12,Shock during or following labor and delivery- delivered- with mention of postpartum complication,"","",narrow,P,PrA,669.12,end_of_pregnancy
BirthNarrow,Birth classified as narrow,ICD9CM,669.13,Shock during or following labor and delivery- antepartum condition or complication,"","",narrow,P,PrA,669.13,end_of_pregnancy
BirthNarrow,Birth classified as narrow,ICD9CM,669.21,Maternal hypotension syndrome- delivered- with or without mention of antepartum condition,"","",narrow,P,PrA,669.21,end_of_pregnancy
BirthNarrow,Birth classified as narrow,ICD9CM,669.22,Maternal hypotension syndrome- delivered- with mention of postpartum complication,"","",narrow,P,PrA,669.22,end_of_pregnancy
BirthNarrow,Birth classified as narrow,ICD9CM,669.3,Acute kidney failure following labor and delivery,C2712851,Acute kidney failure following labor and delivery,narrow,P,PrA,669.3,end_of_pregnancy
BirthNarrow,Birth classified as narrow,ICD9CM,669.30,Acute kidney failure following labor and delivery- unspecified as to episode of care or not applicable,C0157462,Acute kidney failure following labor and delivery- unspecified as to episode of care or not applicable,narrow,P,PrA,669.30,end_of_pregnancy
BirthNarrow,Birth classified as narrow,ICD9CM,669.32,Acute kidney failure following labor and delivery- delivered- with mention of postpartum complication,"","",narrow,P,PrA,669.32,end_of_pregnancy
BirthNarrow,Birth classified as narrow,ICD9CM,669.41,Other complications of obstetrical surgery and procedures- delivered- with or without mention of antepartum condition,"","",narrow,P,PrA,669.41,end_of_pregnancy
BirthNarrow,Birth classified as narrow,ICD9CM,669.42,Other complications of obstetrical surgery and procedures- delivered- with mention of postpartum complication,"","",narrow,P,PrA,669.42,end_of_pregnancy
BirthNarrow,Birth classified as narrow,ICD9CM,669.81,Other complications of labor and delivery- delivered- with or without mention of antepartum condition,"","",narrow,P,PrA,669.81,end_of_pregnancy
BirthNarrow,Birth classified as narrow,ICD9CM,669.82,Other complications of labor and delivery- delivered- with mention of postpartum complication,"","",narrow,P,PrA,669.82,end_of_pregnancy
BirthNarrow,Birth classified as narrow,ICD9CM,669.9,Unspecified complication of labor and delivery,C0269815,Complication of labor and delivery- unspecified,narrow,P,PrA,669.9,end_of_pregnancy
BirthNarrow,Birth classified as narrow,ICD9CM,669.90,Unspecified complication of labor and delivery- unspecified as to episode of care or not applicable,"","",narrow,P,PrA,669.90,end_of_pregnancy
BirthNarrow,Birth classified as narrow,ICD9CM,669.91,Unspecified complication of labor and delivery- delivered- with or without mention of antepartum condition,"","",narrow,P,PrA,669.91,end_of_pregnancy
BirthNarrow,Birth classified as narrow,ICD9CM,669.92,Unspecified complication of labor and delivery- delivered- with mention of postpartum complication,"","",narrow,P,PrA,669.92,end_of_pregnancy
BirthNarrow,Birth classified as narrow,ICD9CM,669.93,Unspecified complication of labor and delivery- antepartum condition or complication,"","",narrow,P,PrA,669.93,end_of_pregnancy
BirthNarrow,Birth classified as narrow,ICD9CM,671.31,Deep phlebothrombosis- antepartum- delivered- with or without mention of antepartum condition,"","",narrow,P,PrA,671.31,end_of_pregnancy
BirthNarrow,Birth classified as narrow,ICD9CM,673.12,Amniotic fluid embolism- delivered- with mention of postpartum complication,C0157549,Amniotic fluid embolism- delivered- with mention of postpartum complication,narrow,P,PrA,673.12,end_of_pregnancy
BirthNarrow,Birth classified as narrow,ICD9CM,673.81,Other obstetrical pulmonary embolism- delivered- with or without mention of antepartum condition,"","",narrow,P,PrA,673.81,end_of_pregnancy
BirthNarrow,Birth classified as narrow,ICD9CM,673.82,Other obstetrical pulmonary embolism- delivered- with mention of postpartum complication,"","",narrow,P,PrA,673.82,end_of_pregnancy
BirthNarrow,Birth classified as narrow,ICD9CM,674.42,Placental polyp- delivered- with mention of postpartum complication,"","",narrow,P,PrA,674.42,end_of_pregnancy
BirthNarrow,Birth classified as narrow,ICD9CM,674.51,Peripartum cardiomyopathy- delivered- with or without mention of antepartum condition,C1260428,Peripartum cardiomyopathy- delivered- with or without mention of antepartum condition,narrow,P,PrA,674.51,end_of_pregnancy
BirthNarrow,Birth classified as narrow,ICD9CM,674.52,Peripartum cardiomyopathy- delivered- with mention of postpartum condition,C1260429,Peripartum cardiomyopathy- delivered- with mention of postpartum condition,narrow,P,PrA,674.52,end_of_pregnancy
BirthNarrow,Birth classified as narrow,ICD9CM,674.53,Peripartum cardiomyopathy- antepartum condition or complication,C1260430,Peripartum cardiomyopathy- antepartum condition or complication,narrow,P,PrA,674.53,end_of_pregnancy
BirthNarrow,Birth classified as narrow,ICD9CM,675.14,Abscess of breast associated with childbirth- postpartum condition or complication,C0405309,Obstetric breast abscess - delivered,narrow,P,PrA,675.14,end_of_pregnancy
BirthNarrow,Birth classified as narrow,ICD9CM,678.01,Fetal hematologic conditions- delivered- with or without mention of antepartum condition,"","",narrow,P,PrA,678.01,end_of_pregnancy
BirthNarrow,Birth classified as narrow,ICD9CM,678.11,Fetal conjoined twins- delivered- with or without mention of antepartum condition,"","",narrow,P,PrA,678.11,end_of_pregnancy
BirthNarrow,Birth classified as narrow,ICD9CM,679.01,Maternal complications from in utero procedure- delivered- with or without mention of antepartum condition,"","",narrow,P,PrA,679.01,end_of_pregnancy
BirthNarrow,Birth classified as narrow,ICD9CM,679.02,Maternal complications from in utero procedure- delivered- with mention of postpartum complication,"","",narrow,P,PrA,679.02,end_of_pregnancy
BirthNarrow,Birth classified as narrow,ICD9CM,679.02,Maternal complications from in utero procedure- delivered- with mention of postpartum complication,C2349604,Maternal complications from in utero procedure- delivered- with mention of postpartum complication,narrow,P,PrA,679.02,end_of_pregnancy
BirthNarrow,Birth classified as narrow,ICD9CM,679.04,Maternal complications from in utero procedure- postpartum condition or complication,C2349606,Maternal complications from in utero procedure- postpartum condition or complication,narrow,P,PrA,679.04,end_of_pregnancy
BirthNarrow,Birth classified as narrow,ICD9CM,679.11,Fetal complications from in utero procedure- delivered- with or without mention of antepartum condition,"","",narrow,P,PrA,679.11,end_of_pregnancy
BirthNarrow,Birth classified as narrow,ICD9CM,679.12,Fetal complications from in utero procedure- delivered- with mention of postpartum complication,"","",narrow,P,PrA,679.12,end_of_pregnancy
BirthNarrow,Birth classified as narrow,ICD9CM,V27.0,Outcome of delivery- single liveborn,C1313895,Encounter due to single live birth,narrow,P,PrA,V27.0,end_of_pregnancy
BirthNarrow,Birth classified as narrow,ICD9CM,V27.2,Outcome of delivery- twins- both liveborn,C0481459,Encounter due to birth of twins- both live born,narrow,P,PrA,V27.2,end_of_pregnancy
BirthNarrow,Birth classified as narrow,ICD9CM,V27.3,Outcome of delivery- twins- one liveborn and one stillborn,"","",narrow,P,PrA,V27.3,end_of_pregnancy
BirthNarrow,Birth classified as narrow,ICD9CM,V27.5,Outcome of delivery- other multiple birth- all liveborn,"","",narrow,P,PrA,V27.5,end_of_pregnancy
BirthNarrow,Birth classified as narrow,ICD9CM,V27.6,Outcome of delivery- other multiple birth- some liveborn,"","",narrow,P,PrA,V27.6,end_of_pregnancy
BirthNarrow,Birth classified as narrow,ICD9CM,V27.9,Outcome of delivery- unspecified outcome of delivery,C0260590,Mother with unspecified outcome of delivery,narrow,P,PrA,V27.9,end_of_pregnancy
BirthNarrow,Birth classified as narrow,ICPC2P,W92008,Laceration-perineum (obstet),C0269859,Obstetrical laceration,narrow,P,PrA,W92008,end_of_pregnancy
BirthNarrow,Birth classified as narrow,ICPC2P,W92009,Laceration-cervix (obstetric),C0157358,Laceration of cervix - obstetric,narrow,P,PrA,W92009,end_of_pregnancy
BirthNarrow,Birth classified as narrow,ICPC2P,W92025,Failed induction-medical,C0269808,Failed medical induction of labor,possible,P,PrA,W92025,end_of_pregnancy
BirthNarrow,Birth classified as narrow,MTHICD9,641.31,Antepartum hemorrhage associated with coagulation defects- with delivery,C0156630,Antepartum hemorrhage associated with coagulation defects- delivered- with or without mention of antepartum condition,narrow,P,PrA,641.31,end_of_pregnancy
BirthNarrow,Birth classified as narrow,MTHICD9,641.81,Other antepartum hemorrhage- with delivery,C0156634,Other antepartum hemorrhage- delivered- with or without mention of antepartum condition,narrow,P,PrA,641.81,end_of_pregnancy
BirthNarrow,Birth classified as narrow,MTHICD9,642.21,Other pre-existing hypertension- with delivery,C0156655,Other pre-existing hypertension- complicating pregnancy- childbirth- and the puerperium- delivered- with or without mention of antepartum condition,narrow,P,PrA,642.21,end_of_pregnancy
BirthNarrow,Birth classified as narrow,MTHICD9,642.22,Other pre-existing hypertension- with delivery- with mention of postpartum complication,C0156656,Other pre-existing hypertension- complicating pregnancy- childbirth- and the puerperium- delivered- with mention of postpartum complication,narrow,P,PrA,642.22,end_of_pregnancy
BirthNarrow,Birth classified as narrow,MTHICD9,642.32,Transient hypertension of pregnancy- with delivery- with mention of postpartum complication,C0156661,Transient hypertension of pregnancy- delivered- with mention of postpartum complication,narrow,P,PrA,642.32,end_of_pregnancy
BirthNarrow,Birth classified as narrow,MTHICD9,642.50,Severe pre-eclampsia- unspecified as to episode of care,C0156669,Severe pre-eclampsia- unspecified as to episode of care or not applicable,narrow,P,PrA,642.50,end_of_pregnancy
BirthNarrow,Birth classified as narrow,MTHICD9,642.51,Severe pre-eclampsia- with delivery,C0156670,Severe pre-eclampsia- delivered- with or without mention of antepartum condition,narrow,P,PrA,642.51,end_of_pregnancy
BirthNarrow,Birth classified as narrow,MTHICD9,642.52,Severe pre-eclampsia- with delivery- with mention of postpartum complication,C0156671,Severe pre-eclampsia- delivered- with mention of postpartum complication,narrow,P,PrA,642.52,end_of_pregnancy
BirthNarrow,Birth classified as narrow,MTHICD9,642.54,Severe pre-eclampsia- postpartum,C0156673,Severe pre-eclampsia- postpartum condition or complication,narrow,P,PrA,642.54,end_of_pregnancy
BirthNarrow,Birth classified as narrow,MTHICD9,642.71,Pre-eclampsia or eclampsia superimposed on pre-existing hypertension- with delivery,C0156681,Pre-eclampsia or eclampsia superimposed on pre-existing hypertension- delivered- with or without mention of antepartum condition,narrow,P,PrA,642.71,end_of_pregnancy
BirthNarrow,Birth classified as narrow,MTHICD9,642.72,Pre-eclampsia or eclampsia superimposed on pre-existing hypertension- with delivery- with mention of postpartum complication,C0156682,Pre-eclampsia or eclampsia superimposed on pre-existing hypertension- delivered- with mention of postpartum complication,narrow,P,PrA,642.72,end_of_pregnancy
BirthNarrow,Birth classified as narrow,MTHICD9,644.20,Early onset of delivery- unspecified as to episode of care,C0156718,Early onset of delivery- unspecified as to episode of care,narrow,P,PrA,644.20,end_of_pregnancy
BirthNarrow,Birth classified as narrow,MTHICD9,646.11,Edema or excessive weight gain in pregnancy- with delivery- with or without mention of antepartum complication,C0156730,Edema or excessive weight gain in pregnancy- without mention of hypertension- delivered- with or without mention of antepartum complication,narrow,P,PrA,646.11,end_of_pregnancy
BirthNarrow,Birth classified as narrow,MTHICD9,647.02,Syphilis of mother- complicating pregnancy- with delivery- with mention of postpartum complication,C0156778,Syphilis of mother- complicating pregnancy- childbirth- or the puerperium- delivered- with mention of postpartum complication,narrow,P,PrA,647.02,end_of_pregnancy
BirthNarrow,Birth classified as narrow,MTHICD9,647.22,Other venereal diseases of mother- with delivery- with mention of antepartum condition,C0490050,Other venereal diseases of mother- complicating pregnancy- childbirth- or the puerperium- delivered- with mention of postpartum complication,narrow,P,PrA,647.22,end_of_pregnancy
BirthNarrow,Birth classified as narrow,MTHICD9,647.31,Tuberculosis of mother- with delivery,C0156795,Tuberculosis of mother- complicating pregnancy- childbirth- or the puerperium- delivered- with or without mention of antepartum condition,narrow,P,PrA,647.31,end_of_pregnancy
BirthNarrow,Birth classified as narrow,MTHICD9,647.32,Tuberculosis of mother- with delivery- with mention of postpartum complication,C0156796,Tuberculosis of mother- complicating pregnancy- childbirth- or the puerperium- delivered- with mention of postpartum complication,narrow,P,PrA,647.32,end_of_pregnancy
BirthNarrow,Birth classified as narrow,MTHICD9,647.52,Rubella of mother- with delivery- with mention of postpartum complication,C0156808,Rubella in the mother- delivered- with mention of postpartum complication,narrow,P,PrA,647.52,end_of_pregnancy
BirthNarrow,Birth classified as narrow,MTHICD9,647.62,Other viral diseases of mother- with delivery- with mention of postpartum complication,C0156814,Other viral diseases in the mother- delivered- with mention of postpartum complication,narrow,P,PrA,647.62,end_of_pregnancy
BirthNarrow,Birth classified as narrow,MTHICD9,647.81,Other specified infectious and parasitic diseases of mother- with delivery,C0156819,Other specified infectious and parasitic diseases of mother- delivered- with or without mention of antepartum condition,narrow,P,PrA,647.81,end_of_pregnancy
BirthNarrow,Birth classified as narrow,MTHICD9,647.82,Other specified infectious and parasitic diseases of mother- with delivery- with mention of postpartum complication,C0156820,Other specified infectious and parasitic diseases of mother- delivered- with mention of postpartum complication,narrow,P,PrA,647.82,end_of_pregnancy
BirthNarrow,Birth classified as narrow,MTHICD9,648.11,Thyroid dysfunction of mother- with delivery,C0156838,Thyroid dysfunction of mother- delivered- with or without mention of antepartum condition,narrow,P,PrA,648.11,end_of_pregnancy
BirthNarrow,Birth classified as narrow,MTHICD9,648.12,Thyroid dysfunction of mother- with delivery- with mention of postpartum complication,C0156839,Thyroid dysfunction of mother- delivered- with mention of postpartum complication,narrow,P,PrA,648.12,end_of_pregnancy
BirthNarrow,Birth classified as narrow,MTHICD9,648.61,Other cardiovascular diseases of mother- with delivery,C0156868,Other cardiovascular diseases of mother- delivered- with or without mention of antepartum condition,narrow,P,PrA,648.61,end_of_pregnancy
BirthNarrow,Birth classified as narrow,MTHICD9,648.71,Bone and joint disorders of back- pelvis and lower limbs of mother- with delivery,C0156874,Bone and joint disorders of back- pelvis- and lower limbs of mother- delivered- with or without mention of antepartum condition,narrow,P,PrA,648.71,end_of_pregnancy
BirthNarrow,Birth classified as narrow,MTHICD9,648.91,Other current conditions classifiable elsewhere of mother- with delivery,C0156886,Other current conditions classifiable elsewhere of mother- delivered- with or without mention of antepartum condition,narrow,P,PrA,648.91,end_of_pregnancy
BirthNarrow,Birth classified as narrow,MTHICD9,652.31,Transverse or oblique presentation of fetus- delivered,C0375392,Transverse or oblique presentation- delivered- with or without mention of antepartum condition,narrow,P,PrA,652.31,end_of_pregnancy
BirthNarrow,Birth classified as narrow,MTHICD9,652.4,Mentum presentation of fetus,C0269707,Mentum presentation of fetus,narrow,P,PrA,652.4,end_of_pregnancy
BirthNarrow,Birth classified as narrow,MTHICD9,652.43,Face or brow presentation- antepartum,C0156943,Face or brow presentation- antepartum condition or complication,narrow,P,PrA,652.43,end_of_pregnancy
BirthNarrow,Birth classified as narrow,MTHICD9,652.5,Failure of head to enter pelvic brim,C0426187,Failure of fetal head to enter pelvic brim,narrow,P,PrA,652.5,end_of_pregnancy
BirthNarrow,Birth classified as narrow,MTHICD9,653.31,Outlet contraction of pelvis- delivered,C0156979,Outlet pelvic contraction - delivered,narrow,P,PrA,653.31,end_of_pregnancy
BirthNarrow,Birth classified as narrow,MTHICD9,654.11,Tumors of body of uterus- with delivery,C0157013,Tumors of body of uterus- delivered- with or without mention of antepartum condition,narrow,P,PrA,654.11,end_of_pregnancy
BirthNarrow,Birth classified as narrow,MTHICD9,654.21,Previous cesarean section complicating pregnancy- delivered- with or without mention of antepartum condition,C0375395,Previous cesarean delivery- delivered- with or without mention of antepartum condition,narrow,P,PrA,654.21,end_of_pregnancy
BirthNarrow,Birth classified as narrow,MTHICD9,654.31,Retroverted and incarcerated gravid uterus- delivered,C0157023,Retroverted incarcerated gravid uterus - delivered,narrow,P,PrA,654.31,end_of_pregnancy
BirthNarrow,Birth classified as narrow,MTHICD9,654.71,Congenital or acquired abnormality of vagina- with delivery,C0157047,Congenital or acquired abnormality of vagina- delivered- with or without mention of antepartum condition,narrow,P,PrA,654.71,end_of_pregnancy
BirthNarrow,Birth classified as narrow,MTHICD9,654.81,Congenital or acquired abnormality of vulva- with delivery,C0157053,Congenital or acquired abnormality of vulva- delivered- with or without mention of antepartum condition,narrow,P,PrA,654.81,end_of_pregnancy
BirthNarrow,Birth classified as narrow,MTHICD9,654.91,Other and unspecified abnormality of organs and soft tissues of pelvis- with delivery,C0157059,Other and unspecified abnormality of organs and soft tissues of pelvis- delivered- with or without mention of antepartum condition,narrow,P,PrA,654.91,end_of_pregnancy
BirthNarrow,Birth classified as narrow,MTHICD9,655.11,Chromosomal abnormality in fetus affecting management of mother- with delivery,C0157070,Chromosomal abnormality in fetus- affecting management of mother- delivered- with or without mention of antepartum condition,narrow,P,PrA,655.11,end_of_pregnancy
BirthNarrow,Birth classified as narrow,MTHICD9,655.31,Suspected damage to fetus from viral disease in the mother- affecting management of mother- with delivery,C0157078,Suspected damage to fetus from viral disease in the mother- affecting management of mother- delivered- with or without mention of antepartum condition,narrow,P,PrA,655.31,end_of_pregnancy
BirthNarrow,Birth classified as narrow,MTHICD9,655.41,Suspected damage to fetus from other disease in the mother- affecting management of mother- with delivery,C0157082,Suspected damage to fetus from other disease in the mother- affecting management of mother- delivered- with or without mention of antepartum condition,narrow,P,PrA,655.41,end_of_pregnancy
BirthNarrow,Birth classified as narrow,MTHICD9,655.51,Suspected damage to fetus from drugs- affecting management of mother- delivered,C0157086,Suspected damage to fetus from drugs- affecting management of mother- delivered- with or without mention of antepartum condition,narrow,P,PrA,655.51,end_of_pregnancy
BirthNarrow,Birth classified as narrow,MTHICD9,655.91,Unspecified suspected fetal abnormality affecting management of mother- delivered,C0157098,Unspecified suspected fetal abnormality- affecting management of mother- delivered- with or without mention of antepartum condition,narrow,P,PrA,655.91,end_of_pregnancy
BirthNarrow,Birth classified as narrow,MTHICD9,656.21,Isoimmunization from other and unspecified blood-group incompatibility affecting management of mother- delivered,C0157110,Isoimmunization from other and unspecified blood-group incompatibility- delivered- with or without mention of antepartum condition,narrow,P,PrA,656.21,end_of_pregnancy
BirthNarrow,Birth classified as narrow,MTHICD9,656.31,Fetal distress affecting management of mother- delivered,C0157113,Fetal distress- affecting management of mother- delivered- with or without mention of antepartum condition,narrow,P,PrA,656.31,end_of_pregnancy
BirthNarrow,Birth classified as narrow,MTHICD9,659.00,Failed mechanical induction of labor- unspecified as to episode of care,C0157168,Failed mechanical induction of labor- unspecified as to episode of care or not applicable,possible,P,PrA,659.00,end_of_pregnancy
BirthNarrow,Birth classified as narrow,MTHICD9,659.1,Failed induction NOS,C0269806,Failed induction of labor,possible,P,PrA,659.1,end_of_pregnancy
BirthNarrow,Birth classified as narrow,MTHICD9,659.10,Failed medical or unspecified induction of labor- unspecified as to episode of care,C0157172,Failed medical or unspecified induction of labor- unspecified as to episode of care or not applicable,possible,P,PrA,659.10,end_of_pregnancy
BirthNarrow,Birth classified as narrow,MTHICD9,660.31,Deep transverse arrest and persistent occipitoposterior position- with delivery,C0157213,Deep transverse arrest and persistent occipitoposterior position- delivered- with or without mention of antepartum condition,narrow,P,PrA,660.31,end_of_pregnancy
BirthNarrow,Birth classified as narrow,MTHICD9,663.91,Unspecified umbilical cord complication during labor and delivery- delivered,C0157309,Unspecified umbilical cord complication complicating labor and delivery- delivered- with or without mention of antepartum condition,narrow,P,PrA,663.91,end_of_pregnancy
BirthNarrow,Birth classified as narrow,MTHICD9,664.1,Second-degree perineal laceration- rupture- or tear following episiotomy involving perineal muscles,C0269872,second-degree perineal laceration during delivery involving perineal muscles,narrow,P,PrA,664.1,end_of_pregnancy
BirthNarrow,Birth classified as narrow,MTHICD9,664.10,Second-degree perineal laceration- unspecified as to episode of care in pregnancy,C0157317,Second-degree perineal laceration- unspecified as to episode of care or not applicable,narrow,P,PrA,664.10,end_of_pregnancy
BirthNarrow,Birth classified as narrow,MTHICD9,664.11,Second-degree perineal laceration- with delivery,C0269870,Second degree perineal laceration,narrow,P,PrA,664.11,end_of_pregnancy
BirthNarrow,Birth classified as narrow,MTHICD9,664.20,Third-degree perineal laceration- unspecified as to episode of care in pregnancy,C0157321,Third-degree perineal laceration- unspecified as to episode of care or not applicable,narrow,P,PrA,664.20,end_of_pregnancy
BirthNarrow,Birth classified as narrow,MTHICD9,664.21,Third-degree perineal laceration- with delivery,C0269874,Third degree perineal laceration,narrow,P,PrA,664.21,end_of_pregnancy
BirthNarrow,Birth classified as narrow,MTHICD9,664.4,Central laceration of perineum during delivery,C0269859,Obstetrical laceration,narrow,P,PrA,664.4,end_of_pregnancy
BirthNarrow,Birth classified as narrow,MTHICD9,664.41,Unspecified perineal laceration- with delivery,C0269859,Obstetrical laceration,narrow,P,PrA,664.41,end_of_pregnancy
BirthNarrow,Birth classified as narrow,MTHICD9,664.51,Vulvar and perineal hematoma- with delivery,C0157334,Vulvar and perineal hematoma- delivered- with or without mention of antepartum condition,narrow,P,PrA,664.51,end_of_pregnancy
BirthNarrow,Birth classified as narrow,MTHICD9,665.31,Laceration of cervix- with delivery,C0157358,Laceration of cervix - obstetric,narrow,P,PrA,665.31,end_of_pregnancy
BirthNarrow,Birth classified as narrow,MTHICD9,665.4,High vaginal laceration during labor,C0157362,High vaginal laceration during and after labor,narrow,P,PrA,665.4,end_of_pregnancy
BirthNarrow,Birth classified as narrow,MTHICD9,665.7,Obstetrical hematoma of vagina,C0269896,Hematoma of vagina during delivery,narrow,P,PrA,665.7,end_of_pregnancy
BirthNarrow,Birth classified as narrow,MTHICD9,665.71,Pelvic hematoma- with delivery,C0269895,Pelvic hematoma during delivery,narrow,P,PrA,665.71,end_of_pregnancy
BirthNarrow,Birth classified as narrow,MTHICD9,667.0,Retained placenta NOS without hemorrhage,C0269905,Retained placenta- without hemorrhage,narrow,P,PrA,667.0,end_of_pregnancy
BirthNarrow,Birth classified as narrow,MTHICD9,667.00,Retained placenta without hemorrhage- unspecified as to episode of care,C0157405,Retained placenta without hemorrhage- unspecified as to episode of care or not applicable,narrow,P,PrA,667.00,end_of_pregnancy
BirthNarrow,Birth classified as narrow,MTHICD9,667.02,Retained placenta without hemorrhage- delivered- with mention of postpartum complication,"","",narrow,P,PrA,667.02,end_of_pregnancy
BirthNarrow,Birth classified as narrow,MTHICD9,667.1,Retained products of conception following delivery- without hemorrhage,C0157408,Retained portions of placenta AND-OR membranes without hemorrhage,narrow,P,PrA,667.1,end_of_pregnancy
BirthNarrow,Birth classified as narrow,MTHICD9,667.10,Retained portions of placenta or membranes- without hemorrhage- unspecified as to episode of care,C0157409,Retained portions of placenta or membranes- without hemorrhage- unspecified as to episode of care or not applicable,narrow,P,PrA,667.10,end_of_pregnancy
BirthNarrow,Birth classified as narrow,MTHICD9,667.12,Retained portions of placenta or membranes- without hemorrhage- delivered- with mention of postpartum complication,"","",narrow,P,PrA,667.12,end_of_pregnancy
BirthNarrow,Birth classified as narrow,MTHICD9,669.1,Obstetric shock,C0157450,Shock during AND-OR following labor AND-OR delivery,narrow,P,PrA,669.1,end_of_pregnancy
BirthNarrow,Birth classified as narrow,MTHICD9,669.10,Shock during or following labor and delivery- unspecified as to episode of care,C0157451,Shock during or following labor and delivery- unspecified as to episode of care or not applicable,narrow,P,PrA,669.10,end_of_pregnancy
BirthNarrow,Birth classified as narrow,MTHICD9,669.30,Acute renal failure following labor and delivery- unspecified as to episode of care,C0157462,Acute kidney failure following labor and delivery- unspecified as to episode of care or not applicable,narrow,P,PrA,669.30,end_of_pregnancy
BirthNarrow,Birth classified as narrow,MTHICD9,673.12,Amniotic fluid embolism- with delivery- with mention of postpartum complication,C0157549,Amniotic fluid embolism- delivered- with mention of postpartum complication,narrow,P,PrA,673.12,end_of_pregnancy
BirthNarrow,Birth classified as narrow,MTHICD9,674.2,Secondary perineal tear,C0269967,Secondary perineal tear in the puerperium,narrow,P,PrA,674.2,end_of_pregnancy
BirthNarrow,Birth classified as narrow,MTHICD9,674.3,Hematoma of cesarean section or perineal wound,C0269968,Hematoma of cesarean section or perineal wound,narrow,P,PrA,674.3,end_of_pregnancy
BirthNarrow,Birth classified as narrow,MTHICD9,674.51,Peripartum cardiomyopathy- with delivery- with or without mention of antepartum condition,C1260428,Peripartum cardiomyopathy- delivered- with or without mention of antepartum condition,narrow,P,PrA,674.51,end_of_pregnancy
BirthNarrow,Birth classified as narrow,MTHICD9,674.52,Peripartum cardiomyopathy- with delivery- with mention of postpartum complication,C1260429,Peripartum cardiomyopathy- delivered- with mention of postpartum condition,narrow,P,PrA,674.52,end_of_pregnancy
BirthNarrow,Birth classified as narrow,MTHICD9,674.53,Peripartum cardiomyopathy- antepartum,C1260430,Peripartum cardiomyopathy- antepartum condition or complication,narrow,P,PrA,674.53,end_of_pregnancy
BirthNarrow,Birth classified as narrow,MTHICD9,675.14,Abscess of breast- postpartum,C0405309,Obstetric breast abscess - delivered,narrow,P,PrA,675.14,end_of_pregnancy
BirthNarrow,Birth classified as narrow,MTHICD9,V27.0,Mother with single liveborn,C1313895,Encounter due to single live birth,narrow,P,PrA,V27.0,end_of_pregnancy
BirthNarrow,Birth classified as narrow,MTHICD9,V27.2,Mother with twins- both liveborn,C0481459,Encounter due to birth of twins- both live born,narrow,P,PrA,V27.2,end_of_pregnancy
BirthNarrow,Birth classified as narrow,MTHICD9,V27.9,Mother with unspecified outcome of delivery,C0260590,Mother with unspecified outcome of delivery,narrow,P,PrA,V27.9,end_of_pregnancy
BirthNarrow,Birth classified as narrow,RCD2,7F12.,Elective caesarean delivery,C0473296,Elective cesarian delivery procedure,narrow,P,PrA,7F12.,end_of_pregnancy
BirthNarrow,Birth classified as narrow,RCD2,7F121,Elect lower segm caesar deliv,C0473298,Elective lower segment cesarean section,narrow,P,PrA,7F121,end_of_pregnancy
BirthNarrow,Birth classified as narrow,RCD2,7F12z,Elective caesarian deliv NOS,C0473296,Elective cesarian delivery procedure,narrow,P,PrA,7F12z,end_of_pregnancy
BirthNarrow,Birth classified as narrow,RCD2,7F13.,Other caesarean delivery,C0473294,Other caesarean delivery,narrow,P,PrA,7F13.,end_of_pregnancy
BirthNarrow,Birth classified as narrow,RCD2,7F131,Lower segm caesar delivery NEC,C0473299,Emergency lower segment cesarean section,narrow,P,PrA,7F131,end_of_pregnancy
BirthNarrow,Birth classified as narrow,RCD2,7F132,Extraperitoneal caesarean sect,C0195621,Extraperitoneal cesarean section,narrow,P,PrA,7F132,end_of_pregnancy
BirthNarrow,Birth classified as narrow,RCD2,7F13y,Other caesarean delivery OS,C0473295,Other specified other caesarean delivery,narrow,P,PrA,7F13y,end_of_pregnancy
BirthNarrow,Birth classified as narrow,RCD2,7F13z,Other caesarean delivery NOS,C0473294,Other caesarean delivery,narrow,P,PrA,7F13z,end_of_pregnancy
BirthNarrow,Birth classified as narrow,RCD2,7F1A0,Caesarean hysterectomy,C0195623,Cesarean hysterectomy,narrow,P,PrA,7F1A0,end_of_pregnancy
BirthNarrow,Birth classified as narrow,RCD2,L225.,Face presentation,C0233269,Face presentation of fetus,narrow,P,PrA,L225.,end_of_pregnancy
BirthNarrow,Birth classified as narrow,RCD2,L225z,Face presentation NOS,C0233269,Face presentation of fetus,narrow,P,PrA,L225z,end_of_pregnancy
BirthNarrow,Birth classified as narrow,RCD2,L227.,High head at term,C0426187,Failure of fetal head to enter pelvic brim,narrow,P,PrA,L227.,end_of_pregnancy
BirthNarrow,Birth classified as narrow,RCD2,L2270,High head at term unspecified,C0426187,Failure of fetal head to enter pelvic brim,narrow,P,PrA,L2270,end_of_pregnancy
BirthNarrow,Birth classified as narrow,RCD2,L227z,High head at term NOS,C0426187,Failure of fetal head to enter pelvic brim,narrow,P,PrA,L227z,end_of_pregnancy
BirthNarrow,Birth classified as narrow,RCD2,L229.,Prolapsed arm presentation,C0269709,Presentation of prolapsed arm of fetus,narrow,P,PrA,L229.,end_of_pregnancy
BirthNarrow,Birth classified as narrow,RCD2,L2331,Outlet pelvic contract.-deliv.,C0156979,Outlet pelvic contraction - delivered,narrow,P,PrA,L2331,end_of_pregnancy
BirthNarrow,Birth classified as narrow,RCD2,L2341,Mixed feto-pelvic dispr-deliv.,C0405018,Mixed feto-pelvic disproportion - delivered,narrow,P,PrA,L2341,end_of_pregnancy
BirthNarrow,Birth classified as narrow,RCD2,L2431,Retr.incar.grav.uterus-deliv.,C0157023,Retroverted incarcerated gravid uterus - delivered,narrow,P,PrA,L2431,end_of_pregnancy
BirthNarrow,Birth classified as narrow,RCD2,L291.,Failed medical-unsp.induction,C0269808,Failed medical induction of labor,possible,P,PrA,L291.,end_of_pregnancy
BirthNarrow,Birth classified as narrow,RCD2,L2910,Failed medical induction unsp.,C0405189,Failed medical or unspecified induction of labor,possible,P,PrA,L2910,end_of_pregnancy
BirthNarrow,Birth classified as narrow,RCD2,L291z,Failed medical-unsp.induct.NOS,C0405189,Failed medical or unspecified induction of labor,possible,P,PrA,L291z,end_of_pregnancy
BirthNarrow,Birth classified as narrow,RCD2,L3...,Labour-delivery complications,C0269815,Complication of labor and delivery- unspecified,narrow,P,PrA,L3...,end_of_pregnancy
BirthNarrow,Birth classified as narrow,RCD2,L3004,Obstruct labour-face presentn,C0475557,Obstructed labor due to face presentation,narrow,P,PrA,L3004,end_of_pregnancy
BirthNarrow,Birth classified as narrow,RCD2,L307.,Failed trial of labour unspec.,C0157223,Failed trial of labor,possible,P,PrA,L307.,end_of_pregnancy
BirthNarrow,Birth classified as narrow,RCD2,L307z,Failed trial labour NOS,C0157223,Failed trial of labor,possible,P,PrA,L307z,end_of_pregnancy
BirthNarrow,Birth classified as narrow,RCD2,L34..,Perineum-vulva delivery trauma,C0269859,Obstetrical laceration,narrow,P,PrA,L34..,end_of_pregnancy
BirthNarrow,Birth classified as narrow,RCD2,L3410,2nd degree perineal tear unsp.,C0269870,Second degree perineal laceration,narrow,P,PrA,L3410,end_of_pregnancy
BirthNarrow,Birth classified as narrow,RCD2,L341z,Second degr.perineal tear NOS,C0269870,Second degree perineal laceration,narrow,P,PrA,L341z,end_of_pregnancy
BirthNarrow,Birth classified as narrow,RCD2,L3420,3rd degree perineal tear unsp.,C0269874,Third degree perineal laceration,narrow,P,PrA,L3420,end_of_pregnancy
BirthNarrow,Birth classified as narrow,RCD2,L342z,Third degree perineal tear NOS,C0269874,Third degree perineal laceration,narrow,P,PrA,L342z,end_of_pregnancy
BirthNarrow,Birth classified as narrow,RCD2,L344.,Perineal laceration unspecif.,C0269859,Obstetrical laceration,narrow,P,PrA,L344.,end_of_pregnancy
BirthNarrow,Birth classified as narrow,RCD2,L3440,Perineal tear unspecified,C0269859,Obstetrical laceration,narrow,P,PrA,L3440,end_of_pregnancy
BirthNarrow,Birth classified as narrow,RCD2,L344z,Perineal tear unspecified NOS,C0269859,Obstetrical laceration,narrow,P,PrA,L344z,end_of_pregnancy
BirthNarrow,Birth classified as narrow,RCD2,L3450,Vulval-perineal haematoma unsp,C0157332,Vulval and perineal hematoma during delivery,narrow,P,PrA,L3450,end_of_pregnancy
BirthNarrow,Birth classified as narrow,RCD2,L345z,Vulval-perineal haematoma NOS,C0157332,Vulval and perineal hematoma during delivery,narrow,P,PrA,L345z,end_of_pregnancy
BirthNarrow,Birth classified as narrow,RCD2,L353.,Obstetric laceration of cervix,C0157358,Laceration of cervix - obstetric,narrow,P,PrA,L353.,end_of_pregnancy
BirthNarrow,Birth classified as narrow,RCD2,L3530,Laceration of cervix unspecif.,C0157358,Laceration of cervix - obstetric,narrow,P,PrA,L3530,end_of_pregnancy
BirthNarrow,Birth classified as narrow,RCD2,L353z,Laceration of cervix NOS,C0157358,Laceration of cervix - obstetric,narrow,P,PrA,L353z,end_of_pregnancy
BirthNarrow,Birth classified as narrow,RCD2,L354.,Obstet high vaginal laceration,C0269887,Obstetric high vaginal laceration,narrow,P,PrA,L354.,end_of_pregnancy
BirthNarrow,Birth classified as narrow,RCD2,L3540,High vaginal laceration unspec,C0269887,Obstetric high vaginal laceration,narrow,P,PrA,L3540,end_of_pregnancy
BirthNarrow,Birth classified as narrow,RCD2,L354z,High vaginal laceration NOS,C0269887,Obstetric high vaginal laceration,narrow,P,PrA,L354z,end_of_pregnancy
BirthNarrow,Birth classified as narrow,RCD2,L357.,Obstetrics + pelvic haematoma,C0269895,Pelvic hematoma during delivery,narrow,P,PrA,L357.,end_of_pregnancy
BirthNarrow,Birth classified as narrow,RCD2,L3570,Obst.+ pelvic haematoma unsp.,C0269895,Pelvic hematoma during delivery,narrow,P,PrA,L3570,end_of_pregnancy
BirthNarrow,Birth classified as narrow,RCD2,L357z,Obst.+ pelvic haematoma NOS,C0269895,Pelvic hematoma during delivery,narrow,P,PrA,L357z,end_of_pregnancy
BirthNarrow,Birth classified as narrow,RCD2,L3700,Retained placenta+no h-ge unsp,C0269905,Retained placenta- without hemorrhage,narrow,P,PrA,L3700,end_of_pregnancy
BirthNarrow,Birth classified as narrow,RCD2,L390.,Maternal distress,C0473485,Maternal distress,narrow,P,PrA,L390.,end_of_pregnancy
BirthNarrow,Birth classified as narrow,RCD2,L3900,Maternal distress unspecified,C0473485,Maternal distress,narrow,P,PrA,L3900,end_of_pregnancy
BirthNarrow,Birth classified as narrow,RCD2,L390z,Maternal distress NOS,C0473485,Maternal distress,narrow,P,PrA,L390z,end_of_pregnancy
BirthNarrow,Birth classified as narrow,RCD2,L391.,Obstetric shock,C0157450,Shock during AND-OR following labor AND-OR delivery,narrow,P,PrA,L391.,end_of_pregnancy
BirthNarrow,Birth classified as narrow,RCD2,L3910,Obstetric shock unspecified,C0157450,Shock during AND-OR following labor AND-OR delivery,narrow,P,PrA,L3910,end_of_pregnancy
BirthNarrow,Birth classified as narrow,RCD2,L391z,Obstetric shock NOS,C0157450,Shock during AND-OR following labor AND-OR delivery,narrow,P,PrA,L391z,end_of_pregnancy
BirthNarrow,Birth classified as narrow,RCD2,L39z0,Labour-deliv.complic.unspecif.,C0269815,Complication of labor and delivery- unspecified,narrow,P,PrA,L39z0,end_of_pregnancy
BirthNarrow,Birth classified as narrow,RCD2,L3z..,Labour-delivery complic.NOS,C0269815,Complication of labor and delivery- unspecified,narrow,P,PrA,L3z..,end_of_pregnancy
BirthNarrow,Birth classified as narrow,RCD2,L4511,Obst.breast abscess-delivered,C0405309,Obstetric breast abscess - delivered,narrow,P,PrA,L4511,end_of_pregnancy
BirthNarrow,Birth classified as narrow,RCD2,Lyu4.,[X]Complicatns-labour+delivery,C0269815,Complication of labor and delivery- unspecified,narrow,P,PrA,Lyu4.,end_of_pregnancy
BirthNarrow,Birth classified as narrow,SCTSPA,10217006,laceración perineal de tercer grado,C0269874,Third degree perineal laceration,narrow,P,PrA,10217006,end_of_pregnancy
BirthNarrow,Birth classified as narrow,SCTSPA,106007006,afeccion materna Y-O fetal que afecta el trabajo de parto Y-O el parto,"","",narrow,P,PrA,106007006,end_of_pregnancy
BirthNarrow,Birth classified as narrow,SCTSPA,10808861000119105,sufrimiento materno durante el nacimiento (trastorno),"","",narrow,P,PrA,10808861000119105,end_of_pregnancy
BirthNarrow,Birth classified as narrow,SCTSPA,109894007,placenta retenida (trastorno),"","",narrow,P,PrA,109894007,end_of_pregnancy
BirthNarrow,Birth classified as narrow,SCTSPA,111453004,placenta retenida- sin hemorragia,C0269905,Retained placenta- without hemorrhage,narrow,P,PrA,111453004,end_of_pregnancy
BirthNarrow,Birth classified as narrow,SCTSPA,111453004,placenta retenida- sin hemorragia (trastorno),"","",narrow,P,PrA,111453004,end_of_pregnancy
BirthNarrow,Birth classified as narrow,SCTSPA,111454005,porciones retenidas de placenta Y-O membranas sin hemorragia,C0157408,Retained portions of placenta AND-OR membranes without hemorrhage,narrow,P,PrA,111454005,end_of_pregnancy
BirthNarrow,Birth classified as narrow,SCTSPA,112070001,inicio de trabajo de parto inducido (hallazgo),"","",narrow,P,PrA,112070001,end_of_pregnancy
BirthNarrow,Birth classified as narrow,SCTSPA,112927003,rotación manual de la cabeza fetal (procedimiento),"","",narrow,P,PrA,112927003,end_of_pregnancy
BirthNarrow,Birth classified as narrow,SCTSPA,11466000,operación cesárea (procedimiento),"","",narrow,P,PrA,11466000,end_of_pregnancy
BirthNarrow,Birth classified as narrow,SCTSPA,118215003,hallazgo relacionado con el parto (hallazgo),"","",narrow,P,PrA,118215003,end_of_pregnancy
BirthNarrow,Birth classified as narrow,SCTSPA,1197219005,Elective lower segment cesarean section through inverted T shaped incision of uterus,"","",narrow,P,PrA,1197219005,end_of_pregnancy
BirthNarrow,Birth classified as narrow,SCTSPA,12172008,desgarro obstétrico,C0269859,Obstetrical laceration,narrow,P,PrA,12172008,end_of_pregnancy
BirthNarrow,Birth classified as narrow,SCTSPA,123139003,laceración obstétrica- segundo grado,C0269870,Second degree perineal laceration,narrow,P,PrA,123139003,end_of_pregnancy
BirthNarrow,Birth classified as narrow,SCTSPA,123190002,laceración obstétrica,C0269859,Obstetrical laceration,narrow,P,PrA,123190002,end_of_pregnancy
BirthNarrow,Birth classified as narrow,SCTSPA,123191003,laceración obstétrica- tercer grado,C0269874,Third degree perineal laceration,narrow,P,PrA,123191003,end_of_pregnancy
BirthNarrow,Birth classified as narrow,SCTSPA,149985002,Other caesarean delivery NOS,C0473294,Other caesarean delivery,narrow,P,PrA,149985002,end_of_pregnancy
BirthNarrow,Birth classified as narrow,SCTSPA,15586008,laceración del surco o pared vaginal sin laceración perineal durante el parto,C0269887,Obstetric high vaginal laceration,narrow,P,PrA,15586008,end_of_pregnancy
BirthNarrow,Birth classified as narrow,SCTSPA,156261009,complicaciones del trabajo de parto y parto- SAI,C0269815,Complication of labor and delivery- unspecified,narrow,P,PrA,156261009,end_of_pregnancy
BirthNarrow,Birth classified as narrow,SCTSPA,169961004,nacimiento normal (hallazgo),"","",narrow,P,PrA,169961004,end_of_pregnancy
BirthNarrow,Birth classified as narrow,SCTSPA,177141003,Elective cesarean section,"","",narrow,P,PrA,177141003,end_of_pregnancy
BirthNarrow,Birth classified as narrow,SCTSPA,177141003,operación cesárea programada (procedimiento),"","",narrow,P,PrA,177141003,end_of_pregnancy
BirthNarrow,Birth classified as narrow,SCTSPA,177142005,Elective upper segment cesarean section,"","",narrow,P,PrA,177142005,end_of_pregnancy
BirthNarrow,Birth classified as narrow,SCTSPA,177143000,Elective lower segment cesarean section,"","",narrow,P,PrA,177143000,end_of_pregnancy
BirthNarrow,Birth classified as narrow,SCTSPA,177145007,parto por cesárea programada- SAI,C0473296,Elective cesarian delivery procedure,narrow,P,PrA,177145007,end_of_pregnancy
BirthNarrow,Birth classified as narrow,SCTSPA,177146008,otro parto por cesárea,C0473294,Other caesarean delivery,narrow,P,PrA,177146008,end_of_pregnancy
BirthNarrow,Birth classified as narrow,SCTSPA,177149001,otro parto por cesárea especificado de otro modo,C0473295,Other specified other caesarean delivery,narrow,P,PrA,177149001,end_of_pregnancy
BirthNarrow,Birth classified as narrow,SCTSPA,177150001,otro parto por cesárea- SAI,C0473294,Other caesarean delivery,narrow,P,PrA,177150001,end_of_pregnancy
BirthNarrow,Birth classified as narrow,SCTSPA,177184002,procedimiento de parto normal (procedimiento),"","",narrow,P,PrA,177184002,end_of_pregnancy
BirthNarrow,Birth classified as narrow,SCTSPA,199314001,parto normal con presencia de enfermedades prenatales o posnatales (trastorno),"","",narrow,P,PrA,199314001,end_of_pregnancy
BirthNarrow,Birth classified as narrow,SCTSPA,199331008,parto múltiple- todos nacidos por cesárea (hallazgo),"","",narrow,P,PrA,199331008,end_of_pregnancy
BirthNarrow,Birth classified as narrow,SCTSPA,199368006,presentación de cara- SAI,C0233269,Face presentation of fetus,narrow,P,PrA,199368006,end_of_pregnancy
BirthNarrow,Birth classified as narrow,SCTSPA,199413006,contracción del estrecho inferior de la pelvis - nacido,C0156979,Outlet pelvic contraction - delivered,narrow,P,PrA,199413006,end_of_pregnancy
BirthNarrow,Birth classified as narrow,SCTSPA,199418002,desproporción feto-pélvica mixta - nacido,C0405018,Mixed feto-pelvic disproportion - delivered,narrow,P,PrA,199418002,end_of_pregnancy
BirthNarrow,Birth classified as narrow,SCTSPA,199468005,útero grávido en retroversión encarcelado - nacido,C0157023,Retroverted incarcerated gravid uterus - delivered,narrow,P,PrA,199468005,end_of_pregnancy
BirthNarrow,Birth classified as narrow,SCTSPA,199699000,inducción del parto médica o no especificada- fallida- no especificada,C0405189,Failed medical or unspecified induction of labor,possible,P,PrA,199699000,end_of_pregnancy
BirthNarrow,Birth classified as narrow,SCTSPA,199702007,fracaso de la inducción médica o no especificada- SAI,C0405189,Failed medical or unspecified induction of labor,possible,P,PrA,199702007,end_of_pregnancy
BirthNarrow,Birth classified as narrow,SCTSPA,199745000,complicaciones durante el trabajo de parto y el parto,C0269815,Complication of labor and delivery- unspecified,narrow,P,PrA,199745000,end_of_pregnancy
BirthNarrow,Birth classified as narrow,SCTSPA,199746004,trabajo de parto obstruido (trastorno),"","",narrow,P,PrA,199746004,end_of_pregnancy
BirthNarrow,Birth classified as narrow,SCTSPA,199752003,trabajo de parto obstruido por presentación de cara,C0475557,Obstructed labor due to face presentation,narrow,P,PrA,199752003,end_of_pregnancy
BirthNarrow,Birth classified as narrow,SCTSPA,199767004,trabajo de parto obstruido por partes blandas pélvicas (trastorno),"","",narrow,P,PrA,199767004,end_of_pregnancy
BirthNarrow,Birth classified as narrow,SCTSPA,199790009,prueba de parto fallida,C0157223,Failed trial of labor,possible,P,PrA,199790009,end_of_pregnancy
BirthNarrow,Birth classified as narrow,SCTSPA,199795004,prueba de trabajo de parto fallida- SAI,C0157223,Failed trial of labor,possible,P,PrA,199795004,end_of_pregnancy
BirthNarrow,Birth classified as narrow,SCTSPA,199924000,desgarro perineal de segundo grado durante el parto- no especificado,C0269870,Second degree perineal laceration,narrow,P,PrA,199924000,end_of_pregnancy
BirthNarrow,Birth classified as narrow,SCTSPA,199927007,desgarro perineal de segundo grado durante el parto- SAI,C0269870,Second degree perineal laceration,narrow,P,PrA,199927007,end_of_pregnancy
BirthNarrow,Birth classified as narrow,SCTSPA,199929005,desgarro perineal de tercer grado durante el parto- no especificado,C0269874,Third degree perineal laceration,narrow,P,PrA,199929005,end_of_pregnancy
BirthNarrow,Birth classified as narrow,SCTSPA,199932008,desgarro perineal de tercer grado durante el parto- SAI,C0269874,Third degree perineal laceration,narrow,P,PrA,199932008,end_of_pregnancy
BirthNarrow,Birth classified as narrow,SCTSPA,199937002,laceración perineal durante el parto- no especificada,C0269859,Obstetrical laceration,narrow,P,PrA,199937002,end_of_pregnancy
BirthNarrow,Birth classified as narrow,SCTSPA,199938007,laceración perineal intraparto no especificada - no especificado,C0269859,Obstetrical laceration,narrow,P,PrA,199938007,end_of_pregnancy
BirthNarrow,Birth classified as narrow,SCTSPA,199941003,laceración perineal durante el parto- no especificada- SAI,C0269859,Obstetrical laceration,narrow,P,PrA,199941003,end_of_pregnancy
BirthNarrow,Birth classified as narrow,SCTSPA,199943000,hematoma vulvar y perineal durante el parto- no especificado,C0157332,Vulval and perineal hematoma during delivery,narrow,P,PrA,199943000,end_of_pregnancy
BirthNarrow,Birth classified as narrow,SCTSPA,199946008,hematoma vulvar y perineal durante el parto- SAI,C0157332,Vulval and perineal hematoma during delivery,narrow,P,PrA,199946008,end_of_pregnancy
BirthNarrow,Birth classified as narrow,SCTSPA,199972004,laceración obstétrica de cuello uterino,C0157358,Laceration of cervix - obstetric,narrow,P,PrA,199972004,end_of_pregnancy
BirthNarrow,Birth classified as narrow,SCTSPA,199973009,laceración del cérvix de causa obstétrica no especificada,C0157358,Laceration of cervix - obstetric,narrow,P,PrA,199973009,end_of_pregnancy
BirthNarrow,Birth classified as narrow,SCTSPA,199976001,laceración del cérvix uterino de causa obstétrica- SAI,C0157358,Laceration of cervix - obstetric,narrow,P,PrA,199976001,end_of_pregnancy
BirthNarrow,Birth classified as narrow,SCTSPA,199977005,laceración obstétrica de la porción superior de la vagina,C0269887,Obstetric high vaginal laceration,narrow,P,PrA,199977005,end_of_pregnancy
BirthNarrow,Birth classified as narrow,SCTSPA,199978000,laceración vaginal alta de causa obstétrica no especificada,C0269887,Obstetric high vaginal laceration,narrow,P,PrA,199978000,end_of_pregnancy
BirthNarrow,Birth classified as narrow,SCTSPA,199981005,laceración vaginal alta de causa obstétrica- SAI,C0269887,Obstetric high vaginal laceration,narrow,P,PrA,199981005,end_of_pregnancy
BirthNarrow,Birth classified as narrow,SCTSPA,199993001,traumatismo obstétrico que causa hematoma pélvico,C0269895,Pelvic hematoma during delivery,narrow,P,PrA,199993001,end_of_pregnancy
BirthNarrow,Birth classified as narrow,SCTSPA,199994007,hematoma pélvico de causa obstétrica no especificado,C0269895,Pelvic hematoma during delivery,narrow,P,PrA,199994007,end_of_pregnancy
BirthNarrow,Birth classified as narrow,SCTSPA,199998005,hematoma pélvico por traumatismo obstétrico- SAI,C0269895,Pelvic hematoma during delivery,narrow,P,PrA,199998005,end_of_pregnancy
BirthNarrow,Birth classified as narrow,SCTSPA,200036001,placenta retenida sin hemorragia- no especificada,C0269905,Retained placenta- without hemorrhage,narrow,P,PrA,200036001,end_of_pregnancy
BirthNarrow,Birth classified as narrow,SCTSPA,200098002,distrés materno- no especificado,C0473485,Maternal distress,narrow,P,PrA,200098002,end_of_pregnancy
BirthNarrow,Birth classified as narrow,SCTSPA,200099005,sufrimiento materno - nacido (trastorno),"","",narrow,P,PrA,200099005,end_of_pregnancy
BirthNarrow,Birth classified as narrow,SCTSPA,200101003,sufrimiento materno con problema prenatal (trastorno),"","",narrow,P,PrA,200101003,end_of_pregnancy
BirthNarrow,Birth classified as narrow,SCTSPA,200102005,sufrimiento materno con problema posnatal (trastorno),"","",narrow,P,PrA,200102005,end_of_pregnancy
BirthNarrow,Birth classified as narrow,SCTSPA,200103000,distrés materno- SAI,C0473485,Maternal distress,narrow,P,PrA,200103000,end_of_pregnancy
BirthNarrow,Birth classified as narrow,SCTSPA,200104006,choque de causa obstétrica- no especificado,C0157450,Shock during AND-OR following labor AND-OR delivery,narrow,P,PrA,200104006,end_of_pregnancy
BirthNarrow,Birth classified as narrow,SCTSPA,200109001,choque de causa obstétrica- SAI,C0157450,Shock during AND-OR following labor AND-OR delivery,narrow,P,PrA,200109001,end_of_pregnancy
BirthNarrow,Birth classified as narrow,SCTSPA,200130005,parto con fórceps - nacido (hallazgo),"","",narrow,P,PrA,200130005,end_of_pregnancy
BirthNarrow,Birth classified as narrow,SCTSPA,200133007,parto con combinación de fórceps y ventosa (hallazgo),"","",narrow,P,PrA,200133007,end_of_pregnancy
BirthNarrow,Birth classified as narrow,SCTSPA,200138003,parto con ventosa - nacido (hallazgo),"","",narrow,P,PrA,200138003,end_of_pregnancy
BirthNarrow,Birth classified as narrow,SCTSPA,200144004,partos por cesarea,"","",narrow,P,PrA,200144004,end_of_pregnancy
BirthNarrow,Birth classified as narrow,SCTSPA,200146002,parto por cesárea - nacido (hallazgo),"","",narrow,P,PrA,200146002,end_of_pregnancy
BirthNarrow,Birth classified as narrow,SCTSPA,200147006,cesárea - embarazo a término (hallazgo),"","",narrow,P,PrA,200147006,end_of_pregnancy
BirthNarrow,Birth classified as narrow,SCTSPA,200166006,complicaciones del trabajo de parto y parto- SAI,C0269815,Complication of labor and delivery- unspecified,narrow,P,PrA,200166006,end_of_pregnancy
BirthNarrow,Birth classified as narrow,SCTSPA,200167002,complicaciones del trabajo de parto y parto- SAI- no especificadas,C0269815,Complication of labor and delivery- unspecified,narrow,P,PrA,200167002,end_of_pregnancy
BirthNarrow,Birth classified as narrow,SCTSPA,200172006,complicaciones del trabajo de parto y parto- SAI,C0269815,Complication of labor and delivery- unspecified,narrow,P,PrA,200172006,end_of_pregnancy
BirthNarrow,Birth classified as narrow,SCTSPA,200176009,complicaciones del trabajo de parto y parto- SAI,C0269815,Complication of labor and delivery- unspecified,narrow,P,PrA,200176009,end_of_pregnancy
BirthNarrow,Birth classified as narrow,SCTSPA,200374003,absceso mamario obstétrico - nacido,C0405309,Obstetric breast abscess - delivered,narrow,P,PrA,200374003,end_of_pregnancy
BirthNarrow,Birth classified as narrow,SCTSPA,200523005,(X)complicaciones del trabajo de parto y parto,C0269815,Complication of labor and delivery- unspecified,narrow,P,PrA,200523005,end_of_pregnancy
BirthNarrow,Birth classified as narrow,SCTSPA,20236002,trabajo de parto en curso (hallazgo),"","",narrow,P,PrA,20236002,end_of_pregnancy
BirthNarrow,Birth classified as narrow,SCTSPA,206070006,efecto sobre el feto o recién nacido de daño de la placenta causado por operación cesárea (trastorno),"","",narrow,P,PrA,206070006,end_of_pregnancy
BirthNarrow,Birth classified as narrow,SCTSPA,206282005,otras enfermedades respiratorias fetales o del recién nacido,C0158934,Other respiratory conditions of fetus and newborn,narrow,P,PrA,206282005,end_of_pregnancy
BirthNarrow,Birth classified as narrow,SCTSPA,21882006,presentación de cara del feto,C0233269,Face presentation of fetus,narrow,P,PrA,21882006,end_of_pregnancy
BirthNarrow,Birth classified as narrow,SCTSPA,23332002,prueba de parto fallida,C0157223,Failed trial of labor,possible,P,PrA,23332002,end_of_pregnancy
BirthNarrow,Birth classified as narrow,SCTSPA,236958009,inducción del trabajo de parto (procedimiento),"","",narrow,P,PrA,236958009,end_of_pregnancy
BirthNarrow,Birth classified as narrow,SCTSPA,236960006,ruptura de membranas (procedimiento),"","",narrow,P,PrA,236960006,end_of_pregnancy
BirthNarrow,Birth classified as narrow,SCTSPA,236973005,procedimiento de parto (procedimiento),"","",narrow,P,PrA,236973005,end_of_pregnancy
BirthNarrow,Birth classified as narrow,SCTSPA,236974004,parto instrumental (procedimiento),"","",narrow,P,PrA,236974004,end_of_pregnancy
BirthNarrow,Birth classified as narrow,SCTSPA,236985002,Emergency lower segment cesarean section,"","",narrow,P,PrA,236985002,end_of_pregnancy
BirthNarrow,Birth classified as narrow,SCTSPA,236986001,Emergency upper segment cesarean section,"","",narrow,P,PrA,236986001,end_of_pregnancy
BirthNarrow,Birth classified as narrow,SCTSPA,236987005,Emergency cesarean hysterectomy,"","",narrow,P,PrA,236987005,end_of_pregnancy
BirthNarrow,Birth classified as narrow,SCTSPA,236988000,Elective cesarean hysterectomy,"","",narrow,P,PrA,236988000,end_of_pregnancy
BirthNarrow,Birth classified as narrow,SCTSPA,236988000,histerectomía en cesárea electiva,"","",narrow,P,PrA,236988000,end_of_pregnancy
BirthNarrow,Birth classified as narrow,SCTSPA,236989008,Abdominal delivery for shoulder dystocia,"","",narrow,P,PrA,236989008,end_of_pregnancy
BirthNarrow,Birth classified as narrow,SCTSPA,237311001,parto de nalgas total (procedimiento),"","",narrow,P,PrA,237311001,end_of_pregnancy
BirthNarrow,Birth classified as narrow,SCTSPA,237312008,parto múltiple (entidad observable),"","",narrow,P,PrA,237312008,end_of_pregnancy
BirthNarrow,Birth classified as narrow,SCTSPA,24342007,infección de herida de operación cesárea Y-O perineal,C0269970,infection of cesarean section and perineal wound,narrow,P,PrA,24342007,end_of_pregnancy
BirthNarrow,Birth classified as narrow,SCTSPA,249155005,alumbramiento (entidad observable),"","",narrow,P,PrA,249155005,end_of_pregnancy
BirthNarrow,Birth classified as narrow,SCTSPA,249219008,desgarro genital como consecuencia del parto (trastorno),"","",narrow,P,PrA,249219008,end_of_pregnancy
BirthNarrow,Birth classified as narrow,SCTSPA,26528001,hemorragia de herida de operación cesárea Y-O perineal,C0269969,hemorrhage of cesarean section and perineal wound,narrow,P,PrA,26528001,end_of_pregnancy
BirthNarrow,Birth classified as narrow,SCTSPA,267269004,hematoma perineo-vulvar durante el parto,C0157332,Vulval and perineal hematoma during delivery,narrow,P,PrA,267269004,end_of_pregnancy
BirthNarrow,Birth classified as narrow,SCTSPA,267269004,hematoma perineo-vulvar durante el parto (trastorno),"","",narrow,P,PrA,267269004,end_of_pregnancy
BirthNarrow,Birth classified as narrow,SCTSPA,267274007,placenta retenida sin hemorragia,C0269905,Retained placenta- without hemorrhage,narrow,P,PrA,267274007,end_of_pregnancy
BirthNarrow,Birth classified as narrow,SCTSPA,267275008,placenta retenida sin hemorragia- SAI,C0269905,Retained placenta- without hemorrhage,narrow,P,PrA,267275008,end_of_pregnancy
BirthNarrow,Birth classified as narrow,SCTSPA,267278005,partos con ventosa (hallazgo),"","",narrow,P,PrA,267278005,end_of_pregnancy
BirthNarrow,Birth classified as narrow,SCTSPA,268475008,resultados del parto (entidad observable),"","",narrow,P,PrA,268475008,end_of_pregnancy
BirthNarrow,Birth classified as narrow,SCTSPA,274127000,parto anormal (hallazgo),"","",narrow,P,PrA,274127000,end_of_pregnancy
BirthNarrow,Birth classified as narrow,SCTSPA,274130007,Emergency cesarean section,"","",narrow,P,PrA,274130007,end_of_pregnancy
BirthNarrow,Birth classified as narrow,SCTSPA,27541007,complicación del trabajo de parto Y-O del parto,C0269815,Complication of labor and delivery- unspecified,narrow,P,PrA,27541007,end_of_pregnancy
BirthNarrow,Birth classified as narrow,SCTSPA,28030000,nacimiento de gemelos (hallazgo),"","",narrow,P,PrA,28030000,end_of_pregnancy
BirthNarrow,Birth classified as narrow,SCTSPA,281050002,parto de feto vivo (hallazgo),"","",narrow,P,PrA,281050002,end_of_pregnancy
BirthNarrow,Birth classified as narrow,SCTSPA,282020008,parto prematuro (hallazgo),"","",narrow,P,PrA,282020008,end_of_pregnancy
BirthNarrow,Birth classified as narrow,SCTSPA,288042004,Hysterectomy and fetus removal,"","",narrow,P,PrA,288042004,end_of_pregnancy
BirthNarrow,Birth classified as narrow,SCTSPA,288209009,parto normal - posición occipitoanterior (hallazgo),"","",narrow,P,PrA,288209009,end_of_pregnancy
BirthNarrow,Birth classified as narrow,SCTSPA,288274003,sufrimiento fetal- durante el trabajo de parto (hallazgo),"","",narrow,P,PrA,288274003,end_of_pregnancy
BirthNarrow,Birth classified as narrow,SCTSPA,289240005,duración prolongada del trabajo de parto (hallazgo),"","",narrow,P,PrA,289240005,end_of_pregnancy
BirthNarrow,Birth classified as narrow,SCTSPA,289261003,problema del parto (hallazgo),"","",narrow,P,PrA,289261003,end_of_pregnancy
BirthNarrow,Birth classified as narrow,SCTSPA,302080006,hallazgo relacionado con la evolución del nacimiento (hallazgo),"","",narrow,P,PrA,302080006,end_of_pregnancy
BirthNarrow,Birth classified as narrow,SCTSPA,302383004,parto con fórceps (procedimiento),"","",narrow,P,PrA,302383004,end_of_pregnancy
BirthNarrow,Birth classified as narrow,SCTSPA,309469004,parto espontáneo de vértice (hallazgo),"","",narrow,P,PrA,309469004,end_of_pregnancy
BirthNarrow,Birth classified as narrow,SCTSPA,31208007,inducción médica del trabajo de parto (procedimiento),"","",narrow,P,PrA,31208007,end_of_pregnancy
BirthNarrow,Birth classified as narrow,SCTSPA,315958008,[V]nacimiento de niño vivo- único,C1313895,Encounter due to single live birth,narrow,P,PrA,315958008,end_of_pregnancy
BirthNarrow,Birth classified as narrow,SCTSPA,33021000122102,parto con espátula (procedimiento),"","",narrow,P,PrA,33021000122102,end_of_pregnancy
BirthNarrow,Birth classified as narrow,SCTSPA,33451000122101,recién nacido postérmino (hallazgo),"","",narrow,P,PrA,33451000122101,end_of_pregnancy
BirthNarrow,Birth classified as narrow,SCTSPA,35874009,trabajo de parto normal (hallazgo),"","",narrow,P,PrA,35874009,end_of_pregnancy
BirthNarrow,Birth classified as narrow,SCTSPA,362972006,trastorno del trabajo de parto-parto (trastorno),"","",narrow,P,PrA,362972006,end_of_pregnancy
BirthNarrow,Birth classified as narrow,SCTSPA,367494004,nacimiento prematuro (hallazgo),"","",narrow,P,PrA,367494004,end_of_pregnancy
BirthNarrow,Birth classified as narrow,SCTSPA,392280004,laceración obstétrica,C0269859,Obstetrical laceration,narrow,P,PrA,392280004,end_of_pregnancy
BirthNarrow,Birth classified as narrow,SCTSPA,394699000,nacido por cesárea (situación),"","",narrow,P,PrA,394699000,end_of_pregnancy
BirthNarrow,Birth classified as narrow,SCTSPA,395683001,nacimiento por parto vaginal normal (situación),"","",narrow,P,PrA,395683001,end_of_pregnancy
BirthNarrow,Birth classified as narrow,SCTSPA,397952002,traumatismo perineal durante el parto,C0269859,Obstetrical laceration,narrow,P,PrA,397952002,end_of_pregnancy
BirthNarrow,Birth classified as narrow,SCTSPA,398019008,laceración perineal durante el parto,C0269859,Obstetrical laceration,narrow,P,PrA,398019008,end_of_pregnancy
BirthNarrow,Birth classified as narrow,SCTSPA,398307005,cesárea cervical baja,C0195620,Lower uterine segment cesarean section,narrow,P,PrA,398307005,end_of_pregnancy
BirthNarrow,Birth classified as narrow,SCTSPA,409048007,riesgo en el trabajo de parto (hallazgo),"","",narrow,P,PrA,409048007,end_of_pregnancy
BirthNarrow,Birth classified as narrow,SCTSPA,41059002,Cesarean hysterectomy,"","",narrow,P,PrA,41059002,end_of_pregnancy
BirthNarrow,Birth classified as narrow,SCTSPA,42537006,desgarro perineal secundario en el puerperio,C0269967,Secondary perineal tear in the puerperium,narrow,P,PrA,42537006,end_of_pregnancy
BirthNarrow,Birth classified as narrow,SCTSPA,42571002,inducción fallida del trabajo de parto,C0269806,Failed induction of labor,possible,P,PrA,42571002,end_of_pregnancy
BirthNarrow,Birth classified as narrow,SCTSPA,442311008,nacido vivo en hospital (situación),"","",narrow,P,PrA,442311008,end_of_pregnancy
BirthNarrow,Birth classified as narrow,SCTSPA,442342003,gemelar nacido vivo en hospital por operación cesárea (situación),"","",narrow,P,PrA,442342003,end_of_pregnancy
BirthNarrow,Birth classified as narrow,SCTSPA,442365008,nacido vivo en hospital por operación cesárea (situación),"","",narrow,P,PrA,442365008,end_of_pregnancy
BirthNarrow,Birth classified as narrow,SCTSPA,442423001,nacido vivo único en hospital por operación cesárea (situación),"","",narrow,P,PrA,442423001,end_of_pregnancy
BirthNarrow,Birth classified as narrow,SCTSPA,450483001,Cesarean section through inverted T shaped incision of uterus,"","",narrow,P,PrA,450483001,end_of_pregnancy
BirthNarrow,Birth classified as narrow,SCTSPA,450484007,Cesarean section through J shaped incision of uterus,"","",narrow,P,PrA,450484007,end_of_pregnancy
BirthNarrow,Birth classified as narrow,SCTSPA,46502006,hematoma de vagina durante el parto,C0269896,Hematoma of vagina during delivery,narrow,P,PrA,46502006,end_of_pregnancy
BirthNarrow,Birth classified as narrow,SCTSPA,48782003,parto normal,C1384485,Normal delivery,narrow,P,PrA,48782003,end_of_pregnancy
BirthNarrow,Birth classified as narrow,SCTSPA,48782003,parto normal (hallazgo),"","",narrow,P,PrA,48782003,end_of_pregnancy
BirthNarrow,Birth classified as narrow,SCTSPA,53443007,trabajo de parto prolongado (trastorno),"","",narrow,P,PrA,53443007,end_of_pregnancy
BirthNarrow,Birth classified as narrow,SCTSPA,57271003,Extraperitoneal cesarean section,"","",narrow,P,PrA,57271003,end_of_pregnancy
BirthNarrow,Birth classified as narrow,SCTSPA,5740008,hematoma pélvico durante el parto,C0269895,Pelvic hematoma during delivery,narrow,P,PrA,5740008,end_of_pregnancy
BirthNarrow,Birth classified as narrow,SCTSPA,58289000,estadio prodrómico de trabajo de parto (hallazgo),"","",narrow,P,PrA,58289000,end_of_pregnancy
BirthNarrow,Birth classified as narrow,SCTSPA,60038007,parto inducido sin éxito,C0269806,Failed induction of labor,possible,P,PrA,60038007,end_of_pregnancy
BirthNarrow,Birth classified as narrow,SCTSPA,61586001,parto por extracción con ventosa (procedimiento),"","",narrow,P,PrA,61586001,end_of_pregnancy
BirthNarrow,Birth classified as narrow,SCTSPA,6234006,laceración perineal de segundo grado,C0269870,Second degree perineal laceration,narrow,P,PrA,6234006,end_of_pregnancy
BirthNarrow,Birth classified as narrow,SCTSPA,68953003,laceración perineal durante el parto,C0269859,Obstetrical laceration,narrow,P,PrA,68953003,end_of_pregnancy
BirthNarrow,Birth classified as narrow,SCTSPA,698716002,trabajo de parto espontáneo pretérmino con parto pretérmino (hallazgo),"","",narrow,P,PrA,698716002,end_of_pregnancy
BirthNarrow,Birth classified as narrow,SCTSPA,700000006,parto por vía vaginal (procedimiento),"","",narrow,P,PrA,700000006,end_of_pregnancy
BirthNarrow,Birth classified as narrow,SCTSPA,709004006,Emergency lower segment cesarean section with inverted T incision,"","",narrow,P,PrA,709004006,end_of_pregnancy
BirthNarrow,Birth classified as narrow,SCTSPA,712653003,parto por operación cesárea por presentación podálica (hallazgo),"","",narrow,P,PrA,712653003,end_of_pregnancy
BirthNarrow,Birth classified as narrow,SCTSPA,712654009,parto por operación cesárea por presentación de nalgas (hallazgo),"","",narrow,P,PrA,712654009,end_of_pregnancy
BirthNarrow,Birth classified as narrow,SCTSPA,736018001,Elective upper segment cesarean section with bilateral tubal ligation,"","",narrow,P,PrA,736018001,end_of_pregnancy
BirthNarrow,Birth classified as narrow,SCTSPA,736020003,Emergency upper segment cesarean section with bilateral tubal ligation,"","",narrow,P,PrA,736020003,end_of_pregnancy
BirthNarrow,Birth classified as narrow,SCTSPA,736026009,Elective lower segment cesarean section with bilateral tubal ligation,"","",narrow,P,PrA,736026009,end_of_pregnancy
BirthNarrow,Birth classified as narrow,SCTSPA,736118004,Emergency lower segment cesarean section with bilateral tubal ligation,"","",narrow,P,PrA,736118004,end_of_pregnancy
BirthNarrow,Birth classified as narrow,SCTSPA,740597009,complicación del cordón umbilical durante el trabajo de parto y el parto (trastorno),"","",narrow,P,PrA,740597009,end_of_pregnancy
BirthNarrow,Birth classified as narrow,SCTSPA,77854008,inducción médica fallida del trabajo de parto,C0269808,Failed medical induction of labor,possible,P,PrA,77854008,end_of_pregnancy
BirthNarrow,Birth classified as narrow,SCTSPA,788180009,Lower uterine segment cesarean section,"","",narrow,P,PrA,788180009,end_of_pregnancy
BirthNarrow,Birth classified as narrow,SCTSPA,79255005,presentación de mentón de feto,C0269707,Mentum presentation of fetus,narrow,P,PrA,79255005,end_of_pregnancy
BirthNarrow,Birth classified as narrow,SCTSPA,79839005,laceración perineal que compromete la vulva,C0269869,Perineal laceration involving vulva,narrow,P,PrA,79839005,end_of_pregnancy
BirthNarrow,Birth classified as narrow,SCTSPA,84007008,choque durante Y-O luego del trabajo de parto Y-O parto,C0157450,Shock during AND-OR following labor AND-OR delivery,narrow,P,PrA,84007008,end_of_pregnancy
BirthNarrow,Birth classified as narrow,SCTSPA,84195007,operación cesárea clásica (procedimiento),"","",narrow,P,PrA,84195007,end_of_pregnancy
BirthNarrow,Birth classified as narrow,SCTSPA,85309007,hematoma de la herida cesárea o perineal,C0269968,Hematoma of cesarean section or perineal wound,narrow,P,PrA,85309007,end_of_pregnancy
BirthNarrow,Birth classified as narrow,SCTSPA,85548006,episiotomía (procedimiento),"","",narrow,P,PrA,85548006,end_of_pregnancy
BirthNarrow,Birth classified as narrow,SCTSPA,87383005,angustia materna,C0473485,Maternal distress,narrow,P,PrA,87383005,end_of_pregnancy
BirthNarrow,Birth classified as narrow,SCTSPA,89053004,Vaginal cesarean section,"","",narrow,P,PrA,89053004,end_of_pregnancy
BirthNarrow,Birth classified as narrow,SCTSPA,9071004,laceración cervical obstétrica,C0157358,Laceration of cervix - obstetric,narrow,P,PrA,9071004,end_of_pregnancy
BirthNarrow,Birth classified as narrow,SCTSPA,9107002,laceración perineal que compromete músculos perineales,C0269872,second-degree perineal laceration during delivery involving perineal muscles,narrow,P,PrA,9107002,end_of_pregnancy
BirthNarrow,Birth classified as narrow,SCTSPA,9780006,presentación de brazo prolapsado del feto,C0269709,Presentation of prolapsed arm of fetus,narrow,P,PrA,9780006,end_of_pregnancy
BirthNarrow,Birth classified as narrow,SNOMEDCT_US,10217006,Third degree perineal laceration,C0269874,Third degree perineal laceration,narrow,P,PrA,10217006,end_of_pregnancy
BirthNarrow,Birth classified as narrow,SNOMEDCT_US,10808861000119105,Maternal distress during childbirth (disorder),"","",narrow,P,PrA,10808861000119105,end_of_pregnancy
BirthNarrow,Birth classified as narrow,SNOMEDCT_US,111453004,Retained placenta- without hemorrhage,C0269905,Retained placenta- without hemorrhage,narrow,P,PrA,111453004,end_of_pregnancy
BirthNarrow,Birth classified as narrow,SNOMEDCT_US,111454005,Retained portions of placenta AND-OR membranes without hemorrhage,C0157408,Retained portions of placenta AND-OR membranes without hemorrhage,narrow,P,PrA,111454005,end_of_pregnancy
BirthNarrow,Birth classified as narrow,SNOMEDCT_US,11466000,Cesarean section,C0007876,Cesarean section,narrow,P,PrA,11466000,end_of_pregnancy
BirthNarrow,Birth classified as narrow,SNOMEDCT_US,1197219005,Elective lower segment cesarean section through inverted T shaped incision of uterus,"","",narrow,P,PrA,1197219005,end_of_pregnancy
BirthNarrow,Birth classified as narrow,SNOMEDCT_US,12172008,Obstetrical laceration,C0269859,Obstetrical laceration,narrow,P,PrA,12172008,end_of_pregnancy
BirthNarrow,Birth classified as narrow,SNOMEDCT_US,123139003,Obstetrical laceration- second degree,C0269870,Second degree perineal laceration,narrow,P,PrA,123139003,end_of_pregnancy
BirthNarrow,Birth classified as narrow,SNOMEDCT_US,123190002,Obstetrical laceration,C0269859,Obstetrical laceration,narrow,P,PrA,123190002,end_of_pregnancy
BirthNarrow,Birth classified as narrow,SNOMEDCT_US,123191003,Obstetrical laceration- third degree,C0269874,Third degree perineal laceration,narrow,P,PrA,123191003,end_of_pregnancy
BirthNarrow,Birth classified as narrow,SNOMEDCT_US,149981006,Caesarean section,C0007876,Cesarean section,narrow,P,PrA,149981006,end_of_pregnancy
BirthNarrow,Birth classified as narrow,SNOMEDCT_US,149982004,Upper segment caesarean section,C0195619,Classical cesarean section,narrow,P,PrA,149982004,end_of_pregnancy
BirthNarrow,Birth classified as narrow,SNOMEDCT_US,149983009,Lower segment caesarean section,C0195620,Lower uterine segment cesarean section,narrow,P,PrA,149983009,end_of_pregnancy
BirthNarrow,Birth classified as narrow,SNOMEDCT_US,149984003,Extraperitoneal caesarean section,C0195621,Extraperitoneal cesarean section,narrow,P,PrA,149984003,end_of_pregnancy
BirthNarrow,Birth classified as narrow,SNOMEDCT_US,149985002,Other caesarean delivery NOS,C0473294,Other caesarean delivery,narrow,P,PrA,149985002,end_of_pregnancy
BirthNarrow,Birth classified as narrow,SNOMEDCT_US,15586008,High vaginal obstetrical laceration,C0269887,Obstetric high vaginal laceration,narrow,P,PrA,15586008,end_of_pregnancy
BirthNarrow,Birth classified as narrow,SNOMEDCT_US,156159007,Face presentation,C0233269,Face presentation of fetus,narrow,P,PrA,156159007,end_of_pregnancy
BirthNarrow,Birth classified as narrow,SNOMEDCT_US,156195004,Failed induction of labor,C0269806,Failed induction of labor,possible,P,PrA,156195004,end_of_pregnancy
BirthNarrow,Birth classified as narrow,SNOMEDCT_US,156201007,Labor &-or delivery complications,C0269815,Complication of labor and delivery- unspecified,narrow,P,PrA,156201007,end_of_pregnancy
BirthNarrow,Birth classified as narrow,SNOMEDCT_US,156207006,Failed trial of labor,C0157223,Failed trial of labor,possible,P,PrA,156207006,end_of_pregnancy
BirthNarrow,Birth classified as narrow,SNOMEDCT_US,156226003,Second degree perineal tear,C0269870,Second degree perineal laceration,narrow,P,PrA,156226003,end_of_pregnancy
BirthNarrow,Birth classified as narrow,SNOMEDCT_US,156227007,Third degree perineal tear,C0269874,Third degree perineal laceration,narrow,P,PrA,156227007,end_of_pregnancy
BirthNarrow,Birth classified as narrow,SNOMEDCT_US,156234009,Obstetric high vaginal laceration,C0269887,Obstetric high vaginal laceration,narrow,P,PrA,156234009,end_of_pregnancy
BirthNarrow,Birth classified as narrow,SNOMEDCT_US,156248009,Maternal distress in labor,C0473485,Maternal distress,narrow,P,PrA,156248009,end_of_pregnancy
BirthNarrow,Birth classified as narrow,SNOMEDCT_US,156249001,Obstetric shock,C0157450,Shock during AND-OR following labor AND-OR delivery,narrow,P,PrA,156249001,end_of_pregnancy
BirthNarrow,Birth classified as narrow,SNOMEDCT_US,156251002,Caesarean section,C0007876,Cesarean section,narrow,P,PrA,156251002,end_of_pregnancy
BirthNarrow,Birth classified as narrow,SNOMEDCT_US,156259000,Caesarean section NOS,C0007876,Cesarean section,narrow,P,PrA,156259000,end_of_pregnancy
BirthNarrow,Birth classified as narrow,SNOMEDCT_US,156261009,Complications of labor and delivery NOS,C0269815,Complication of labor and delivery- unspecified,narrow,P,PrA,156261009,end_of_pregnancy
BirthNarrow,Birth classified as narrow,SNOMEDCT_US,169961004,Normal birth (finding),"","",narrow,P,PrA,169961004,end_of_pregnancy
BirthNarrow,Birth classified as narrow,SNOMEDCT_US,177141003,Elective cesarean section,"","",narrow,P,PrA,177141003,end_of_pregnancy
BirthNarrow,Birth classified as narrow,SNOMEDCT_US,177142005,Elective upper segment cesarean section,"","",narrow,P,PrA,177142005,end_of_pregnancy
BirthNarrow,Birth classified as narrow,SNOMEDCT_US,177143000,Elective lower segment cesarean section,"","",narrow,P,PrA,177143000,end_of_pregnancy
BirthNarrow,Birth classified as narrow,SNOMEDCT_US,177145007,Elective caesarean delivery NOS,C0473296,Elective cesarian delivery procedure,narrow,P,PrA,177145007,end_of_pregnancy
BirthNarrow,Birth classified as narrow,SNOMEDCT_US,177146008,Other caesarean delivery,C0473294,Other caesarean delivery,narrow,P,PrA,177146008,end_of_pregnancy
BirthNarrow,Birth classified as narrow,SNOMEDCT_US,177149001,Other specified other caesarean delivery,C0473295,Other specified other caesarean delivery,narrow,P,PrA,177149001,end_of_pregnancy
BirthNarrow,Birth classified as narrow,SNOMEDCT_US,177150001,Other caesarean delivery NOS,C0473294,Other caesarean delivery,narrow,P,PrA,177150001,end_of_pregnancy
BirthNarrow,Birth classified as narrow,SNOMEDCT_US,199313007,Delivery- [normal in a completely normal case] or [spontaneous vaginal],C1384485,Normal delivery,narrow,P,PrA,199313007,end_of_pregnancy
BirthNarrow,Birth classified as narrow,SNOMEDCT_US,199314001,Normal delivery but ante- or post- natal conditions present (disorder),"","",narrow,P,PrA,199314001,end_of_pregnancy
BirthNarrow,Birth classified as narrow,SNOMEDCT_US,199368006,Face presentation NOS,C0233269,Face presentation of fetus,narrow,P,PrA,199368006,end_of_pregnancy
BirthNarrow,Birth classified as narrow,SNOMEDCT_US,199413006,Outlet pelvic contraction - delivered,C0156979,Outlet pelvic contraction - delivered,narrow,P,PrA,199413006,end_of_pregnancy
BirthNarrow,Birth classified as narrow,SNOMEDCT_US,199418002,Mixed feto-pelvic disproportion - delivered,C0405018,Mixed feto-pelvic disproportion - delivered,narrow,P,PrA,199418002,end_of_pregnancy
BirthNarrow,Birth classified as narrow,SNOMEDCT_US,199468005,Retroverted incarcerated gravid uterus - delivered,C0157023,Retroverted incarcerated gravid uterus - delivered,narrow,P,PrA,199468005,end_of_pregnancy
BirthNarrow,Birth classified as narrow,SNOMEDCT_US,199698008,Failed medical induction of labor,C0269808,Failed medical induction of labor,possible,P,PrA,199698008,end_of_pregnancy
BirthNarrow,Birth classified as narrow,SNOMEDCT_US,199699000,Failed medical or unspecified induction unspecified,C0405189,Failed medical or unspecified induction of labor,possible,P,PrA,199699000,end_of_pregnancy
BirthNarrow,Birth classified as narrow,SNOMEDCT_US,199702007,Failed medical or unspecified induction NOS,C0405189,Failed medical or unspecified induction of labor,possible,P,PrA,199702007,end_of_pregnancy
BirthNarrow,Birth classified as narrow,SNOMEDCT_US,199745000,Complications occurring during labor and delivery,C0269815,Complication of labor and delivery- unspecified,narrow,P,PrA,199745000,end_of_pregnancy
BirthNarrow,Birth classified as narrow,SNOMEDCT_US,199752003,Obstructed labor due to face presentation,C0475557,Obstructed labor due to face presentation,narrow,P,PrA,199752003,end_of_pregnancy
BirthNarrow,Birth classified as narrow,SNOMEDCT_US,199790009,Failed trial of labor,C0157223,Failed trial of labor,possible,P,PrA,199790009,end_of_pregnancy
BirthNarrow,Birth classified as narrow,SNOMEDCT_US,199795004,Failed trial of labor NOS,C0157223,Failed trial of labor,possible,P,PrA,199795004,end_of_pregnancy
BirthNarrow,Birth classified as narrow,SNOMEDCT_US,199923006,Pelvic floor tear,C0269870,Second degree perineal laceration,narrow,P,PrA,199923006,end_of_pregnancy
BirthNarrow,Birth classified as narrow,SNOMEDCT_US,199924000,Second degree perineal tear during delivery- unspecified,C0269870,Second degree perineal laceration,narrow,P,PrA,199924000,end_of_pregnancy
BirthNarrow,Birth classified as narrow,SNOMEDCT_US,199927007,Second degree perineal tear during delivery NOS,C0269870,Second degree perineal laceration,narrow,P,PrA,199927007,end_of_pregnancy
BirthNarrow,Birth classified as narrow,SNOMEDCT_US,199928002,Third degree perineal tear during delivery,C0269874,Third degree perineal laceration,narrow,P,PrA,199928002,end_of_pregnancy
BirthNarrow,Birth classified as narrow,SNOMEDCT_US,199929005,Third degree perineal tear during delivery- unspecified,C0269874,Third degree perineal laceration,narrow,P,PrA,199929005,end_of_pregnancy
BirthNarrow,Birth classified as narrow,SNOMEDCT_US,199932008,Third degree perineal tear during delivery NOS,C0269874,Third degree perineal laceration,narrow,P,PrA,199932008,end_of_pregnancy
BirthNarrow,Birth classified as narrow,SNOMEDCT_US,199937002,Unspecified perineal laceration during delivery,C0269859,Obstetrical laceration,narrow,P,PrA,199937002,end_of_pregnancy
BirthNarrow,Birth classified as narrow,SNOMEDCT_US,199938007,Unspecified perineal laceration during delivery- unspecified,C0269859,Obstetrical laceration,narrow,P,PrA,199938007,end_of_pregnancy
BirthNarrow,Birth classified as narrow,SNOMEDCT_US,199941003,Unspecified perineal laceration during delivery NOS,C0269859,Obstetrical laceration,narrow,P,PrA,199941003,end_of_pregnancy
BirthNarrow,Birth classified as narrow,SNOMEDCT_US,199942005,Vulval and perineal haematoma during delivery,C0157332,Vulval and perineal hematoma during delivery,narrow,P,PrA,199942005,end_of_pregnancy
BirthNarrow,Birth classified as narrow,SNOMEDCT_US,199943000,Vulval and perineal haematoma during delivery- unspecified,C0157332,Vulval and perineal hematoma during delivery,narrow,P,PrA,199943000,end_of_pregnancy
BirthNarrow,Birth classified as narrow,SNOMEDCT_US,199946008,Vulval and perineal haematoma during delivery NOS,C0157332,Vulval and perineal hematoma during delivery,narrow,P,PrA,199946008,end_of_pregnancy
BirthNarrow,Birth classified as narrow,SNOMEDCT_US,199972004,Laceration of cervix - obstetric,C0157358,Laceration of cervix - obstetric,narrow,P,PrA,199972004,end_of_pregnancy
BirthNarrow,Birth classified as narrow,SNOMEDCT_US,199973009,Obstetric laceration of cervix unspecified,C0157358,Laceration of cervix - obstetric,narrow,P,PrA,199973009,end_of_pregnancy
BirthNarrow,Birth classified as narrow,SNOMEDCT_US,199976001,Obstetric laceration of cervix NOS,C0157358,Laceration of cervix - obstetric,narrow,P,PrA,199976001,end_of_pregnancy
BirthNarrow,Birth classified as narrow,SNOMEDCT_US,199977005,Obstetric high vaginal laceration,C0269887,Obstetric high vaginal laceration,narrow,P,PrA,199977005,end_of_pregnancy
BirthNarrow,Birth classified as narrow,SNOMEDCT_US,199978000,Obstetric high vaginal laceration unspecified,C0269887,Obstetric high vaginal laceration,narrow,P,PrA,199978000,end_of_pregnancy
BirthNarrow,Birth classified as narrow,SNOMEDCT_US,199981005,Obstetric high vaginal laceration NOS,C0269887,Obstetric high vaginal laceration,narrow,P,PrA,199981005,end_of_pregnancy
BirthNarrow,Birth classified as narrow,SNOMEDCT_US,199993001,Obstetric trauma causing pelvic hematoma,C0269895,Pelvic hematoma during delivery,narrow,P,PrA,199993001,end_of_pregnancy
BirthNarrow,Birth classified as narrow,SNOMEDCT_US,199994007,Obstetric pelvic haematoma unspecified,C0269895,Pelvic hematoma during delivery,narrow,P,PrA,199994007,end_of_pregnancy
BirthNarrow,Birth classified as narrow,SNOMEDCT_US,199998005,Obstetric trauma causing pelvic haematoma NOS,C0269895,Pelvic hematoma during delivery,narrow,P,PrA,199998005,end_of_pregnancy
BirthNarrow,Birth classified as narrow,SNOMEDCT_US,200034003,Retained placenta without haemorrhage,C0269905,Retained placenta- without hemorrhage,narrow,P,PrA,200034003,end_of_pregnancy
BirthNarrow,Birth classified as narrow,SNOMEDCT_US,200035002,Retained placenta with no haemorrhage,C0269905,Retained placenta- without hemorrhage,narrow,P,PrA,200035002,end_of_pregnancy
BirthNarrow,Birth classified as narrow,SNOMEDCT_US,200036001,Retained placenta with no haemorrhage unspecified,C0269905,Retained placenta- without hemorrhage,narrow,P,PrA,200036001,end_of_pregnancy
BirthNarrow,Birth classified as narrow,SNOMEDCT_US,200039008,Retained placenta with no haemorrhage NOS,C0269905,Retained placenta- without hemorrhage,narrow,P,PrA,200039008,end_of_pregnancy
BirthNarrow,Birth classified as narrow,SNOMEDCT_US,200098002,Maternal distress unspecified,C0473485,Maternal distress,narrow,P,PrA,200098002,end_of_pregnancy
BirthNarrow,Birth classified as narrow,SNOMEDCT_US,200099005,Maternal distress - delivered (disorder),"","",narrow,P,PrA,200099005,end_of_pregnancy
BirthNarrow,Birth classified as narrow,SNOMEDCT_US,200101003,Maternal distress with antenatal problem (disorder),"","",narrow,P,PrA,200101003,end_of_pregnancy
BirthNarrow,Birth classified as narrow,SNOMEDCT_US,200102005,Maternal distress with postnatal problem (disorder),"","",narrow,P,PrA,200102005,end_of_pregnancy
BirthNarrow,Birth classified as narrow,SNOMEDCT_US,200103000,Maternal distress NOS,C0473485,Maternal distress,narrow,P,PrA,200103000,end_of_pregnancy
BirthNarrow,Birth classified as narrow,SNOMEDCT_US,200104006,Obstetric shock unspecified,C0157450,Shock during AND-OR following labor AND-OR delivery,narrow,P,PrA,200104006,end_of_pregnancy
BirthNarrow,Birth classified as narrow,SNOMEDCT_US,200109001,Obstetric shock NOS,C0157450,Shock during AND-OR following labor AND-OR delivery,narrow,P,PrA,200109001,end_of_pregnancy
BirthNarrow,Birth classified as narrow,SNOMEDCT_US,200166006,Complications of labor and delivery NOS,C0269815,Complication of labor and delivery- unspecified,narrow,P,PrA,200166006,end_of_pregnancy
BirthNarrow,Birth classified as narrow,SNOMEDCT_US,200167002,Complications of labor and delivery NOS- unspecified,C0269815,Complication of labor and delivery- unspecified,narrow,P,PrA,200167002,end_of_pregnancy
BirthNarrow,Birth classified as narrow,SNOMEDCT_US,200172006,Complications of labor and delivery NOS,C0269815,Complication of labor and delivery- unspecified,narrow,P,PrA,200172006,end_of_pregnancy
BirthNarrow,Birth classified as narrow,SNOMEDCT_US,200176009,Complications of labor and delivery NOS,C0269815,Complication of labor and delivery- unspecified,narrow,P,PrA,200176009,end_of_pregnancy
BirthNarrow,Birth classified as narrow,SNOMEDCT_US,200374003,Obstetric breast abscess - delivered,C0405309,Obstetric breast abscess - delivered,narrow,P,PrA,200374003,end_of_pregnancy
BirthNarrow,Birth classified as narrow,SNOMEDCT_US,200477006,Delivery normal,C1384485,Normal delivery,narrow,P,PrA,200477006,end_of_pregnancy
BirthNarrow,Birth classified as narrow,SNOMEDCT_US,200523005,[X]Complications of labor and delivery,C0269815,Complication of labor and delivery- unspecified,narrow,P,PrA,200523005,end_of_pregnancy
BirthNarrow,Birth classified as narrow,SNOMEDCT_US,204507004,Fetal circulation,C0031190,Persistent Fetal Circulation Syndrome,narrow,P,PrA,204507004,end_of_pregnancy
BirthNarrow,Birth classified as narrow,SNOMEDCT_US,206282005,Other fetal and newborn respiratory conditions,C0158934,Other respiratory conditions of fetus and newborn,narrow,P,PrA,206282005,end_of_pregnancy
BirthNarrow,Birth classified as narrow,SNOMEDCT_US,21882006,Face presentation of fetus,C0233269,Face presentation of fetus,narrow,P,PrA,21882006,end_of_pregnancy
BirthNarrow,Birth classified as narrow,SNOMEDCT_US,23332002,Failed trial of labor,C0157223,Failed trial of labor,possible,P,PrA,23332002,end_of_pregnancy
BirthNarrow,Birth classified as narrow,SNOMEDCT_US,236985002,Emergency lower segment cesarean section,"","",narrow,P,PrA,236985002,end_of_pregnancy
BirthNarrow,Birth classified as narrow,SNOMEDCT_US,236986001,Emergency upper segment cesarean section,"","",narrow,P,PrA,236986001,end_of_pregnancy
BirthNarrow,Birth classified as narrow,SNOMEDCT_US,236987005,Emergency cesarean hysterectomy,"","",narrow,P,PrA,236987005,end_of_pregnancy
BirthNarrow,Birth classified as narrow,SNOMEDCT_US,236988000,Elective cesarean hysterectomy,"","",narrow,P,PrA,236988000,end_of_pregnancy
BirthNarrow,Birth classified as narrow,SNOMEDCT_US,236989008,Abdominal delivery for shoulder dystocia,"","",narrow,P,PrA,236989008,end_of_pregnancy
BirthNarrow,Birth classified as narrow,SNOMEDCT_US,24342007,Infection of caesarean section AND-OR perineal wound,C0269970,infection of cesarean section and perineal wound,narrow,P,PrA,24342007,end_of_pregnancy
BirthNarrow,Birth classified as narrow,SNOMEDCT_US,249219008,Genital tear resulting from childbirth (disorder),"","",narrow,P,PrA,249219008,end_of_pregnancy
BirthNarrow,Birth classified as narrow,SNOMEDCT_US,26528001,Haemorrhage of caesarean section AND-OR perineal wound,C0269969,hemorrhage of cesarean section and perineal wound,narrow,P,PrA,26528001,end_of_pregnancy
BirthNarrow,Birth classified as narrow,SNOMEDCT_US,267269004,Vulval and perineal hematoma during delivery,C0157332,Vulval and perineal hematoma during delivery,narrow,P,PrA,267269004,end_of_pregnancy
BirthNarrow,Birth classified as narrow,SNOMEDCT_US,267269004,Vulval and perineal hematoma during delivery (disorder),"","",narrow,P,PrA,267269004,end_of_pregnancy
BirthNarrow,Birth classified as narrow,SNOMEDCT_US,267274007,Retained placenta with no haemorrhage,C0269905,Retained placenta- without hemorrhage,narrow,P,PrA,267274007,end_of_pregnancy
BirthNarrow,Birth classified as narrow,SNOMEDCT_US,267275008,Retained placenta with no haemorrhage NOS,C0269905,Retained placenta- without hemorrhage,narrow,P,PrA,267275008,end_of_pregnancy
BirthNarrow,Birth classified as narrow,SNOMEDCT_US,267325009,Delivery - normal,C1384485,Normal delivery,narrow,P,PrA,267325009,end_of_pregnancy
BirthNarrow,Birth classified as narrow,SNOMEDCT_US,267327001,Face presentation,C0233269,Face presentation of fetus,narrow,P,PrA,267327001,end_of_pregnancy
BirthNarrow,Birth classified as narrow,SNOMEDCT_US,267342003,Complications occurring during labor and delivery,C0269815,Complication of labor and delivery- unspecified,narrow,P,PrA,267342003,end_of_pregnancy
BirthNarrow,Birth classified as narrow,SNOMEDCT_US,267352004,Caesarean section,C0007876,Cesarean section,narrow,P,PrA,267352004,end_of_pregnancy
BirthNarrow,Birth classified as narrow,SNOMEDCT_US,267353009,Normal delivery,C1384485,Normal delivery,narrow,P,PrA,267353009,end_of_pregnancy
BirthNarrow,Birth classified as narrow,SNOMEDCT_US,267357005,Elective caesar.,C0473296,Elective cesarian delivery procedure,narrow,P,PrA,267357005,end_of_pregnancy
BirthNarrow,Birth classified as narrow,SNOMEDCT_US,267358000,Caesarean section NOS,C0007876,Cesarean section,narrow,P,PrA,267358000,end_of_pregnancy
BirthNarrow,Birth classified as narrow,SNOMEDCT_US,274130007,Emergency cesarean section,"","",narrow,P,PrA,274130007,end_of_pregnancy
BirthNarrow,Birth classified as narrow,SNOMEDCT_US,27541007,Complication of labor and delivery- NOS,C0269815,Complication of labor and delivery- unspecified,narrow,P,PrA,27541007,end_of_pregnancy
BirthNarrow,Birth classified as narrow,SNOMEDCT_US,281686002,Delivery normal,C1384485,Normal delivery,narrow,P,PrA,281686002,end_of_pregnancy
BirthNarrow,Birth classified as narrow,SNOMEDCT_US,288042004,Hysterectomy and fetus removal,"","",narrow,P,PrA,288042004,end_of_pregnancy
BirthNarrow,Birth classified as narrow,SNOMEDCT_US,288209009,Normal delivery - occipitoanterior (finding),"","",narrow,P,PrA,288209009,end_of_pregnancy
BirthNarrow,Birth classified as narrow,SNOMEDCT_US,309469004,Spontaneous vertex delivery (finding),"","",narrow,P,PrA,309469004,end_of_pregnancy
BirthNarrow,Birth classified as narrow,SNOMEDCT_US,315958008,[V]Single live birth,C1313895,Encounter due to single live birth,narrow,P,PrA,315958008,end_of_pregnancy
BirthNarrow,Birth classified as narrow,SNOMEDCT_US,392280004,Obstetrical laceration,C0269859,Obstetrical laceration,narrow,P,PrA,392280004,end_of_pregnancy
BirthNarrow,Birth classified as narrow,SNOMEDCT_US,397952002,Trauma to perineum during delivery,C0269859,Obstetrical laceration,narrow,P,PrA,397952002,end_of_pregnancy
BirthNarrow,Birth classified as narrow,SNOMEDCT_US,398019008,Perineal laceration during delivery,C0269859,Obstetrical laceration,narrow,P,PrA,398019008,end_of_pregnancy
BirthNarrow,Birth classified as narrow,SNOMEDCT_US,398307005,Caesarean section by laparotrachelotomy,C0195620,Lower uterine segment cesarean section,narrow,P,PrA,398307005,end_of_pregnancy
BirthNarrow,Birth classified as narrow,SNOMEDCT_US,41059002,Cesarean hysterectomy,"","",narrow,P,PrA,41059002,end_of_pregnancy
BirthNarrow,Birth classified as narrow,SNOMEDCT_US,42537006,Secondary perineal tear in the puerperium,C0269967,Secondary perineal tear in the puerperium,narrow,P,PrA,42537006,end_of_pregnancy
BirthNarrow,Birth classified as narrow,SNOMEDCT_US,42571002,Failed induction of labor,C0269806,Failed induction of labor,possible,P,PrA,42571002,end_of_pregnancy
BirthNarrow,Birth classified as narrow,SNOMEDCT_US,450483001,Cesarean section through inverted T shaped incision of uterus,"","",narrow,P,PrA,450483001,end_of_pregnancy
BirthNarrow,Birth classified as narrow,SNOMEDCT_US,450484007,Cesarean section through J shaped incision of uterus,"","",narrow,P,PrA,450484007,end_of_pregnancy
BirthNarrow,Birth classified as narrow,SNOMEDCT_US,46502006,Hematoma of vagina during delivery,C0269896,Hematoma of vagina during delivery,narrow,P,PrA,46502006,end_of_pregnancy
BirthNarrow,Birth classified as narrow,SNOMEDCT_US,48782003,Delivery normal,C1384485,Normal delivery,narrow,P,PrA,48782003,end_of_pregnancy
BirthNarrow,Birth classified as narrow,SNOMEDCT_US,57271003,Extraperitoneal cesarean section,"","",narrow,P,PrA,57271003,end_of_pregnancy
BirthNarrow,Birth classified as narrow,SNOMEDCT_US,5740008,Pelvic hematoma during delivery,C0269895,Pelvic hematoma during delivery,narrow,P,PrA,5740008,end_of_pregnancy
BirthNarrow,Birth classified as narrow,SNOMEDCT_US,60038007,Unsuccessful attempt to induce labor,C0269806,Failed induction of labor,possible,P,PrA,60038007,end_of_pregnancy
BirthNarrow,Birth classified as narrow,SNOMEDCT_US,6234006,Second degree perineal laceration,C0269870,Second degree perineal laceration,narrow,P,PrA,6234006,end_of_pregnancy
BirthNarrow,Birth classified as narrow,SNOMEDCT_US,67156007,Caesarean section by laparotrachelotomy,C0195620,Lower uterine segment cesarean section,narrow,P,PrA,67156007,end_of_pregnancy
BirthNarrow,Birth classified as narrow,SNOMEDCT_US,68953003,Obstetrical laceration,C0269859,Obstetrical laceration,narrow,P,PrA,68953003,end_of_pregnancy
BirthNarrow,Birth classified as narrow,SNOMEDCT_US,709004006,Emergency lower segment cesarean section with inverted T incision,"","",narrow,P,PrA,709004006,end_of_pregnancy
BirthNarrow,Birth classified as narrow,SNOMEDCT_US,736018001,Elective upper segment cesarean section with bilateral tubal ligation,"","",narrow,P,PrA,736018001,end_of_pregnancy
BirthNarrow,Birth classified as narrow,SNOMEDCT_US,736020003,Emergency upper segment cesarean section with bilateral tubal ligation,"","",narrow,P,PrA,736020003,end_of_pregnancy
BirthNarrow,Birth classified as narrow,SNOMEDCT_US,736026009,Elective lower segment cesarean section with bilateral tubal ligation,"","",narrow,P,PrA,736026009,end_of_pregnancy
BirthNarrow,Birth classified as narrow,SNOMEDCT_US,736118004,Emergency lower segment cesarean section with bilateral tubal ligation,"","",narrow,P,PrA,736118004,end_of_pregnancy
BirthNarrow,Birth classified as narrow,SNOMEDCT_US,77854008,Failed medical induction of labor,C0269808,Failed medical induction of labor,possible,P,PrA,77854008,end_of_pregnancy
BirthNarrow,Birth classified as narrow,SNOMEDCT_US,788180009,Lower uterine segment cesarean section,"","",narrow,P,PrA,788180009,end_of_pregnancy
BirthNarrow,Birth classified as narrow,SNOMEDCT_US,79255005,Mentum presentation of fetus,C0269707,Mentum presentation of fetus,narrow,P,PrA,79255005,end_of_pregnancy
BirthNarrow,Birth classified as narrow,SNOMEDCT_US,79839005,Perineal laceration involving vulva,C0269869,Perineal laceration involving vulva,narrow,P,PrA,79839005,end_of_pregnancy
BirthNarrow,Birth classified as narrow,SNOMEDCT_US,84007008,Shock during AND-OR following labor AND-OR delivery,C0157450,Shock during AND-OR following labor AND-OR delivery,narrow,P,PrA,84007008,end_of_pregnancy
BirthNarrow,Birth classified as narrow,SNOMEDCT_US,85309007,Haematoma of caesarean section AND-OR perineal wound,C0269968,Hematoma of cesarean section or perineal wound,narrow,P,PrA,85309007,end_of_pregnancy
BirthNarrow,Birth classified as narrow,SNOMEDCT_US,87383005,Maternal distress,C0473485,Maternal distress,narrow,P,PrA,87383005,end_of_pregnancy
BirthNarrow,Birth classified as narrow,SNOMEDCT_US,89053004,Vaginal cesarean section,"","",narrow,P,PrA,89053004,end_of_pregnancy
BirthNarrow,Birth classified as narrow,SNOMEDCT_US,9071004,Obstetrical laceration of cervix,C0157358,Laceration of cervix - obstetric,narrow,P,PrA,9071004,end_of_pregnancy
BirthNarrow,Birth classified as narrow,SNOMEDCT_US,9107002,Perineal laceration involving perineal muscles,C0269872,second-degree perineal laceration during delivery involving perineal muscles,narrow,P,PrA,9107002,end_of_pregnancy
BirthNarrow,Birth classified as narrow,SNOMEDCT_US,9780006,Presentation of prolapsed arm of fetus,C0269709,Presentation of prolapsed arm of fetus,narrow,P,PrA,9780006,end_of_pregnancy
BirthPossible1,Birth classified as possible,ICD10,O42,Premature rupture of membranes,C0015944,Fetal Membranes- Premature Rupture,narrow,P,PrA,O42,ongoing_pregnancy
BirthPossible1,Birth classified as possible,ICD10,O42.9,Premature rupture of membranes- unspecified,C0015944,Fetal Membranes- Premature Rupture,narrow,P,PrA,O42.9,ongoing_pregnancy
BirthPossible1,Birth classified as possible,ICD10,O48,Prolonged pregnancy,C0032993,Pregnancy- Prolonged,narrow,P,PrA,O48,ongoing_pregnancy
BirthPossible1,Birth classified as possible,ICD10,O48.0,Post-term pregnancy,C0032993,Pregnancy- Prolonged,narrow,P,PrA,O48.0,ongoing_pregnancy
BirthPossible1,Birth classified as possible,ICD10,O48.1,Prolonged pregnancy,C0032993,Pregnancy- Prolonged,narrow,P,PrA,O48.1,ongoing_pregnancy
BirthPossible1,Birth classified as possible,ICD10CM,O42,Premature rupture of membranes,C0015944,Fetal Membranes- Premature Rupture,narrow,P,PrA,O42,ongoing_pregnancy
BirthPossible1,Birth classified as possible,ICD10CM,O48,Late pregnancy,C0878751,late pregnancy,narrow,P,PrA,O48,ongoing_pregnancy
BirthPossible1,Birth classified as possible,ICD10CM,O48.0,Post-term pregnancy,C0032993,Pregnancy- Prolonged,narrow,P,PrA,O48.0,ongoing_pregnancy
BirthPossible1,Birth classified as possible,ICD10CM,O48.1,Prolonged pregnancy,C0032993,Pregnancy- Prolonged,narrow,P,PrA,O48.1,ongoing_pregnancy
BirthPossible1,Birth classified as possible,ICD9CM,642.50,Severe pre-eclampsia- unspecified as to episode of care or not applicable,C0156669,Severe pre-eclampsia- unspecified as to episode of care or not applicable,narrow,P,PrA,642.50,ongoing_pregnancy
BirthPossible1,Birth classified as possible,ICD9CM,644.0,Threatened premature labor,"","",narrow,P,PrA,644.0,ongoing_pregnancy
BirthPossible1,Birth classified as possible,ICD9CM,644.00,Threatened premature labor- unspecified as to episode of care or not applicable,"","",narrow,P,PrA,644.00,ongoing_pregnancy
BirthPossible1,Birth classified as possible,ICD9CM,644.03,Threatened premature labor- antepartum condition or complication,"","",narrow,P,PrA,644.03,ongoing_pregnancy
BirthPossible1,Birth classified as possible,ICD9CM,644.1,Other threatened labor,C0473388,Other threatened labor,narrow,P,PrA,644.1,ongoing_pregnancy
BirthPossible1,Birth classified as possible,ICD9CM,644.10,Other threatened labor- unspecified as to episode of care or not applicable,C0156716,Other threatened labor- unspecified as to episode of care or not applicable,narrow,P,PrA,644.10,ongoing_pregnancy
BirthPossible1,Birth classified as possible,ICD9CM,644.13,Other threatened labor- antepartum condition or complication,"","",narrow,P,PrA,644.13,ongoing_pregnancy
BirthPossible1,Birth classified as possible,ICD9CM,645,Late pregnancy,C0878751,late pregnancy,narrow,P,PrA,645,ongoing_pregnancy
BirthPossible1,Birth classified as possible,ICD9CM,645.00,Prolonged pregnancy- unspecified as to episode of care or not applicable,"","",narrow,P,PrA,645.00,ongoing_pregnancy
BirthPossible1,Birth classified as possible,ICD9CM,645.03,Prolonged pregnancy- antepartum condition or complication,"","",narrow,P,PrA,645.03,ongoing_pregnancy
BirthPossible1,Birth classified as possible,ICD9CM,645.1,Post term pregnancy,C0032993,Pregnancy- Prolonged,narrow,P,PrA,645.1,ongoing_pregnancy
BirthPossible1,Birth classified as possible,ICD9CM,645.10,Post term pregnancy- unspecified as to episode of care or not applicable,C1176343,Post term pregnancy- unspecified as to episode of care or not applicable,narrow,P,PrA,645.10,ongoing_pregnancy
BirthPossible1,Birth classified as possible,ICD9CM,645.13,Post term pregnancy- antepartum condition or complication,C1176345,Post term pregnancy- antepartum condition or complication,narrow,P,PrA,645.13,ongoing_pregnancy
BirthPossible1,Birth classified as possible,ICD9CM,645.2,Prolonged pregnancy,C0032993,Pregnancy- Prolonged,narrow,P,PrA,645.2,ongoing_pregnancy
BirthPossible1,Birth classified as possible,ICD9CM,645.20,Prolonged pregnancy- unspecified as to episode of care or not applicable,C1176346,Prolonged pregnancy- unspecified as to episode of care or not applicable,narrow,P,PrA,645.20,ongoing_pregnancy
BirthPossible1,Birth classified as possible,ICD9CM,645.23,Prolonged pregnancy- antepartum condition or complication,C1176348,Prolonged pregnancy- antepartum condition or complication,narrow,P,PrA,645.23,ongoing_pregnancy
BirthPossible1,Birth classified as possible,ICD9CM,646.0,Papyraceous fetus,"","",narrow,P,PrA,646.0,ongoing_pregnancy
BirthPossible1,Birth classified as possible,ICD9CM,646.00,Papyraceous fetus- unspecified as to episode of care or not applicable,"","",narrow,P,PrA,646.00,ongoing_pregnancy
BirthPossible1,Birth classified as possible,ICD9CM,651.43,Triplet pregnancy with fetal loss and retention of one or more fetus(es)- antepartum condition or complication,C0156908,Triplet pregnancy with fetal loss and retention of one or more fetus(es)- antepartum condition or complication,narrow,P,PrA,651.43,ongoing_pregnancy
BirthPossible1,Birth classified as possible,ICD9CM,651.53,Quadruplet pregnancy with fetal loss and retention of one or more fetus(es)- antepartum condition or complication,C0156912,Quadruplet pregnancy with fetal loss and retention of one or more fetus(es)- antepartum condition or complication,narrow,P,PrA,651.53,ongoing_pregnancy
BirthPossible1,Birth classified as possible,ICD9CM,651.63,Other multiple pregnancy with fetal loss and retention of one or more fetus(es)- antepartum condition or complication,C0156916,Other multiple pregnancy with fetal loss and retention of one or more fetus(es)- antepartum condition or complication,narrow,P,PrA,651.63,ongoing_pregnancy
BirthPossible1,Birth classified as possible,ICD9CM,652.5,High fetal head at term,"","",narrow,P,PrA,652.5,ongoing_pregnancy
BirthPossible1,Birth classified as possible,ICD9CM,652.5,High fetal head at term,C0426187,Failure of fetal head to enter pelvic brim,narrow,P,PrA,652.5,ongoing_pregnancy
BirthPossible1,Birth classified as possible,ICD9CM,652.5,High head at term- unspecified as to episode of care or not applicable,"","",narrow,P,PrA,652.5,ongoing_pregnancy
BirthPossible1,Birth classified as possible,ICD9CM,652.53,High head at term- antepartum condition or complication,"","",narrow,P,PrA,652.53,ongoing_pregnancy
BirthPossible1,Birth classified as possible,ICD9CM,658.1,Premature rupture of membranes,C0015944,Fetal Membranes- Premature Rupture,narrow,P,PrA,658.1,ongoing_pregnancy
BirthPossible1,Birth classified as possible,ICD9CM,658.10,Premature rupture of membranes- unspecified as to episode of care or not applicable,C0157145,Premature rupture of membranes- unspecified as to episode of care,narrow,P,PrA,658.10,ongoing_pregnancy
BirthPossible1,Birth classified as possible,ICD9CM,658.13,Premature rupture of membranes- antepartum condition or complication,C0157147,Premature rupture of membranes- antepartum,narrow,P,PrA,658.13,ongoing_pregnancy
BirthPossible1,Birth classified as possible,ICD9CM,658.43,Infection of amniotic cavity- antepartum condition or complication,C0157158,Infection of amniotic cavity- antepartum,narrow,P,PrA,658.43,ongoing_pregnancy
BirthPossible1,Birth classified as possible,ICD9CM,658.80,Other problems associated with amniotic cavity and membranes- unspecified as to episode of care or not applicable,C0157159,Other problems associated with amniotic cavity and membranes- unspecified as to episode of care or not applicable,narrow,P,PrA,658.80,ongoing_pregnancy
BirthPossible1,Birth classified as possible,ICD9CM,658.83,Other problems associated with amniotic cavity and membranes- antepartum,C0157161,Other problems associated with amniotic cavity and membranes- antepartum,narrow,P,PrA,658.83,ongoing_pregnancy
BirthPossible1,Birth classified as possible,ICD9CM,658.93,Unspecified problem associated with amniotic cavity and membranes- antepartum condition or complication,C0157165,Unspecified problem associated with amniotic cavity and membranes- antepartum condition or complication,narrow,P,PrA,658.93,ongoing_pregnancy
BirthPossible1,Birth classified as possible,ICD9CM,668.1,Cardiac complications of anesthesia or other sedation in labor and delivery,C0269916,Obstetrical cardiac complication of anesthesia AND-OR sedation,narrow,P,PrA,668.1,ongoing_pregnancy
BirthPossible1,Birth classified as possible,ICD9CM,668.10,Cardiac complications of anesthesia or other sedation in labor and delivery- unspecified as to episode of care or not applicable,"","",narrow,P,PrA,668.10,ongoing_pregnancy
BirthPossible1,Birth classified as possible,ICD9CM,668.13,Cardiac complications of anesthesia or other sedation in labor and delivery- antepartum condition or complication,"","",narrow,P,PrA,668.13,ongoing_pregnancy
BirthPossible1,Birth classified as possible,ICPC2P,W84003,Pregnancy-post term,C0032993,Pregnancy- Prolonged,narrow,P,PrA,W84003,ongoing_pregnancy
BirthPossible1,Birth classified as possible,ICPC2P,W84027,Premature-rupture of membranes,C0015944,Fetal Membranes- Premature Rupture,narrow,P,PrA,W84027,ongoing_pregnancy
BirthPossible1,Birth classified as possible,MTHICD9,642.50,Severe pre-eclampsia- unspecified as to episode of care,C0156669,Severe pre-eclampsia- unspecified as to episode of care or not applicable,narrow,P,PrA,642.50,ongoing_pregnancy
BirthPossible1,Birth classified as possible,MTHICD9,644.10,Other threatened labor- unspecified as to episode of care,C0156716,Other threatened labor- unspecified as to episode of care or not applicable,narrow,P,PrA,644.10,ongoing_pregnancy
BirthPossible1,Birth classified as possible,MTHICD9,652.5,Failure of head to enter pelvic brim,C0426187,Failure of fetal head to enter pelvic brim,narrow,P,PrA,652.5,ongoing_pregnancy
BirthPossible1,Birth classified as possible,MTHICD9,658.1,Rupture of amniotic sac less than 24 hours prior to the onset of labor,C0495245,Prem rupture of membranes onset of labor within 24 hours,narrow,P,PrA,658.1,ongoing_pregnancy
BirthPossible1,Birth classified as possible,MTHICD9,658.10,Premature rupture of membranes- unspecified as to episode of care,C0157145,Premature rupture of membranes- unspecified as to episode of care,narrow,P,PrA,658.10,ongoing_pregnancy
BirthPossible1,Birth classified as possible,MTHICD9,658.13,Premature rupture of membranes- antepartum,C0157147,Premature rupture of membranes- antepartum,narrow,P,PrA,658.13,ongoing_pregnancy
BirthPossible1,Birth classified as possible,MTHICD9,658.43,Infection of amniotic cavity- antepartum,C0157158,Infection of amniotic cavity- antepartum,narrow,P,PrA,658.43,ongoing_pregnancy
BirthPossible1,Birth classified as possible,MTHICD9,658.80,Other problems associated with amniotic cavity and membranes- unspecified as to episode of care,C0157159,Other problems associated with amniotic cavity and membranes- unspecified as to episode of care or not applicable,narrow,P,PrA,658.80,ongoing_pregnancy
BirthPossible1,Birth classified as possible,MTHICD9,658.93,Unspecified problem associated with amniotic cavity and membranes- antepartum,C0157165,Unspecified problem associated with amniotic cavity and membranes- antepartum condition or complication,narrow,P,PrA,658.93,ongoing_pregnancy
BirthPossible1,Birth classified as possible,MTHICD9,659.7,Fetal tachycardia,C0410918,Fetal tachycardia,narrow,P,PrA,659.7,ongoing_pregnancy
BirthPossible1,Birth classified as possible,RCD2,L141.,Other threatened labour,C0473388,Other threatened labor,narrow,P,PrA,L141.,ongoing_pregnancy
BirthPossible1,Birth classified as possible,RCD2,L1410,Other threatened labour unsp.,C0473388,Other threatened labor,narrow,P,PrA,L1410,ongoing_pregnancy
BirthPossible1,Birth classified as possible,RCD2,L141z,Other threatened labour NOS,C0473388,Other threatened labor,narrow,P,PrA,L141z,ongoing_pregnancy
BirthPossible1,Birth classified as possible,RCD2,L14z.,Early-threatened labour NOS,C0156711,Early or threatened labor,narrow,P,PrA,L14z.,ongoing_pregnancy
BirthPossible1,Birth classified as possible,RCD2,L15..,Prolonged-post-term pregnancy,C0032993,Pregnancy- Prolonged,narrow,P,PrA,L15..,ongoing_pregnancy
BirthPossible1,Birth classified as possible,RCD2,L1500,Post-term pregnancy-unspecif.,C0032993,Pregnancy- Prolonged,narrow,P,PrA,L1500,ongoing_pregnancy
BirthPossible1,Birth classified as possible,RCD2,L150z,Post-term pregnancy NOS,C0032993,Pregnancy- Prolonged,narrow,P,PrA,L150z,ongoing_pregnancy
BirthPossible1,Birth classified as possible,RCD2,L15z.,Prolonged pregnancy NOS,C0032993,Pregnancy- Prolonged,narrow,P,PrA,L15z.,ongoing_pregnancy
BirthPossible1,Birth classified as possible,RCD2,L227.,High head at term,C0426187,Failure of fetal head to enter pelvic brim,narrow,P,PrA,L227.,ongoing_pregnancy
BirthPossible1,Birth classified as possible,RCD2,L2270,High head at term unspecified,C0426187,Failure of fetal head to enter pelvic brim,narrow,P,PrA,L2270,ongoing_pregnancy
BirthPossible1,Birth classified as possible,RCD2,L227z,High head at term NOS,C0426187,Failure of fetal head to enter pelvic brim,narrow,P,PrA,L227z,ongoing_pregnancy
BirthPossible1,Birth classified as possible,RCD2,L263.,Fetal distress-affecting care,C0410918,Fetal tachycardia,narrow,P,PrA,L263.,ongoing_pregnancy
BirthPossible1,Birth classified as possible,RCD2,L281.,Premature rupture of membranes,C0015944,Fetal Membranes- Premature Rupture,narrow,P,PrA,L281.,ongoing_pregnancy
BirthPossible1,Birth classified as possible,RCD2,L2810,Premature membr.rupt.unspecif.,C0015944,Fetal Membranes- Premature Rupture,narrow,P,PrA,L2810,ongoing_pregnancy
BirthPossible1,Birth classified as possible,RCD2,L2813,Prm rupt mbn-onset lab < 24h,C0495245,Prem rupture of membranes onset of labor within 24 hours,narrow,P,PrA,L2813,ongoing_pregnancy
BirthPossible1,Birth classified as possible,RCD2,L281z,Premature membrane rupture NOS,C0015944,Fetal Membranes- Premature Rupture,narrow,P,PrA,L281z,ongoing_pregnancy
BirthPossible1,Birth classified as possible,SCTSPA,111464001,enfermedad fetal o neonatal- que aparece en el período perinatal,C1533165,Disorder of fetus or newborn,narrow,P,PrA,111464001,ongoing_pregnancy
BirthPossible1,Birth classified as possible,SCTSPA,199052006,otra amenaza de parto prematuro,C0473388,Other threatened labor,narrow,P,PrA,199052006,ongoing_pregnancy
BirthPossible1,Birth classified as possible,SCTSPA,199053001,otra amenaza de parto prematuro no especificado,C0473388,Other threatened labor,narrow,P,PrA,199053001,ongoing_pregnancy
BirthPossible1,Birth classified as possible,SCTSPA,199055008,otra amenaza de parto prematuro- SAI,C0473388,Other threatened labor,narrow,P,PrA,199055008,ongoing_pregnancy
BirthPossible1,Birth classified as possible,SCTSPA,199060007,amenaza de parto prematuro- SAI,C0156711,Early or threatened labor,narrow,P,PrA,199060007,ongoing_pregnancy
BirthPossible1,Birth classified as possible,SCTSPA,199373000,cabeza alta de término,C0426187,Failure of fetal head to enter pelvic brim,narrow,P,PrA,199373000,ongoing_pregnancy
BirthPossible1,Birth classified as possible,SCTSPA,199374006,cabeza alta a término no especificada,C0426187,Failure of fetal head to enter pelvic brim,narrow,P,PrA,199374006,ongoing_pregnancy
BirthPossible1,Birth classified as possible,SCTSPA,199377004,cabeza alta a término- SAI,C0426187,Failure of fetal head to enter pelvic brim,narrow,P,PrA,199377004,ongoing_pregnancy
BirthPossible1,Birth classified as possible,SCTSPA,199657001,ruptura prematura de membranas no especificada,C0015944,Fetal Membranes- Premature Rupture,narrow,P,PrA,199657001,ongoing_pregnancy
BirthPossible1,Birth classified as possible,SCTSPA,199660008,ruptura prematura de membranas- inicio del trabajo de parto dentro de las 24 horas,C0495245,Prem rupture of membranes onset of labor within 24 hours,narrow,P,PrA,199660008,ongoing_pregnancy
BirthPossible1,Birth classified as possible,SCTSPA,199663005,ruptura prematura de membranas- SAI,C0015944,Fetal Membranes- Premature Rupture,narrow,P,PrA,199663005,ongoing_pregnancy
BirthPossible1,Birth classified as possible,SCTSPA,237266003,ruptura pretérmino de membranas,C0015944,Fetal Membranes- Premature Rupture,narrow,P,PrA,237266003,ongoing_pregnancy
BirthPossible1,Birth classified as possible,SCTSPA,240298005,taquicardia fetal,C0410918,Fetal tachycardia,narrow,P,PrA,240298005,ongoing_pregnancy
BirthPossible1,Birth classified as possible,SCTSPA,240299002,bradicardia fetal,C0410919,Fetal bradycardia,narrow,P,PrA,240299002,ongoing_pregnancy
BirthPossible1,Birth classified as possible,SCTSPA,251673004,desaceleración cardíaca fetal,C0429480,Fetal heart deceleration,narrow,P,PrA,251673004,ongoing_pregnancy
BirthPossible1,Birth classified as possible,SCTSPA,267197003,hemorragia preparto- desprendimiento prematuro de placenta y placenta previa,C0156616,Antepartum hemorrhage- abruptio placentae and placenta previa,narrow,P,PrA,267197003,ongoing_pregnancy
BirthPossible1,Birth classified as possible,SCTSPA,267201003,trabajo de parto prematuro o amenaza de trabajo de parto,C0156711,Early or threatened labor,narrow,P,PrA,267201003,ongoing_pregnancy
BirthPossible1,Birth classified as possible,SCTSPA,289341007,desaceleración cardíaca fetal - hallazgo,C0429480,Fetal heart deceleration,narrow,P,PrA,289341007,ongoing_pregnancy
BirthPossible1,Birth classified as possible,SCTSPA,34430009,ruptura del útero (trastorno),"","",narrow,P,PrA,34430009,ongoing_pregnancy
BirthPossible1,Birth classified as possible,SCTSPA,366309007,hallazgo relacionado con el borramiento del cuello uterino (hallazgo),"","",narrow,P,PrA,366309007,ongoing_pregnancy
BirthPossible1,Birth classified as possible,SCTSPA,387705004,enfermedad hemolítica del feto O recién nacido por isoinmunización (trastorno),"","",narrow,P,PrA,387705004,ongoing_pregnancy
BirthPossible1,Birth classified as possible,SCTSPA,414025005,trastorno del feto o el recién nacido,C1533165,Disorder of fetus or newborn,narrow,P,PrA,414025005,ongoing_pregnancy
BirthPossible1,Birth classified as possible,SCTSPA,44223004,ruptura prematura de membranas,C0015944,Fetal Membranes- Premature Rupture,narrow,P,PrA,44223004,ongoing_pregnancy
BirthPossible1,Birth classified as possible,SCTSPA,62098001,cabeza fetal no encajada,C0426187,Failure of fetal head to enter pelvic brim,narrow,P,PrA,62098001,ongoing_pregnancy
BirthPossible1,Birth classified as possible,SCTSPA,64171002,complicación cardíaca obstétrica por la anestesia Y-O la sedación,C0269916,Obstetrical cardiac complication of anesthesia AND-OR sedation,narrow,P,PrA,64171002,ongoing_pregnancy
BirthPossible1,Birth classified as possible,SCTSPA,84880007,efecto de complicación de la placenta- cordón umbilical y-o membranas sobre el feto o recién nacido (trastorno),"","",narrow,P,PrA,84880007,ongoing_pregnancy
BirthPossible1,Birth classified as possible,SNOMEDCT_US,111464001,Fetal and neonatal conditions,C1533165,Disorder of fetus or newborn,narrow,P,PrA,111464001,ongoing_pregnancy
BirthPossible1,Birth classified as possible,SNOMEDCT_US,156160002,High head at term,C0426187,Failure of fetal head to enter pelvic brim,narrow,P,PrA,156160002,ongoing_pregnancy
BirthPossible1,Birth classified as possible,SNOMEDCT_US,156189000,Membrane-prem. rupture,C0015944,Fetal Membranes- Premature Rupture,narrow,P,PrA,156189000,ongoing_pregnancy
BirthPossible1,Birth classified as possible,SNOMEDCT_US,156191008,Premature rupture of membranes,C0015944,Fetal Membranes- Premature Rupture,narrow,P,PrA,156191008,ongoing_pregnancy
BirthPossible1,Birth classified as possible,SNOMEDCT_US,157050000,Premature rupture of membranes,C0015944,Fetal Membranes- Premature Rupture,narrow,P,PrA,157050000,ongoing_pregnancy
BirthPossible1,Birth classified as possible,SNOMEDCT_US,198896000,Antepartum haemorrhage- abruptio placentae and placenta praevia,C0156616,Antepartum hemorrhage- abruptio placentae and placenta previa,narrow,P,PrA,198896000,ongoing_pregnancy
BirthPossible1,Birth classified as possible,SNOMEDCT_US,199046005,Early or threatened labor,C0156711,Early or threatened labor,narrow,P,PrA,199046005,ongoing_pregnancy
BirthPossible1,Birth classified as possible,SNOMEDCT_US,199052006,Other threatened labor,C0473388,Other threatened labor,narrow,P,PrA,199052006,ongoing_pregnancy
BirthPossible1,Birth classified as possible,SNOMEDCT_US,199053001,Other threatened labor unspecified,C0473388,Other threatened labor,narrow,P,PrA,199053001,ongoing_pregnancy
BirthPossible1,Birth classified as possible,SNOMEDCT_US,199055008,Other threatened labor NOS,C0473388,Other threatened labor,narrow,P,PrA,199055008,ongoing_pregnancy
BirthPossible1,Birth classified as possible,SNOMEDCT_US,199060007,Early or threatened labor NOS,C0156711,Early or threatened labor,narrow,P,PrA,199060007,ongoing_pregnancy
BirthPossible1,Birth classified as possible,SNOMEDCT_US,199373000,High head at term,C0426187,Failure of fetal head to enter pelvic brim,narrow,P,PrA,199373000,ongoing_pregnancy
BirthPossible1,Birth classified as possible,SNOMEDCT_US,199374006,High head at term unspecified,C0426187,Failure of fetal head to enter pelvic brim,narrow,P,PrA,199374006,ongoing_pregnancy
BirthPossible1,Birth classified as possible,SNOMEDCT_US,199377004,High head at term NOS,C0426187,Failure of fetal head to enter pelvic brim,narrow,P,PrA,199377004,ongoing_pregnancy
BirthPossible1,Birth classified as possible,SNOMEDCT_US,199590007,Fetal tachycardia,C0410918,Fetal tachycardia,narrow,P,PrA,199590007,ongoing_pregnancy
BirthPossible1,Birth classified as possible,SNOMEDCT_US,199657001,Premature rupture of membranes unspecified,C0015944,Fetal Membranes- Premature Rupture,narrow,P,PrA,199657001,ongoing_pregnancy
BirthPossible1,Birth classified as possible,SNOMEDCT_US,199660008,Prem rupture of membranes onset of labor within 24 hours,C0495245,Prem rupture of membranes onset of labor within 24 hours,narrow,P,PrA,199660008,ongoing_pregnancy
BirthPossible1,Birth classified as possible,SNOMEDCT_US,199663005,Premature rupture of membranes NOS,C0015944,Fetal Membranes- Premature Rupture,narrow,P,PrA,199663005,ongoing_pregnancy
BirthPossible1,Birth classified as possible,SNOMEDCT_US,237266003,Preterm rupture of membranes,C0015944,Fetal Membranes- Premature Rupture,narrow,P,PrA,237266003,ongoing_pregnancy
BirthPossible1,Birth classified as possible,SNOMEDCT_US,240298005,Fetal tachycardia,C0410918,Fetal tachycardia,narrow,P,PrA,240298005,ongoing_pregnancy
BirthPossible1,Birth classified as possible,SNOMEDCT_US,240299002,Fetal bradycardia,C0410919,Fetal bradycardia,narrow,P,PrA,240299002,ongoing_pregnancy
BirthPossible1,Birth classified as possible,SNOMEDCT_US,251673004,Fetal heart deceleration,C0429480,Fetal heart deceleration,narrow,P,PrA,251673004,ongoing_pregnancy
BirthPossible1,Birth classified as possible,SNOMEDCT_US,267197003,Antepartum hemorrhage- abruptio placentae and placenta previa,C0156616,Antepartum hemorrhage- abruptio placentae and placenta previa,narrow,P,PrA,267197003,ongoing_pregnancy
BirthPossible1,Birth classified as possible,SNOMEDCT_US,267201003,Early or threatened labor,C0156711,Early or threatened labor,narrow,P,PrA,267201003,ongoing_pregnancy
BirthPossible1,Birth classified as possible,SNOMEDCT_US,267338001,Membrane-prem. rupture,C0015944,Fetal Membranes- Premature Rupture,narrow,P,PrA,267338001,ongoing_pregnancy
BirthPossible1,Birth classified as possible,SNOMEDCT_US,289341007,Finding of fetal heart deceleration,C0429480,Fetal heart deceleration,narrow,P,PrA,289341007,ongoing_pregnancy
BirthPossible1,Birth classified as possible,SNOMEDCT_US,414025005,Disorder of fetus or newborn,C1533165,Disorder of fetus or newborn,narrow,P,PrA,414025005,ongoing_pregnancy
BirthPossible1,Birth classified as possible,SNOMEDCT_US,44223004,Premature rupture of membranes,C0015944,Fetal Membranes- Premature Rupture,narrow,P,PrA,44223004,ongoing_pregnancy
BirthPossible1,Birth classified as possible,SNOMEDCT_US,62098001,Head not engaged,C0426187,Failure of fetal head to enter pelvic brim,narrow,P,PrA,62098001,ongoing_pregnancy
BirthPossible1,Birth classified as possible,SNOMEDCT_US,64171002,Obstetrical cardiac complication of anesthesia AND-OR sedation,C0269916,Obstetrical cardiac complication of anesthesia AND-OR sedation,narrow,P,PrA,64171002,ongoing_pregnancy
BirthPossible2,Birth classified as possible,ICD10,N85.5,Inversion of uterus,C0162482,Uterine Inversion,narrow,P,PrA,N85.5,ongoing_pregnancy
BirthPossible2,Birth classified as possible,ICD10CM,N85.5,Inversion of uterus,C0162482,Uterine Inversion,narrow,P,PrA,N85.5,ongoing_pregnancy
BirthPossible2,Birth classified as possible,ICD9CM,659.8,Other specified indications for care or intervention related to labor and delivery,C0157191,Other specified indications for care or intervention related to labor and delivery,narrow,P,PrA,659.8,ongoing_pregnancy
BirthPossible2,Birth classified as possible,ICD9CM,659.80,Other specified indications for care or intervention related to labor and delivery- unspecified as to episode of care or not applicable,C0157192,Other specified indications for care or intervention related to labor and delivery- unspecified as to episode of care or not applicable,narrow,P,PrA,659.80,ongoing_pregnancy
BirthPossible2,Birth classified as possible,ICD9CM,659.83,Other specified indications for care or intervention related to labor and delivery- antepartum condition or complication,C0157194,Other specified indications for care or intervention related to labor and delivery- antepartum condition or complication,narrow,P,PrA,659.83,ongoing_pregnancy
BirthPossible2,Birth classified as possible,ICD9CM,659.9,Unspecified indication for care or intervention related to labor and delivery,C0157195,Unspecified indication for care or intervention related to labor and delivery,narrow,P,PrA,659.9,ongoing_pregnancy
BirthPossible2,Birth classified as possible,ICD9CM,659.90,Unspecified indication for care or intervention related to labor and delivery- unspecified as to episode of care or not applicable,C0157196,Unspecified indication for care or intervention related to labor and delivery- unspecified as to episode of care or not applicable,narrow,P,PrA,659.90,ongoing_pregnancy
BirthPossible2,Birth classified as possible,ICD9CM,659.93,Unspecified indication for care or intervention related to labor and delivery- antepartum condition or complication,C0157198,Unspecified indication for care or intervention related to labor and delivery- antepartum condition or complication,narrow,P,PrA,659.93,ongoing_pregnancy
BirthPossible2,Birth classified as possible,ICD9CM,660.3,Deep transverse arrest and persistent occipitoposterior position during labor and delivery,C0157211,Deep transverse arrest and persistent occipitoposterior position during labor and delivery,narrow,P,PrA,660.3,ongoing_pregnancy
BirthPossible2,Birth classified as possible,ICD9CM,660.30,Deep transverse arrest and persistent occipitoposterior position- unspecified as to episode of care or not applicable,C0157212,Deep transverse arrest and persistent occipitoposterior position- unspecified as to episode of care or not applicable,narrow,P,PrA,660.30,ongoing_pregnancy
BirthPossible2,Birth classified as possible,ICD9CM,660.33,Deep transverse arrest and persistent occipitoposterior position- antepartum condition or complication,"","",narrow,P,PrA,660.33,ongoing_pregnancy
BirthPossible2,Birth classified as possible,ICD9CM,660.4,Shoulder (girdle) dystocia during labor and delivery,C0269825,Shoulder Dystocia,narrow,P,PrA,660.4,ongoing_pregnancy
BirthPossible2,Birth classified as possible,ICD9CM,660.40,Shoulder (girdle) dystocia- unspecified as to episode of care or not applicable,C0157216,Shoulder (girdle) dystocia- unspecified as to episode of care,narrow,P,PrA,660.40,ongoing_pregnancy
BirthPossible2,Birth classified as possible,ICD9CM,660.43,Shoulder (girdle) dystocia- antepartum condition or complication,"","",narrow,P,PrA,660.43,ongoing_pregnancy
BirthPossible2,Birth classified as possible,ICD9CM,660.5,Locked twins,C0405185,Interlocked twins,narrow,P,PrA,660.5,ongoing_pregnancy
BirthPossible2,Birth classified as possible,ICD9CM,660.50,Locked twins- unspecified as to episode of care or not applicable,C0157220,Locked twins- unspecified as to episode of care in pregnancy,narrow,P,PrA,660.50,ongoing_pregnancy
BirthPossible2,Birth classified as possible,ICD9CM,660.53,Locked twins- antepartum condition or complication,"","",narrow,P,PrA,660.53,ongoing_pregnancy
BirthPossible2,Birth classified as possible,ICD9CM,660.60,Unspecified failed trial of labor- unspecified as to episode of care or not applicable,C0157224,Unspecified failed trial of labor- unspecified as to episode of care or not applicable,narrow,P,PrA,660.60,ongoing_pregnancy
BirthPossible2,Birth classified as possible,ICD9CM,660.63,Unspecified failed trial of labor- antepartum condition or complication,C0157226,Unspecified failed trial of labor- antepartum condition or complication,narrow,P,PrA,660.63,ongoing_pregnancy
BirthPossible2,Birth classified as possible,ICD9CM,661.0,Primary uterine inertia,C0152159,Hypotonic uterine inertia,narrow,P,PrA,661.0,ongoing_pregnancy
BirthPossible2,Birth classified as possible,ICD9CM,661.00,Primary uterine inertia- unspecified as to episode of care or not applicable,C0157239,Primary uterine inertia- unspecified as to episode of care or not applicable,narrow,P,PrA,661.00,ongoing_pregnancy
BirthPossible2,Birth classified as possible,ICD9CM,661.03,Primary uterine inertia- antepartum condition or complication,C0157241,Primary uterine inertia- antepartum,narrow,P,PrA,661.03,ongoing_pregnancy
BirthPossible2,Birth classified as possible,ICD9CM,661.1,Secondary uterine inertia,C0405169,Secondary uterine inertia,narrow,P,PrA,661.1,ongoing_pregnancy
BirthPossible2,Birth classified as possible,ICD9CM,661.10,Secondary uterine inertia- unspecified as to episode of care or not applicable,C0157242,Secondary uterine inertia- unspecified as to episode of care or not applicable,narrow,P,PrA,661.10,ongoing_pregnancy
BirthPossible2,Birth classified as possible,ICD9CM,661.13,Secondary uterine inertia- antepartum condition or complication,C0157244,Secondary uterine inertia- antepartum,narrow,P,PrA,661.13,ongoing_pregnancy
BirthPossible2,Birth classified as possible,ICD9CM,661.2,Other and unspecified uterine inertia,C0477838,Other uterine inertia,narrow,P,PrA,661.2,ongoing_pregnancy
BirthPossible2,Birth classified as possible,ICD9CM,661.20,Other and unspecified uterine inertia- unspecified as to episode of care or not applicable,C0477838,Other uterine inertia,narrow,P,PrA,661.20,ongoing_pregnancy
BirthPossible2,Birth classified as possible,ICD9CM,661.23,Other and unspecified uterine inertia- antepartum condition or complication,C0157247,Other and unspecified uterine inertia- antepartum condition or complication,narrow,P,PrA,661.23,ongoing_pregnancy
BirthPossible2,Birth classified as possible,ICD9CM,663.80,Other umbilical cord complications complicating labor and delivery- unspecified as to episode of care or not applicable,C0157304,Other umbilical cord complications complicating labor and delivery- unspecified as to episode of care or not applicable,narrow,P,PrA,663.80,ongoing_pregnancy
BirthPossible2,Birth classified as possible,ICD9CM,663.83,Other umbilical cord complications complicating labor and delivery- antepartum condition or complication,C0157306,Other umbilical cord complications complicating labor and delivery- antepartum condition or complication,narrow,P,PrA,663.83,ongoing_pregnancy
BirthPossible2,Birth classified as possible,ICD9CM,663.90,Unspecified umbilical cord complication complicating labor and delivery- unspecified as to episode of care or not applicable,C0157308,Unspecified umbilical cord complication complicating labor and delivery- unspecified as to episode of care or not applicable,narrow,P,PrA,663.90,ongoing_pregnancy
BirthPossible2,Birth classified as possible,ICD9CM,663.93,Unspecified umbilical cord complication complicating labor and delivery- antepartum condition or complication,C0157310,Unspecified umbilical cord complication complicating labor and delivery- antepartum condition or complication,narrow,P,PrA,663.93,ongoing_pregnancy
BirthPossible2,Birth classified as possible,ICD9CM,664.40,Unspecified perineal laceration- unspecified as to episode of care or not applicable,C0157329,Unspecified perineal laceration- unspecified as to episode of care or not applicable,narrow,P,PrA,664.40,ongoing_pregnancy
BirthPossible2,Birth classified as possible,ICD9CM,664.50,Vulvar and perineal hematoma- unspecified as to episode of care or not applicable,C0157333,Vulvar and perineal hematoma- unspecified as to episode of care or not applicable,narrow,P,PrA,664.50,ongoing_pregnancy
BirthPossible2,Birth classified as possible,ICD9CM,664.80,Other specified trauma to perineum and vulva- unspecified as to episode of care or not applicable,C0157337,Other specified trauma to perineum and vulva- unspecified as to episode of care or not applicable,narrow,P,PrA,664.80,ongoing_pregnancy
BirthPossible2,Birth classified as possible,ICD9CM,664.90,Unspecified trauma to perineum and vulva- unspecified as to episode of care or not applicable,C0157341,Unspecified trauma to perineum and vulva- unspecified as to episode of care or not applicable,narrow,P,PrA,664.90,ongoing_pregnancy
BirthPossible2,Birth classified as possible,ICD9CM,665.2,Obstetrical inversion of uterus,C0162482,Uterine Inversion,narrow,P,PrA,665.2,ongoing_pregnancy
BirthPossible2,Birth classified as possible,ICD9CM,665.20,Inversion of uterus- unspecified as to episode of care or not applicable,C0157355,Inversion of uterus- unspecified as to episode of care or not applicable,narrow,P,PrA,665.20,ongoing_pregnancy
BirthPossible2,Birth classified as possible,ICD9CM,665.30,Laceration of cervix- unspecified as to episode of care or not applicable,C0157359,Laceration of cervix- unspecified as to episode of care or not applicable,narrow,P,PrA,665.30,ongoing_pregnancy
BirthPossible2,Birth classified as possible,ICD9CM,665.40,High vaginal laceration- unspecified as to episode of care or not applicable,C0157363,High vaginal laceration- unspecified as to episode of care or not applicable,narrow,P,PrA,665.40,ongoing_pregnancy
BirthPossible2,Birth classified as possible,ICD9CM,665.70,Pelvic hematoma- unspecified as to episode of care or not applicable,C0157375,Pelvic hematoma- unspecified as to episode of care or not applicable,narrow,P,PrA,665.70,ongoing_pregnancy
BirthPossible2,Birth classified as possible,ICD9CM,669.00,Maternal distress complicating labor and delivery- unspecified as to episode of care or not applicable,C0157445,Maternal distress complicating labor and delivery- unspecified as to episode of care or not applicable,narrow,P,PrA,669.00,ongoing_pregnancy
BirthPossible2,Birth classified as possible,ICD9CM,669.03,Maternal distress complicating labor and delivery- antepartum condition or complication,C0157448,Maternal distress complicating labor and delivery- antepartum condition or complication,narrow,P,PrA,669.03,ongoing_pregnancy
BirthPossible2,Birth classified as possible,ICD9CM,669.8,Other complications of labor and delivery,C0157443,Other complications of labor and delivery,narrow,P,PrA,669.8,ongoing_pregnancy
BirthPossible2,Birth classified as possible,ICD9CM,669.80,Other complications of labor and delivery- unspecified as to episode of care or not applicable,C0157479,Other complications of labor and delivery- unspecified as to episode of care or not applicable,narrow,P,PrA,669.80,ongoing_pregnancy
BirthPossible2,Birth classified as possible,MTHICD9,659.80,Other specified indications for care or intervention related to labor and delivery- unspecified as to episode of care,C0157192,Other specified indications for care or intervention related to labor and delivery- unspecified as to episode of care or not applicable,narrow,P,PrA,659.80,ongoing_pregnancy
BirthPossible2,Birth classified as possible,MTHICD9,659.83,Other specified indications for care or intervention related to labor and delivery- antepartum,C0157194,Other specified indications for care or intervention related to labor and delivery- antepartum condition or complication,narrow,P,PrA,659.83,ongoing_pregnancy
BirthPossible2,Birth classified as possible,MTHICD9,659.90,Unspecified indication for care or intervention related to labor and delivery- unspecified as to episode of care,C0157196,Unspecified indication for care or intervention related to labor and delivery- unspecified as to episode of care or not applicable,narrow,P,PrA,659.90,ongoing_pregnancy
BirthPossible2,Birth classified as possible,MTHICD9,659.93,Unspecified indication for care or intervention related to labor and delivery- antepartum,C0157198,Unspecified indication for care or intervention related to labor and delivery- antepartum condition or complication,narrow,P,PrA,659.93,ongoing_pregnancy
BirthPossible2,Birth classified as possible,MTHICD9,660.30,Deep transverse arrest and persistent occipitoposterior position- unspecified as to episode of care,C0157212,Deep transverse arrest and persistent occipitoposterior position- unspecified as to episode of care or not applicable,narrow,P,PrA,660.30,ongoing_pregnancy
BirthPossible2,Birth classified as possible,MTHICD9,660.4,Impacted shoulders during labor,C0269825,Shoulder Dystocia,narrow,P,PrA,660.4,ongoing_pregnancy
BirthPossible2,Birth classified as possible,MTHICD9,660.40,Shoulder dystocia- unspecified as to episode of care,C0157216,Shoulder (girdle) dystocia- unspecified as to episode of care,narrow,P,PrA,660.40,ongoing_pregnancy
BirthPossible2,Birth classified as possible,MTHICD9,660.50,Locked twins- unspecified as to episode of care in pregnancy,C0157220,Locked twins- unspecified as to episode of care in pregnancy,narrow,P,PrA,660.50,ongoing_pregnancy
BirthPossible2,Birth classified as possible,MTHICD9,660.6,Failed trial of labor- without mention of condition or suspected condition,C0157224,Unspecified failed trial of labor- unspecified as to episode of care or not applicable,narrow,P,PrA,660.6,ongoing_pregnancy
BirthPossible2,Birth classified as possible,MTHICD9,660.60,Failed trial of labor- unspecified- unspecified as to episode,C0157224,Unspecified failed trial of labor- unspecified as to episode of care or not applicable,narrow,P,PrA,660.60,ongoing_pregnancy
BirthPossible2,Birth classified as possible,MTHICD9,660.63,Failed trial of labor- unspecified- antepartum,C0157226,Unspecified failed trial of labor- antepartum condition or complication,narrow,P,PrA,660.63,ongoing_pregnancy
BirthPossible2,Birth classified as possible,MTHICD9,661.0,Hypotonic uterine dysfunction- primary,C0152159,Hypotonic uterine inertia,narrow,P,PrA,661.0,ongoing_pregnancy
BirthPossible2,Birth classified as possible,MTHICD9,661.00,Primary uterine inertia- unspecified as to episode of care,C0157239,Primary uterine inertia- unspecified as to episode of care or not applicable,narrow,P,PrA,661.00,ongoing_pregnancy
BirthPossible2,Birth classified as possible,MTHICD9,661.03,Primary uterine inertia- antepartum,C0157241,Primary uterine inertia- antepartum,narrow,P,PrA,661.03,ongoing_pregnancy
BirthPossible2,Birth classified as possible,MTHICD9,661.1,Hypotonic uterine dysfunction- secondary,C0405169,Secondary uterine inertia,narrow,P,PrA,661.1,ongoing_pregnancy
BirthPossible2,Birth classified as possible,MTHICD9,661.10,Secondary uterine inertia- unspecified as to episode of care,C0157242,Secondary uterine inertia- unspecified as to episode of care or not applicable,narrow,P,PrA,661.10,ongoing_pregnancy
BirthPossible2,Birth classified as possible,MTHICD9,661.13,Secondary uterine inertia- antepartum,C0157244,Secondary uterine inertia- antepartum,narrow,P,PrA,661.13,ongoing_pregnancy
BirthPossible2,Birth classified as possible,MTHICD9,661.2,Poor contractions,C0042135,Uterine Inertia,narrow,P,PrA,661.2,ongoing_pregnancy
BirthPossible2,Birth classified as possible,MTHICD9,661.20,Other and unspecified uterine inertia- unspecified as to episode of care,C0477838,Other uterine inertia,narrow,P,PrA,661.20,ongoing_pregnancy
BirthPossible2,Birth classified as possible,MTHICD9,661.23,Other and unspecified uterine inertia- antepartum,C0157247,Other and unspecified uterine inertia- antepartum condition or complication,narrow,P,PrA,661.23,ongoing_pregnancy
BirthPossible2,Birth classified as possible,MTHICD9,663.80,Other umbilical cord complications during labor and delivery- unspecified as to episode of care,C0157304,Other umbilical cord complications complicating labor and delivery- unspecified as to episode of care or not applicable,narrow,P,PrA,663.80,ongoing_pregnancy
BirthPossible2,Birth classified as possible,MTHICD9,663.83,Other umbilical cord complications during labor and delivery- antepartum,C0157306,Other umbilical cord complications complicating labor and delivery- antepartum condition or complication,narrow,P,PrA,663.83,ongoing_pregnancy
BirthPossible2,Birth classified as possible,MTHICD9,663.90,Unspecified umbilical cord complication during labor and delivery- unspecified as to episode of care,C0157308,Unspecified umbilical cord complication complicating labor and delivery- unspecified as to episode of care or not applicable,narrow,P,PrA,663.90,ongoing_pregnancy
BirthPossible2,Birth classified as possible,MTHICD9,663.93,Unspecified umbilical cord complication during labor and delivery- antepartum,C0157310,Unspecified umbilical cord complication complicating labor and delivery- antepartum condition or complication,narrow,P,PrA,663.93,ongoing_pregnancy
BirthPossible2,Birth classified as possible,MTHICD9,664.40,Unspecified perineal laceration- unspecified as to episode of care in pregnancy,C0157329,Unspecified perineal laceration- unspecified as to episode of care or not applicable,narrow,P,PrA,664.40,ongoing_pregnancy
BirthPossible2,Birth classified as possible,MTHICD9,664.50,Vulvar and perineal hematoma- unspecified as to episode of care in pregnancy,C0157333,Vulvar and perineal hematoma- unspecified as to episode of care or not applicable,narrow,P,PrA,664.50,ongoing_pregnancy
BirthPossible2,Birth classified as possible,MTHICD9,664.8,Periurethral trauma,C2921107,Periurethral trauma,possible,P,PrA,664.8,ongoing_pregnancy
BirthPossible2,Birth classified as possible,MTHICD9,664.80,Other specified trauma to perineum and vulva- unspecified as to episode of care in pregnancy,C0157337,Other specified trauma to perineum and vulva- unspecified as to episode of care or not applicable,narrow,P,PrA,664.80,ongoing_pregnancy
BirthPossible2,Birth classified as possible,MTHICD9,664.90,Unspecified trauma to perineum and vulva- unspecified as to episode of care in pregnancy,C0157341,Unspecified trauma to perineum and vulva- unspecified as to episode of care or not applicable,narrow,P,PrA,664.90,ongoing_pregnancy
BirthPossible2,Birth classified as possible,MTHICD9,665.20,Inversion of uterus- unspecified as to episode of care in pregnancy,C0157355,Inversion of uterus- unspecified as to episode of care or not applicable,narrow,P,PrA,665.20,ongoing_pregnancy
BirthPossible2,Birth classified as possible,MTHICD9,665.30,Laceration of cervix- unspecified as to episode of care in pregnancy,C0157359,Laceration of cervix- unspecified as to episode of care or not applicable,narrow,P,PrA,665.30,ongoing_pregnancy
BirthPossible2,Birth classified as possible,MTHICD9,665.40,High vaginal laceration- unspecified as to episode of care in pregnancy,C0157363,High vaginal laceration- unspecified as to episode of care or not applicable,narrow,P,PrA,665.40,ongoing_pregnancy
BirthPossible2,Birth classified as possible,MTHICD9,665.70,Pelvic hematoma- unspecified as to episode of care,C0157375,Pelvic hematoma- unspecified as to episode of care or not applicable,narrow,P,PrA,665.70,ongoing_pregnancy
BirthPossible2,Birth classified as possible,MTHICD9,669.00,Maternal distress complicating labor and delivery- unspecified as to episode of care,C0157445,Maternal distress complicating labor and delivery- unspecified as to episode of care or not applicable,narrow,P,PrA,669.00,ongoing_pregnancy
BirthPossible2,Birth classified as possible,MTHICD9,669.80,Other complications of labor and delivery- unspecified as to episode of care,C0157479,Other complications of labor and delivery- unspecified as to episode of care or not applicable,narrow,P,PrA,669.80,ongoing_pregnancy
BirthPossible2,Birth classified as possible,RCD2,L305.,Shoulder dystocia,C0269825,Shoulder Dystocia,narrow,P,PrA,L305.,ongoing_pregnancy
BirthPossible2,Birth classified as possible,RCD2,L3050,Shoulder dystocia unspecified,C0269825,Shoulder Dystocia,narrow,P,PrA,L3050,ongoing_pregnancy
BirthPossible2,Birth classified as possible,RCD2,L305z,Shoulder dystocia NOS,C0269825,Shoulder Dystocia,narrow,P,PrA,L305z,ongoing_pregnancy
BirthPossible2,Birth classified as possible,RCD2,L306.,Locked twins,C0405185,Interlocked twins,narrow,P,PrA,L306.,ongoing_pregnancy
BirthPossible2,Birth classified as possible,RCD2,L3060,Locked twins unspecified,C0405185,Interlocked twins,narrow,P,PrA,L3060,ongoing_pregnancy
BirthPossible2,Birth classified as possible,RCD2,L306z,Locked twins NOS,C0405185,Interlocked twins,narrow,P,PrA,L306z,ongoing_pregnancy
BirthPossible2,Birth classified as possible,RCD2,L310.,Primary uterine inertia,C0152159,Hypotonic uterine inertia,narrow,P,PrA,L310.,ongoing_pregnancy
BirthPossible2,Birth classified as possible,RCD2,L3100,Primary uterine inertia unsp.,C0152159,Hypotonic uterine inertia,narrow,P,PrA,L3100,ongoing_pregnancy
BirthPossible2,Birth classified as possible,RCD2,L310z,Primary uterine inertia NOS,C0152159,Hypotonic uterine inertia,narrow,P,PrA,L310z,ongoing_pregnancy
BirthPossible2,Birth classified as possible,RCD2,L311.,Secondary uterine inertia,C0405169,Secondary uterine inertia,narrow,P,PrA,L311.,ongoing_pregnancy
BirthPossible2,Birth classified as possible,RCD2,L3110,Secondary uterine inertia unsp,C0405169,Secondary uterine inertia,narrow,P,PrA,L3110,ongoing_pregnancy
BirthPossible2,Birth classified as possible,RCD2,L311z,Secondary uterine inertia NOS,C0405169,Secondary uterine inertia,narrow,P,PrA,L311z,ongoing_pregnancy
BirthPossible2,Birth classified as possible,RCD2,L312.,Other uterine inertia,C0042135,Uterine Inertia,narrow,P,PrA,L312.,ongoing_pregnancy
BirthPossible2,Birth classified as possible,RCD2,L3120,Other uterine inertia unspec.,C0477838,Other uterine inertia,narrow,P,PrA,L3120,ongoing_pregnancy
BirthPossible2,Birth classified as possible,RCD2,L312z,Other uterine inertia NOS,C0477838,Other uterine inertia,narrow,P,PrA,L312z,ongoing_pregnancy
BirthPossible2,Birth classified as possible,RCD2,L352.,Obstetric inversion of uterus,C0162482,Uterine Inversion,narrow,P,PrA,L352.,ongoing_pregnancy
BirthPossible2,Birth classified as possible,RCD2,L3520,Inversion of uterus unspecif.,C0162482,Uterine Inversion,narrow,P,PrA,L3520,ongoing_pregnancy
BirthPossible2,Birth classified as possible,RCD2,L352z,Inversion of uterus NOS,C0162482,Uterine Inversion,narrow,P,PrA,L352z,ongoing_pregnancy
BirthPossible2,Birth classified as possible,RCD2,L39y.,Other labour-delivery complic.,C0157443,Other complications of labor and delivery,narrow,P,PrA,L39y.,ongoing_pregnancy
BirthPossible2,Birth classified as possible,RCD2,L39y0,Other lab-deliv comp.unspecif.,C0157443,Other complications of labor and delivery,narrow,P,PrA,L39y0,ongoing_pregnancy
BirthPossible2,Birth classified as possible,RCD2,L39yz,Other labour-deliv.complic.NOS,C0157443,Other complications of labor and delivery,narrow,P,PrA,L39yz,ongoing_pregnancy
BirthPossible2,Birth classified as possible,RCD2,Lyu41,[X]Other uterine inertia,C0477838,Other uterine inertia,narrow,P,PrA,Lyu41,ongoing_pregnancy
BirthPossible2,Birth classified as possible,SCTSPA,111449001,disfunción uterina hipotónica primaria,C0152159,Hypotonic uterine inertia,narrow,P,PrA,111449001,ongoing_pregnancy
BirthPossible2,Birth classified as possible,SCTSPA,199782009,distocia de hombros no especificada,C0269825,Shoulder Dystocia,narrow,P,PrA,199782009,ongoing_pregnancy
BirthPossible2,Birth classified as possible,SCTSPA,199785006,distocia de hombros- SAI,C0269825,Shoulder Dystocia,narrow,P,PrA,199785006,ongoing_pregnancy
BirthPossible2,Birth classified as possible,SCTSPA,199786007,gemelos incarcerados no especificado,C0405185,Interlocked twins,narrow,P,PrA,199786007,ongoing_pregnancy
BirthPossible2,Birth classified as possible,SCTSPA,199789000,gemelos incarcerados- SAI,C0405185,Interlocked twins,narrow,P,PrA,199789000,ongoing_pregnancy
BirthPossible2,Birth classified as possible,SCTSPA,199818007,inercia uterina primaria no especificada,C0152159,Hypotonic uterine inertia,narrow,P,PrA,199818007,ongoing_pregnancy
BirthPossible2,Birth classified as possible,SCTSPA,199822002,inercia uterina primaria- SAI,C0152159,Hypotonic uterine inertia,narrow,P,PrA,199822002,ongoing_pregnancy
BirthPossible2,Birth classified as possible,SCTSPA,199823007,inercia uterina secundaria no especificada,C0405169,Secondary uterine inertia,narrow,P,PrA,199823007,ongoing_pregnancy
BirthPossible2,Birth classified as possible,SCTSPA,199826004,inercia uterina secundaria- SAI,C0405169,Secondary uterine inertia,narrow,P,PrA,199826004,ongoing_pregnancy
BirthPossible2,Birth classified as possible,SCTSPA,199828003,otra inercia uterina no especificada,C0477838,Other uterine inertia,narrow,P,PrA,199828003,ongoing_pregnancy
BirthPossible2,Birth classified as possible,SCTSPA,199831002,otra inercia uterina- SAI,C0477838,Other uterine inertia,narrow,P,PrA,199831002,ongoing_pregnancy
BirthPossible2,Birth classified as possible,SCTSPA,199968003,inversión uterina de causa obstétrica- no especificada,C0162482,Uterine Inversion,narrow,P,PrA,199968003,ongoing_pregnancy
BirthPossible2,Birth classified as possible,SCTSPA,199971006,inversión uterina de causa obstétrica- SAI,C0162482,Uterine Inversion,narrow,P,PrA,199971006,ongoing_pregnancy
BirthPossible2,Birth classified as possible,SCTSPA,200158002,otras complicaciones del trabajo de parto y parto,C0157443,Other complications of labor and delivery,narrow,P,PrA,200158002,ongoing_pregnancy
BirthPossible2,Birth classified as possible,SCTSPA,200159005,otras complicaciones del trabajo de parto y parto- no especificadas,C0157443,Other complications of labor and delivery,narrow,P,PrA,200159005,ongoing_pregnancy
BirthPossible2,Birth classified as possible,SCTSPA,200165005,otras complicaciones del trabajo de parto y parto- SAI,C0157443,Other complications of labor and delivery,narrow,P,PrA,200165005,ongoing_pregnancy
BirthPossible2,Birth classified as possible,SCTSPA,200525003,[X]otra inercia uterina,C0477838,Other uterine inertia,narrow,P,PrA,200525003,ongoing_pregnancy
BirthPossible2,Birth classified as possible,SCTSPA,26158002,inercia uterina,C0042135,Uterine Inertia,narrow,P,PrA,26158002,ongoing_pregnancy
BirthPossible2,Birth classified as possible,SCTSPA,267264009,otra inercia uterina,C0477838,Other uterine inertia,narrow,P,PrA,267264009,ongoing_pregnancy
BirthPossible2,Birth classified as possible,SCTSPA,27215002,inversión uterina,C0162482,Uterine Inversion,narrow,P,PrA,27215002,ongoing_pregnancy
BirthPossible2,Birth classified as possible,SCTSPA,387692004,inercia uterina hipotónica,C0152159,Hypotonic uterine inertia,narrow,P,PrA,387692004,ongoing_pregnancy
BirthPossible2,Birth classified as possible,SCTSPA,387696001,disfunción uterina hipotónica primaria,C0152159,Hypotonic uterine inertia,narrow,P,PrA,387696001,ongoing_pregnancy
BirthPossible2,Birth classified as possible,SCTSPA,387699008,inercia uterina primaria,C0152159,Hypotonic uterine inertia,narrow,P,PrA,387699008,ongoing_pregnancy
BirthPossible2,Birth classified as possible,SCTSPA,387700009,fase latente de trabajo de parto prolongada,C0152159,Hypotonic uterine inertia,narrow,P,PrA,387700009,ongoing_pregnancy
BirthPossible2,Birth classified as possible,SCTSPA,43715006,inercia uterina secundaria,C0405169,Secondary uterine inertia,narrow,P,PrA,43715006,ongoing_pregnancy
BirthPossible2,Birth classified as possible,SCTSPA,69777007,gemelos enganchados,C0405185,Interlocked twins,narrow,P,PrA,69777007,ongoing_pregnancy
BirthPossible2,Birth classified as possible,SCTSPA,87989004,contracciones insuficientes en el trabajo de parto,C0042135,Uterine Inertia,narrow,P,PrA,87989004,ongoing_pregnancy
BirthPossible2,Birth classified as possible,SCTSPA,89700002,distocia de hombro,C0269825,Shoulder Dystocia,narrow,P,PrA,89700002,ongoing_pregnancy
BirthPossible2,Birth classified as possible,SCTSPA,9293002,atonía uterina,C0042135,Uterine Inertia,narrow,P,PrA,9293002,ongoing_pregnancy
BirthPossible2,Birth classified as possible,SNOMEDCT_US,111449001,Primary dysfunctional labor,C0152159,Hypotonic uterine inertia,narrow,P,PrA,111449001,ongoing_pregnancy
BirthPossible2,Birth classified as possible,SNOMEDCT_US,156210004,Inertia - uterine,C0042135,Uterine Inertia,narrow,P,PrA,156210004,ongoing_pregnancy
BirthPossible2,Birth classified as possible,SNOMEDCT_US,156211000,Primary uterine inertia,C0152159,Hypotonic uterine inertia,narrow,P,PrA,156211000,ongoing_pregnancy
BirthPossible2,Birth classified as possible,SNOMEDCT_US,156212007,Secondary uterine inertia,C0405169,Secondary uterine inertia,narrow,P,PrA,156212007,ongoing_pregnancy
BirthPossible2,Birth classified as possible,SNOMEDCT_US,156232008,Inversion of uterus,C0162482,Uterine Inversion,narrow,P,PrA,156232008,ongoing_pregnancy
BirthPossible2,Birth classified as possible,SNOMEDCT_US,156233003,Uterine inversion,C0162482,Uterine Inversion,narrow,P,PrA,156233003,ongoing_pregnancy
BirthPossible2,Birth classified as possible,SNOMEDCT_US,199782009,Shoulder dystocia unspecified,C0269825,Shoulder Dystocia,narrow,P,PrA,199782009,ongoing_pregnancy
BirthPossible2,Birth classified as possible,SNOMEDCT_US,199785006,Shoulder dystocia NOS,C0269825,Shoulder Dystocia,narrow,P,PrA,199785006,ongoing_pregnancy
BirthPossible2,Birth classified as possible,SNOMEDCT_US,199786007,Locked twins unspecified,C0405185,Interlocked twins,narrow,P,PrA,199786007,ongoing_pregnancy
BirthPossible2,Birth classified as possible,SNOMEDCT_US,199789000,Locked twins NOS,C0405185,Interlocked twins,narrow,P,PrA,199789000,ongoing_pregnancy
BirthPossible2,Birth classified as possible,SNOMEDCT_US,199817002,Primary dysfunctional labor,C0152159,Hypotonic uterine inertia,narrow,P,PrA,199817002,ongoing_pregnancy
BirthPossible2,Birth classified as possible,SNOMEDCT_US,199818007,Primary uterine inertia unspecified,C0152159,Hypotonic uterine inertia,narrow,P,PrA,199818007,ongoing_pregnancy
BirthPossible2,Birth classified as possible,SNOMEDCT_US,199822002,Primary uterine inertia NOS,C0152159,Hypotonic uterine inertia,narrow,P,PrA,199822002,ongoing_pregnancy
BirthPossible2,Birth classified as possible,SNOMEDCT_US,199823007,Secondary uterine inertia unspecified,C0405169,Secondary uterine inertia,narrow,P,PrA,199823007,ongoing_pregnancy
BirthPossible2,Birth classified as possible,SNOMEDCT_US,199826004,Secondary uterine inertia NOS,C0405169,Secondary uterine inertia,narrow,P,PrA,199826004,ongoing_pregnancy
BirthPossible2,Birth classified as possible,SNOMEDCT_US,199827008,Atony of uterus,C0042135,Uterine Inertia,narrow,P,PrA,199827008,ongoing_pregnancy
BirthPossible2,Birth classified as possible,SNOMEDCT_US,199828003,Other uterine inertia unspecified,C0477838,Other uterine inertia,narrow,P,PrA,199828003,ongoing_pregnancy
BirthPossible2,Birth classified as possible,SNOMEDCT_US,199831002,Other uterine inertia NOS,C0477838,Other uterine inertia,narrow,P,PrA,199831002,ongoing_pregnancy
BirthPossible2,Birth classified as possible,SNOMEDCT_US,199968003,Obstetric inversion of uterus unspecified,C0162482,Uterine Inversion,narrow,P,PrA,199968003,ongoing_pregnancy
BirthPossible2,Birth classified as possible,SNOMEDCT_US,199971006,Obstetric inversion of uterus NOS,C0162482,Uterine Inversion,narrow,P,PrA,199971006,ongoing_pregnancy
BirthPossible2,Birth classified as possible,SNOMEDCT_US,200158002,Other complications of labor and delivery,C0157443,Other complications of labor and delivery,narrow,P,PrA,200158002,ongoing_pregnancy
BirthPossible2,Birth classified as possible,SNOMEDCT_US,200159005,Other complications of labor and delivery unspecified,C0157443,Other complications of labor and delivery,narrow,P,PrA,200159005,ongoing_pregnancy
BirthPossible2,Birth classified as possible,SNOMEDCT_US,200165005,Other complications of labor and delivery NOS,C0157443,Other complications of labor and delivery,narrow,P,PrA,200165005,ongoing_pregnancy
BirthPossible2,Birth classified as possible,SNOMEDCT_US,200525003,[X]Other uterine inertia,C0477838,Other uterine inertia,narrow,P,PrA,200525003,ongoing_pregnancy
BirthPossible2,Birth classified as possible,SNOMEDCT_US,237316006,Hypotonic uterine activity,C0042135,Uterine Inertia,narrow,P,PrA,237316006,ongoing_pregnancy
BirthPossible2,Birth classified as possible,SNOMEDCT_US,26158002,Uterine inertia,C0042135,Uterine Inertia,narrow,P,PrA,26158002,ongoing_pregnancy
BirthPossible2,Birth classified as possible,SNOMEDCT_US,267264009,Other uterine inertia,C0477838,Other uterine inertia,narrow,P,PrA,267264009,ongoing_pregnancy
BirthPossible2,Birth classified as possible,SNOMEDCT_US,267344002,Inertia - uterine,C0042135,Uterine Inertia,narrow,P,PrA,267344002,ongoing_pregnancy
BirthPossible2,Birth classified as possible,SNOMEDCT_US,267347009,Uterine inversion,C0162482,Uterine Inversion,narrow,P,PrA,267347009,ongoing_pregnancy
BirthPossible2,Birth classified as possible,SNOMEDCT_US,27215002,Uterine inversion,C0162482,Uterine Inversion,narrow,P,PrA,27215002,ongoing_pregnancy
BirthPossible2,Birth classified as possible,SNOMEDCT_US,387692004,Hypotonic uterine inertia,C0152159,Hypotonic uterine inertia,narrow,P,PrA,387692004,ongoing_pregnancy
BirthPossible2,Birth classified as possible,SNOMEDCT_US,387696001,Primary hypotonic uterine dysfunction,C0152159,Hypotonic uterine inertia,narrow,P,PrA,387696001,ongoing_pregnancy
BirthPossible2,Birth classified as possible,SNOMEDCT_US,387699008,Primary uterine inertia,C0152159,Hypotonic uterine inertia,narrow,P,PrA,387699008,ongoing_pregnancy
BirthPossible2,Birth classified as possible,SNOMEDCT_US,387700009,Prolonged latent phase of labor,C0152159,Hypotonic uterine inertia,narrow,P,PrA,387700009,ongoing_pregnancy
BirthPossible2,Birth classified as possible,SNOMEDCT_US,43715006,Secondary uterine inertia,C0405169,Secondary uterine inertia,narrow,P,PrA,43715006,ongoing_pregnancy
BirthPossible2,Birth classified as possible,SNOMEDCT_US,69777007,Interlocked twins,C0405185,Interlocked twins,narrow,P,PrA,69777007,ongoing_pregnancy
BirthPossible2,Birth classified as possible,SNOMEDCT_US,87989004,Poor labor contractions,C0042135,Uterine Inertia,narrow,P,PrA,87989004,ongoing_pregnancy
BirthPossible2,Birth classified as possible,SNOMEDCT_US,89700002,Shoulder girdle dystocia,C0269825,Shoulder Dystocia,narrow,P,PrA,89700002,ongoing_pregnancy
BirthPossible2,Birth classified as possible,SNOMEDCT_US,9293002,Atony of uterus,C0042135,Uterine Inertia,narrow,P,PrA,9293002,ongoing_pregnancy
BirthPossible3,Birth classified as possible,ICD10,O60.0,Preterm labor without delivery,"
C2909138",Preterm labor without delivery,narrow,P,PrA,O60.0,ongoing_pregnancy
BirthPossible3,Birth classified as possible,ICD10,O60.00,Preterm labor without delivery- unspecified trimester,"","",narrow,P,PrA,O60.00,ongoing_pregnancy
BirthPossible3,Birth classified as possible,ICD10,O60.02,Preterm labor without delivery- second trimester,"","",narrow,P,PrA,O60.02,ongoing_pregnancy
BirthPossible3,Birth classified as possible,ICD10,O60.03,Preterm labor without delivery- third trimester,"","",narrow,P,PrA,O60.03,ongoing_pregnancy
BirthPossible3,Birth classified as possible,ICD10,O71.1,Rupture of uterus during labour,C3812903,Rupture of uterus during labor,narrow,P,PrA,O71.1,ongoing_pregnancy
BirthPossible3,Birth classified as possible,ICD10CM,O60.0,Preterm labor without delivery,"
C2909138",Preterm labor without delivery,narrow,P,PrA,O60.0,ongoing_pregnancy
BirthPossible3,Birth classified as possible,ICD10CM,O60.00,Preterm labor without delivery- unspecified trimester,"","",narrow,P,PrA,O60.00,ongoing_pregnancy
BirthPossible3,Birth classified as possible,ICD10CM,O60.02,Preterm labor without delivery- second trimester,"","",narrow,P,PrA,O60.02,ongoing_pregnancy
BirthPossible3,Birth classified as possible,ICD10CM,O60.03,Preterm labor without delivery- third trimester,"","",narrow,P,PrA,O60.03,ongoing_pregnancy
BirthPossible3,Birth classified as possible,ICD10CM,O71.1,Rupture of uterus during labor,C3812903,Rupture of uterus during labor,narrow,P,PrA,O71.1,ongoing_pregnancy
BirthPossible3,Birth classified as possible,ICD10CM,O90.3,Peripartum cardiomyopathy,C0877208,Peripartum cardiomyopathy,narrow,P,PrA,O90.3,ongoing_pregnancy
BirthPossible3,Birth classified as possible,ICD9CM,665.1,Rupture of uterus during labor,C3812903,Rupture of uterus during labor,narrow,P,PrA,665.1,ongoing_pregnancy
BirthPossible3,Birth classified as possible,ICD9CM,665.10,Rupture of uterus during labor- unspecified as to episode of care or not applicable,"","",narrow,P,PrA,665.10,ongoing_pregnancy
BirthPossible3,Birth classified as possible,ICD9CM,669.80,Other complications of labor and delivery- unspecified as to episode of care or not applicable,C0157479,Other complications of labor and delivery- unspecified as to episode of care or not applicable,narrow,P,PrA,669.80,ongoing_pregnancy
BirthPossible3,Birth classified as possible,ICD9CM,669.83,Other complications of labor and delivery- antepartum condition or complication,C0157482,Other complications of labor and delivery- antepartum condition or complication,narrow,P,PrA,669.83,ongoing_pregnancy
BirthPossible3,Birth classified as possible,ICD9CM,673.13,Amniotic fluid embolism- antepartum condition or complication,C0157550,Amniotic fluid embolism- antepartum condition or complication,narrow,P,PrA,673.13,ongoing_pregnancy
BirthPossible3,Birth classified as possible,ICD9CM,674.20,Disruption of perineal wound- unspecified as to episode of care or not applicable,C0157582,Disruption of perineal wound- unspecified as to episode of care or not applicable,narrow,P,PrA,674.20,ongoing_pregnancy
BirthPossible3,Birth classified as possible,ICD9CM,674.5,Peripartum cardiomyopathy,C0877208,Peripartum cardiomyopathy,narrow,P,PrA,674.5,ongoing_pregnancy
BirthPossible3,Birth classified as possible,ICD9CM,674.50,Peripartum cardiomyopathy- unspecified as to episode of care or not applicable,C1260427,Peripartum cardiomyopathy- unspecified as to episode of care or not applicable,narrow,P,PrA,674.50,ongoing_pregnancy
BirthPossible3,Birth classified as possible,ICD9CM,674.53,Peripartum cardiomyopathy- antepartum condition or complication,C1260430,Peripartum cardiomyopathy- antepartum condition or complication,narrow,P,PrA,674.53,ongoing_pregnancy
BirthPossible3,Birth classified as possible,ICD9CM,675.03,Infections of nipple associated with childbirth- antepartum condition or complication,C0157603,Infections of nipple associated with childbirth- antepartum condition or complication,narrow,P,PrA,675.03,ongoing_pregnancy
BirthPossible3,Birth classified as possible,MTHICD9,665.1,Rupture of uterus during labor NOS,C3812903,Rupture of uterus during labor,narrow,P,PrA,665.1,ongoing_pregnancy
BirthPossible3,Birth classified as possible,MTHICD9,669.80,Other complications of labor and delivery- unspecified as to episode of care,C0157479,Other complications of labor and delivery- unspecified as to episode of care or not applicable,narrow,P,PrA,669.80,ongoing_pregnancy
BirthPossible3,Birth classified as possible,MTHICD9,674.20,Disruption of perineal wound- unspecified as to episode of care in pregnancy,C0157582,Disruption of perineal wound- unspecified as to episode of care or not applicable,narrow,P,PrA,674.20,ongoing_pregnancy
BirthPossible3,Birth classified as possible,MTHICD9,674.50,Peripartum cardiomyopathy- unspecified as to episode of care,C1260427,Peripartum cardiomyopathy- unspecified as to episode of care or not applicable,narrow,P,PrA,674.50,ongoing_pregnancy
BirthPossible3,Birth classified as possible,MTHICD9,674.53,Peripartum cardiomyopathy- antepartum,C1260430,Peripartum cardiomyopathy- antepartum condition or complication,narrow,P,PrA,674.53,ongoing_pregnancy
BirthPossible3,Birth classified as possible,MTHICD9,675.03,Infections of nipple- antepartum,C0157603,Infections of nipple associated with childbirth- antepartum condition or complication,narrow,P,PrA,675.03,ongoing_pregnancy
BirthPossible3,Birth classified as possible,RCD2,Q3120,Perinatal pneumothorax,C0270159,Perinatal pneumothorax,narrow,P,PrA,Q3120,ongoing_pregnancy
BirthPossible3,Birth classified as possible,RCD2,Q3121,Perinatal pneumomediastinum,C0270157,Perinatal pneumomediastinum,narrow,P,PrA,Q3121,ongoing_pregnancy
BirthPossible3,Birth classified as possible,RCD2,Q3122,Perinatal pneumopericardium,C0270158,Perinatal pneumopericardium,narrow,P,PrA,Q3122,ongoing_pregnancy
BirthPossible3,Birth classified as possible,SCTSPA,111464001,enfermedad fetal o neonatal- que aparece en el período perinatal,C1533165,Disorder of fetus or newborn,narrow,P,PrA,111464001,ongoing_pregnancy
BirthPossible3,Birth classified as possible,SCTSPA,16253001,miocardiopatía dilatada secundaria a cardiopatía periparto,C0877208,Peripartum cardiomyopathy,narrow,P,PrA,16253001,ongoing_pregnancy
BirthPossible3,Birth classified as possible,SCTSPA,23431000119106,ruptura de útero durante el trabajo de parto,C3812903,Rupture of uterus during labor,narrow,P,PrA,23431000119106,ongoing_pregnancy
BirthPossible3,Birth classified as possible,SCTSPA,36078000,neumopericardio perinatal,C0270158,Perinatal pneumopericardium,narrow,P,PrA,36078000,ongoing_pregnancy
BirthPossible3,Birth classified as possible,SCTSPA,414025005,trastorno del feto o el recién nacido,C1533165,Disorder of fetus or newborn,narrow,P,PrA,414025005,ongoing_pregnancy
BirthPossible3,Birth classified as possible,SCTSPA,49756002,neumotórax perinatal,C0270159,Perinatal pneumothorax,narrow,P,PrA,49756002,ongoing_pregnancy
BirthPossible3,Birth classified as possible,SCTSPA,609346005,ruptura de herida de episiotomía,C3537212,Disrupted episiotomy wound,narrow,P,PrA,609346005,ongoing_pregnancy
BirthPossible3,Birth classified as possible,SCTSPA,63607006,neumomediastino perinatal,C0270157,Perinatal pneumomediastinum,narrow,P,PrA,63607006,ongoing_pregnancy
BirthPossible3,Birth classified as possible,SCTSPA,64177003,bajo peso para edad gestacional con signos de desnutrición fetal,C0158861,Light-for-dates with signs of fetal malnutrition,narrow,P,PrA,64177003,ongoing_pregnancy
BirthPossible3,Birth classified as possible,SNOMEDCT_US,111464001,Fetal and neonatal conditions,C1533165,Disorder of fetus or newborn,narrow,P,PrA,111464001,ongoing_pregnancy
BirthPossible3,Birth classified as possible,SNOMEDCT_US,157111001,Perinatal pneumothorax,C0270159,Perinatal pneumothorax,narrow,P,PrA,157111001,ongoing_pregnancy
BirthPossible3,Birth classified as possible,SNOMEDCT_US,16253001,Dilated cardiomyopathy secondary to peripartum heart disease,C0877208,Peripartum cardiomyopathy,narrow,P,PrA,16253001,ongoing_pregnancy
BirthPossible3,Birth classified as possible,SNOMEDCT_US,23431000119106,Rupture of uterus during labor,C3812903,Rupture of uterus during labor,narrow,P,PrA,23431000119106,ongoing_pregnancy
BirthPossible3,Birth classified as possible,SNOMEDCT_US,36078000,Perinatal pneumopericardium,C0270158,Perinatal pneumopericardium,narrow,P,PrA,36078000,ongoing_pregnancy
BirthPossible3,Birth classified as possible,SNOMEDCT_US,414025005,Disorder of fetus or newborn,C1533165,Disorder of fetus or newborn,narrow,P,PrA,414025005,ongoing_pregnancy
BirthPossible3,Birth classified as possible,SNOMEDCT_US,49756002,Perinatal pneumothorax,C0270159,Perinatal pneumothorax,narrow,P,PrA,49756002,ongoing_pregnancy
BirthPossible3,Birth classified as possible,SNOMEDCT_US,609346005,Disrupted episiotomy wound,C3537212,Disrupted episiotomy wound,narrow,P,PrA,609346005,ongoing_pregnancy
BirthPossible3,Birth classified as possible,SNOMEDCT_US,63607006,Perinatal pneumomediastinum,C0270157,Perinatal pneumomediastinum,narrow,P,PrA,63607006,ongoing_pregnancy
BirthPossible3,Birth classified as possible,SNOMEDCT_US,64177003,Light-for-dates with signs of fetal malnutrition,C0158861,Light-for-dates with signs of fetal malnutrition,narrow,P,PrA,64177003,ongoing_pregnancy
ELECTTERM,Elective termination,Free_text,ELECTTERM_narrow,"","","",narrow,P,PrA,ELECTTERM_narrow,end_of_pregnancy
ELECTTERM,Elective termination,ICD10,O04,Medical abortion,C3146283,Medical abortion (finding),narrow,P,PrA,O04,end_of_pregnancy
ELECTTERM,Elective termination,ICD10,O04.0,Medical abortion- incomplete- complicated by genital tract and pelvic infection,"","",narrow,P,PrA,O04.0,end_of_pregnancy
ELECTTERM,Elective termination,ICD10,O04.1,Medical abortion- incomplete- complicated by delayed or excessive haemorrhage,"","",narrow,P,PrA,O04.1,end_of_pregnancy
ELECTTERM,Elective termination,ICD10,O04.2,Medical abortion- incomplete- complicated by embolism,"","",narrow,P,PrA,O04.2,end_of_pregnancy
ELECTTERM,Elective termination,ICD10,O04.3,Medical abortion- incomplete- with other and unspecified complications,"","",narrow,P,PrA,O04.3,end_of_pregnancy
ELECTTERM,Elective termination,ICD10,O04.4,Medical abortion- incomplete- without complication,"","",narrow,P,PrA,O04.4,end_of_pregnancy
ELECTTERM,Elective termination,ICD10,O04.5,Genital tract and pelvic infection following (induced) termination of pregnancy - Medical abortion- complete or unspecified- complicated by genital tract and pelvic infection,"","",narrow,P,PrA,O04.5,end_of_pregnancy
ELECTTERM,Elective termination,ICD10,O04.6,Medical abortion- complete or unspecified- complicated by delayed or excessive haemorrhage - Delayed or excessive hemorrhage following (induced) termination of pregnancy,"","",narrow,P,PrA,O04.6,end_of_pregnancy
ELECTTERM,Elective termination,ICD10,O04.7,Medical abortion- complete or unspecified- complicated by embolism - Embolism following (induced) termination of pregnancy,"","",narrow,P,PrA,O04.7,end_of_pregnancy
ELECTTERM,Elective termination,ICD10,O04.8,Medical abortion- complete or unspecified- with other and unspecified complications - (Induced) termination of pregnancy with other and unspecified complications,"","",narrow,P,PrA,O04.8,end_of_pregnancy
ELECTTERM,Elective termination,ICD10,O04.80,(Induced) termination of pregnancy with unspecified complications,"","",narrow,P,PrA,O04.80,end_of_pregnancy
ELECTTERM,Elective termination,ICD10,O04.81,Shock following (induced) termination of pregnancy,"","",narrow,P,PrA,O04.81,end_of_pregnancy
ELECTTERM,Elective termination,ICD10,O04.82,Renal failure following (induced) termination of pregnancy,"","",narrow,P,PrA,O04.82,end_of_pregnancy
ELECTTERM,Elective termination,ICD10,O04.83,Metabolic disorder following (induced) termination of pregnancy,"","",narrow,P,PrA,O04.83,end_of_pregnancy
ELECTTERM,Elective termination,ICD10,O04.84,Damage to pelvic organs following (induced) termination of pregnancy,"","",narrow,P,PrA,O04.84,end_of_pregnancy
ELECTTERM,Elective termination,ICD10,O04.85,Other venous complications following (induced) termination of pregnancy,"","",narrow,P,PrA,O04.85,end_of_pregnancy
ELECTTERM,Elective termination,ICD10,O04.86,Cardiac arrest following (induced) termination of pregnancy,"","",narrow,P,PrA,O04.86,end_of_pregnancy
ELECTTERM,Elective termination,ICD10,O04.87,Sepsis following (induced) termination of pregnancy,"","",narrow,P,PrA,O04.87,end_of_pregnancy
ELECTTERM,Elective termination,ICD10,O04.88,Urinary tract infection following (induced) termination of pregnancy,"","",narrow,P,PrA,O04.88,end_of_pregnancy
ELECTTERM,Elective termination,ICD10,O04.89,(Induced) termination of pregnancy with other complications,"","",narrow,P,PrA,O04.89,end_of_pregnancy
ELECTTERM,Elective termination,ICD10,O04.9,Medical abortion- complete or unspecified- without complication,"","",narrow,P,PrA,O04.9,end_of_pregnancy
ELECTTERM,Elective termination,ICD10,O05,Other abortion,C0477801,Other abortion,possible,P,PrA,O05,end_of_pregnancy
ELECTTERM,Elective termination,ICD10,O05.0,Other abortion- incomplete- complicated by genital tract and pelvic infection,"","",possible,P,PrA,O05.0,end_of_pregnancy
ELECTTERM,Elective termination,ICD10,O05.1,Other abortion- incomplete- complicated by delayed or excessive haemorrhage,"","",possible,P,PrA,O05.1,end_of_pregnancy
ELECTTERM,Elective termination,ICD10,O05.2,Other abortion- incomplete- complicated by embolism,"","",possible,P,PrA,O05.2,end_of_pregnancy
ELECTTERM,Elective termination,ICD10,O05.3,Other abortion- incomplete- with other and unspecified complications,"","",possible,P,PrA,O05.3,end_of_pregnancy
ELECTTERM,Elective termination,ICD10,O05.4,Other abortion- incomplete- without complication,"","",possible,P,PrA,O05.4,end_of_pregnancy
ELECTTERM,Elective termination,ICD10,O05.5,Other abortion- complete or unspecified- complicated by genital tract and pelvic infection,"","",possible,P,PrA,O05.5,end_of_pregnancy
ELECTTERM,Elective termination,ICD10,O05.6,Other abortion- complete or unspecified- complicated by delayed or excessive haemorrhage,"","",possible,P,PrA,O05.6,end_of_pregnancy
ELECTTERM,Elective termination,ICD10,O05.7,Other abortion- complete or unspecified- complicated by embolism,"","",possible,P,PrA,O05.7,end_of_pregnancy
ELECTTERM,Elective termination,ICD10,O05.8,Other abortion- complete or unspecified- with other and unspecified complications,"","",possible,P,PrA,O05.8,end_of_pregnancy
ELECTTERM,Elective termination,ICD10,O05.9,Other abortion- complete or unspecified- without complication,"","",possible,P,PrA,O05.9,end_of_pregnancy
ELECTTERM,Elective termination,ICD10,O06,Unspecified abortion,C0156543,Unspecified Abortion,possible,P,PrA,O06,end_of_pregnancy
ELECTTERM,Elective termination,ICD10,O06.0,Unspecified abortion- incomplete- complicated by genital tract and pelvic infection,C0156546,Unspecified abortion- incomplete- complicated by genital tract and pelvic infection,possible,P,PrA,O06.0,end_of_pregnancy
ELECTTERM,Elective termination,ICD10,O06.1,Unspecified abortion- incomplete- complicated by delayed or excessive haemorrhage,"","",possible,P,PrA,O06.1,end_of_pregnancy
ELECTTERM,Elective termination,ICD10,O06.2,Unspecified abortion- incomplete- complicated by embolism,"","",possible,P,PrA,O06.2,end_of_pregnancy
ELECTTERM,Elective termination,ICD10,O06.3,Unspecified abortion- incomplete- with other and unspecified complications,"","",possible,P,PrA,O06.3,end_of_pregnancy
ELECTTERM,Elective termination,ICD10,O06.4,Unspecified abortion- incomplete- without complication,"","",possible,P,PrA,O06.4,end_of_pregnancy
ELECTTERM,Elective termination,ICD10,O06.5,Unspecified abortion- complete or unspecified- complicated by genital tract and pelvic infection,"","",possible,P,PrA,O06.5,end_of_pregnancy
ELECTTERM,Elective termination,ICD10,O06.6,Unspecified abortion- complete or unspecified- complicated by delayed or excessive haemorrhage,"","",possible,P,PrA,O06.6,end_of_pregnancy
ELECTTERM,Elective termination,ICD10,O06.7,Unspecified abortion- complete or unspecified- complicated by embolism,"","",possible,P,PrA,O06.7,end_of_pregnancy
ELECTTERM,Elective termination,ICD10,O06.8,Unspecified abortion- complete or unspecified- with other and unspecified complications,"","",possible,P,PrA,O06.8,end_of_pregnancy
ELECTTERM,Elective termination,ICD10,O06.9,Unspecified abortion- complete or unspecified- without complication,"","",possible,P,PrA,O06.9,end_of_pregnancy
ELECTTERM,Elective termination,ICD10,O07,Failed attempted abortion,C0392536,Failed attempted abortion,narrow,P,PrA,O07,end_of_pregnancy
ELECTTERM,Elective termination,ICD10,O07.0,Genital tract and pelvic infection following failed attempted termination of pregnancy - Failed medical abortion- complicated by genital tract and pelvic infection,"","",narrow,P,PrA,O07.0,end_of_pregnancy
ELECTTERM,Elective termination,ICD10,O07.1,Delayed or excessive hemorrhage following failed attempted termination of pregnancy - Failed medical abortion- complicated by delayed or excessive haemorrhage,"","",narrow,P,PrA,O07.1,end_of_pregnancy
ELECTTERM,Elective termination,ICD10,O07.2,Failed medical abortion- complicated by embolism - Embolism following failed attempted termination of pregnancy,"","",narrow,P,PrA,O07.2,end_of_pregnancy
ELECTTERM,Elective termination,ICD10,O07.3,Failed medical abortion- with other and unspecified complications,C0477802,Failed medical abortion- with other and unspecified complications,narrow,P,PrA,O07.3,end_of_pregnancy
ELECTTERM,Elective termination,ICD10,O07.30,Failed attempted termination of pregnancy with unspecified complications,"","",narrow,P,PrA,O07.30,end_of_pregnancy
ELECTTERM,Elective termination,ICD10,O07.31,Shock following failed attempted termination of pregnancy,"","",narrow,P,PrA,O07.31,end_of_pregnancy
ELECTTERM,Elective termination,ICD10,O07.32,Renal failure following failed attempted termination of pregnancy,"","",narrow,P,PrA,O07.32,end_of_pregnancy
ELECTTERM,Elective termination,ICD10,O07.33,Metabolic disorder following failed attempted termination of pregnancy,"","",narrow,P,PrA,O07.33,end_of_pregnancy
ELECTTERM,Elective termination,ICD10,O07.34,Damage to pelvic organs following failed attempted termination of pregnancy,"","",narrow,P,PrA,O07.34,end_of_pregnancy
ELECTTERM,Elective termination,ICD10,O07.35,Other venous complications following failed attempted termination of pregnancy,"","",narrow,P,PrA,O07.35,end_of_pregnancy
ELECTTERM,Elective termination,ICD10,O07.36,Cardiac arrest following failed attempted termination of pregnancy,"","",narrow,P,PrA,O07.36,end_of_pregnancy
ELECTTERM,Elective termination,ICD10,O07.37,Sepsis following failed attempted termination of pregnancy,"","",narrow,P,PrA,O07.37,end_of_pregnancy
ELECTTERM,Elective termination,ICD10,O07.38,Urinary tract infection following failed attempted termination of pregnancy,"","",narrow,P,PrA,O07.38,end_of_pregnancy
ELECTTERM,Elective termination,ICD10,O07.39,Failed attempted termination of pregnancy with other complications,"","",narrow,P,PrA,O07.39,end_of_pregnancy
ELECTTERM,Elective termination,ICD10,O07.4,Failed medical abortion- without complication,C0451793,Failed medical termination of pregnancy- without complication,narrow,P,PrA,O07.4,end_of_pregnancy
ELECTTERM,Elective termination,ICD10,O07.5,Other and unspecified failed attempted abortion- complicated by genital tract and pelvic infection,"","",narrow,P,PrA,O07.5,end_of_pregnancy
ELECTTERM,Elective termination,ICD10,O07.6,Other and unspecified failed attempted abortion- complicated by delayed or excessive haemorrhage,"","",narrow,P,PrA,O07.6,end_of_pregnancy
ELECTTERM,Elective termination,ICD10,O07.7,Other and unspecified failed attempted abortion- complicated by embolism,"","",narrow,P,PrA,O07.7,end_of_pregnancy
ELECTTERM,Elective termination,ICD10,O07.8,Other and unspecified failed attempted abortion- with other and unspecified complications,"","",narrow,P,PrA,O07.8,end_of_pregnancy
ELECTTERM,Elective termination,ICD10,O07.9,Other and unspecified failed attempted abortion- without complication,"","",narrow,P,PrA,O07.9,end_of_pregnancy
ELECTTERM,Elective termination,ICD10,O08.1,Delayed or excessive haemorrhage following abortion and ectopic and molar pregnancy,C0495168,Delayed or excessive hemorrhage following abortion and ectopic and molar pregnancy,possible,P,PrA,O08.1,end_of_pregnancy
ELECTTERM,Elective termination,ICD10,O08.2,Embolism following abortion and ectopic and molar pregnancy,C0495169,Embolism following abortion and ectopic and molar pregnancy,narrow,P,PrA,O08.2,end_of_pregnancy
ELECTTERM,Elective termination,ICD10,O08.3,Shock following abortion and ectopic and molar pregnancy,C0495170,Shock following abortion and ectopic and molar pregnancy,narrow,P,PrA,O08.3,end_of_pregnancy
ELECTTERM,Elective termination,ICD10,O08.5,Metabolic disorders following abortion and ectopic and molar pregnancy,C0495172,Metabolic disorders following abortion and ectopic and molar pregnancy,narrow,P,PrA,O08.5,end_of_pregnancy
ELECTTERM,Elective termination,ICD10,O08.6,Damage to pelvic organs and tissues following abortion and ectopic and molar pregnancy,C0495173,Damage to pelvic organs and tissues following abortion and ectopic and molar pregnancy,narrow,P,PrA,O08.6,end_of_pregnancy
ELECTTERM,Elective termination,ICD10,Z33.2,Encounter for elective termination of pregnancy,"","",possible,P,PrA,Z33.2,end_of_pregnancy
ELECTTERM,Elective termination,ICD10,Z37.11,single birth- stillborn child- following a termination of pregnancy for medical reasons,"",single birth- stillborn child- following a termination of pregnancy for medical reasons  ,narrow,P,PrA,Z37.11,end_of_pregnancy
ELECTTERM,Elective termination,ICD10CM,O04,Medical abortion,C3146283,Medical abortion (finding),narrow,P,PrA,O04,end_of_pregnancy
ELECTTERM,Elective termination,ICD10CM,O04.0,Medical abortion- incomplete- complicated by genital tract and pelvic infection,"","",narrow,P,PrA,O04.0,end_of_pregnancy
ELECTTERM,Elective termination,ICD10CM,O04.1,Medical abortion- incomplete- complicated by delayed or excessive haemorrhage,"","",narrow,P,PrA,O04.1,end_of_pregnancy
ELECTTERM,Elective termination,ICD10CM,O04.2,Medical abortion- incomplete- complicated by embolism,"","",narrow,P,PrA,O04.2,end_of_pregnancy
ELECTTERM,Elective termination,ICD10CM,O04.3,Medical abortion- incomplete- with other and unspecified complications,"","",narrow,P,PrA,O04.3,end_of_pregnancy
ELECTTERM,Elective termination,ICD10CM,O04.4,Medical abortion- incomplete- without complication,"","",narrow,P,PrA,O04.4,end_of_pregnancy
ELECTTERM,Elective termination,ICD10CM,O04.5,Genital tract and pelvic infection following (induced) termination of pregnancy - Medical abortion- complete or unspecified- complicated by genital tract and pelvic infection,"","",narrow,P,PrA,O04.5,end_of_pregnancy
ELECTTERM,Elective termination,ICD10CM,O04.6,Medical abortion- complete or unspecified- complicated by delayed or excessive haemorrhage - Delayed or excessive hemorrhage following (induced) termination of pregnancy,"","",narrow,P,PrA,O04.6,end_of_pregnancy
ELECTTERM,Elective termination,ICD10CM,O04.7,Medical abortion- complete or unspecified- complicated by embolism - Embolism following (induced) termination of pregnancy,"","",narrow,P,PrA,O04.7,end_of_pregnancy
ELECTTERM,Elective termination,ICD10CM,O04.8,Medical abortion- complete or unspecified- with other and unspecified complications - (Induced) termination of pregnancy with other and unspecified complications,"","",narrow,P,PrA,O04.8,end_of_pregnancy
ELECTTERM,Elective termination,ICD10CM,O04.80,(Induced) termination of pregnancy with unspecified complications,"","",narrow,P,PrA,O04.80,end_of_pregnancy
ELECTTERM,Elective termination,ICD10CM,O04.81,Shock following (induced) termination of pregnancy,"","",narrow,P,PrA,O04.81,end_of_pregnancy
ELECTTERM,Elective termination,ICD10CM,O04.82,Renal failure following (induced) termination of pregnancy,"","",narrow,P,PrA,O04.82,end_of_pregnancy
ELECTTERM,Elective termination,ICD10CM,O04.83,Metabolic disorder following (induced) termination of pregnancy,"","",narrow,P,PrA,O04.83,end_of_pregnancy
ELECTTERM,Elective termination,ICD10CM,O04.84,Damage to pelvic organs following (induced) termination of pregnancy,"","",narrow,P,PrA,O04.84,end_of_pregnancy
ELECTTERM,Elective termination,ICD10CM,O04.85,Other venous complications following (induced) termination of pregnancy,"","",narrow,P,PrA,O04.85,end_of_pregnancy
ELECTTERM,Elective termination,ICD10CM,O04.86,Cardiac arrest following (induced) termination of pregnancy,"","",narrow,P,PrA,O04.86,end_of_pregnancy
ELECTTERM,Elective termination,ICD10CM,O04.87,Sepsis following (induced) termination of pregnancy,"","",narrow,P,PrA,O04.87,end_of_pregnancy
ELECTTERM,Elective termination,ICD10CM,O04.88,Urinary tract infection following (induced) termination of pregnancy,"","",narrow,P,PrA,O04.88,end_of_pregnancy
ELECTTERM,Elective termination,ICD10CM,O04.89,(Induced) termination of pregnancy with other complications,"","",narrow,P,PrA,O04.89,end_of_pregnancy
ELECTTERM,Elective termination,ICD10CM,O04.9,Medical abortion- complete or unspecified- without complication,"","",narrow,P,PrA,O04.9,end_of_pregnancy
ELECTTERM,Elective termination,ICD10CM,O05,Other abortion,C0477801,Other abortion,possible,P,PrA,O05,end_of_pregnancy
ELECTTERM,Elective termination,ICD10CM,O05.0,Other abortion- incomplete- complicated by genital tract and pelvic infection,"","",possible,P,PrA,O05.0,end_of_pregnancy
ELECTTERM,Elective termination,ICD10CM,O05.1,Other abortion- incomplete- complicated by delayed or excessive haemorrhage,"","",possible,P,PrA,O05.1,end_of_pregnancy
ELECTTERM,Elective termination,ICD10CM,O05.2,Other abortion- incomplete- complicated by embolism,"","",possible,P,PrA,O05.2,end_of_pregnancy
ELECTTERM,Elective termination,ICD10CM,O05.3,Other abortion- incomplete- with other and unspecified complications,"","",possible,P,PrA,O05.3,end_of_pregnancy
ELECTTERM,Elective termination,ICD10CM,O05.4,Other abortion- incomplete- without complication,"","",possible,P,PrA,O05.4,end_of_pregnancy
ELECTTERM,Elective termination,ICD10CM,O05.5,Other abortion- complete or unspecified- complicated by genital tract and pelvic infection,"","",possible,P,PrA,O05.5,end_of_pregnancy
ELECTTERM,Elective termination,ICD10CM,O05.6,Other abortion- complete or unspecified- complicated by delayed or excessive haemorrhage,"","",possible,P,PrA,O05.6,end_of_pregnancy
ELECTTERM,Elective termination,ICD10CM,O05.7,Other abortion- complete or unspecified- complicated by embolism,"","",possible,P,PrA,O05.7,end_of_pregnancy
ELECTTERM,Elective termination,ICD10CM,O05.8,Other abortion- complete or unspecified- with other and unspecified complications,"","",possible,P,PrA,O05.8,end_of_pregnancy
ELECTTERM,Elective termination,ICD10CM,O05.9,Other abortion- complete or unspecified- without complication,"","",possible,P,PrA,O05.9,end_of_pregnancy
ELECTTERM,Elective termination,ICD10CM,O06,Unspecified abortion,C0156543,Unspecified Abortion,possible,P,PrA,O06,end_of_pregnancy
ELECTTERM,Elective termination,ICD10CM,O06.0,Unspecified abortion- incomplete- complicated by genital tract and pelvic infection,C0156546,Unspecified abortion- incomplete- complicated by genital tract and pelvic infection,possible,P,PrA,O06.0,end_of_pregnancy
ELECTTERM,Elective termination,ICD10CM,O06.1,Unspecified abortion- incomplete- complicated by delayed or excessive haemorrhage,"","",possible,P,PrA,O06.1,end_of_pregnancy
ELECTTERM,Elective termination,ICD10CM,O06.2,Unspecified abortion- incomplete- complicated by embolism,"","",possible,P,PrA,O06.2,end_of_pregnancy
ELECTTERM,Elective termination,ICD10CM,O06.3,Unspecified abortion- incomplete- with other and unspecified complications,"","",possible,P,PrA,O06.3,end_of_pregnancy
ELECTTERM,Elective termination,ICD10CM,O06.4,Unspecified abortion- incomplete- without complication,"","",possible,P,PrA,O06.4,end_of_pregnancy
ELECTTERM,Elective termination,ICD10CM,O06.5,Unspecified abortion- complete or unspecified- complicated by genital tract and pelvic infection,"","",possible,P,PrA,O06.5,end_of_pregnancy
ELECTTERM,Elective termination,ICD10CM,O06.6,Unspecified abortion- complete or unspecified- complicated by delayed or excessive haemorrhage,"","",possible,P,PrA,O06.6,end_of_pregnancy
ELECTTERM,Elective termination,ICD10CM,O06.7,Unspecified abortion- complete or unspecified- complicated by embolism,"","",possible,P,PrA,O06.7,end_of_pregnancy
ELECTTERM,Elective termination,ICD10CM,O06.8,Unspecified abortion- complete or unspecified- with other and unspecified complications,"","",possible,P,PrA,O06.8,end_of_pregnancy
ELECTTERM,Elective termination,ICD10CM,O06.9,Unspecified abortion- complete or unspecified- without complication,"","",possible,P,PrA,O06.9,end_of_pregnancy
ELECTTERM,Elective termination,ICD10CM,O07,Failed attempted termination of pregnancy,C0392536,Failed attempted abortion,narrow,P,PrA,O07,end_of_pregnancy
ELECTTERM,Elective termination,ICD10CM,O07,incomplete elective abortion,C2048762,incomplete elective abortion,narrow,P,PrA,O07,end_of_pregnancy
ELECTTERM,Elective termination,ICD10CM,O07.0,Genital tract and pelvic infection following failed attempted termination of pregnancy - Failed medical abortion- complicated by genital tract and pelvic infection,"","",narrow,P,PrA,O07.0,end_of_pregnancy
ELECTTERM,Elective termination,ICD10CM,O07.1,Delayed or excessive hemorrhage following failed attempted termination of pregnancy - Failed medical abortion- complicated by delayed or excessive haemorrhage,"","",narrow,P,PrA,O07.1,end_of_pregnancy
ELECTTERM,Elective termination,ICD10CM,O07.2,Failed medical abortion- complicated by embolism - Embolism following failed attempted termination of pregnancy,"","",narrow,P,PrA,O07.2,end_of_pregnancy
ELECTTERM,Elective termination,ICD10CM,O07.3,Failed medical abortion- with other and unspecified complications,C0477802,Failed medical abortion- with other and unspecified complications,narrow,P,PrA,O07.3,end_of_pregnancy
ELECTTERM,Elective termination,ICD10CM,O07.30,Failed attempted termination of pregnancy with unspecified complications,"","",narrow,P,PrA,O07.30,end_of_pregnancy
ELECTTERM,Elective termination,ICD10CM,O07.31,Shock following failed attempted termination of pregnancy,"","",narrow,P,PrA,O07.31,end_of_pregnancy
ELECTTERM,Elective termination,ICD10CM,O07.32,Renal failure following failed attempted termination of pregnancy,"","",narrow,P,PrA,O07.32,end_of_pregnancy
ELECTTERM,Elective termination,ICD10CM,O07.33,Metabolic disorder following failed attempted termination of pregnancy,"","",narrow,P,PrA,O07.33,end_of_pregnancy
ELECTTERM,Elective termination,ICD10CM,O07.34,Damage to pelvic organs following failed attempted termination of pregnancy,"","",narrow,P,PrA,O07.34,end_of_pregnancy
ELECTTERM,Elective termination,ICD10CM,O07.35,Other venous complications following failed attempted termination of pregnancy,"","",narrow,P,PrA,O07.35,end_of_pregnancy
ELECTTERM,Elective termination,ICD10CM,O07.36,Cardiac arrest following failed attempted termination of pregnancy,"","",narrow,P,PrA,O07.36,end_of_pregnancy
ELECTTERM,Elective termination,ICD10CM,O07.37,Sepsis following failed attempted termination of pregnancy,"","",narrow,P,PrA,O07.37,end_of_pregnancy
ELECTTERM,Elective termination,ICD10CM,O07.38,Urinary tract infection following failed attempted termination of pregnancy,"","",narrow,P,PrA,O07.38,end_of_pregnancy
ELECTTERM,Elective termination,ICD10CM,O07.39,Failed attempted termination of pregnancy with other complications,"","",narrow,P,PrA,O07.39,end_of_pregnancy
ELECTTERM,Elective termination,ICD10CM,O07.4,Failed attempted termination of pregnancy without complication,C0269549,Failed attempted termination of pregnancy without complication,narrow,P,PrA,O07.4,end_of_pregnancy
ELECTTERM,Elective termination,ICD10CM,O07.5,Other and unspecified failed attempted abortion- complicated by genital tract and pelvic infection,"","",narrow,P,PrA,O07.5,end_of_pregnancy
ELECTTERM,Elective termination,ICD10CM,O07.6,Other and unspecified failed attempted abortion- complicated by delayed or excessive haemorrhage,"","",narrow,P,PrA,O07.6,end_of_pregnancy
ELECTTERM,Elective termination,ICD10CM,O07.7,Other and unspecified failed attempted abortion- complicated by embolism,"","",narrow,P,PrA,O07.7,end_of_pregnancy
ELECTTERM,Elective termination,ICD10CM,O07.8,Other and unspecified failed attempted abortion- with other and unspecified complications,"","",narrow,P,PrA,O07.8,end_of_pregnancy
ELECTTERM,Elective termination,ICD10CM,O07.9,Other and unspecified failed attempted abortion- without complication,"","",narrow,P,PrA,O07.9,end_of_pregnancy
ELECTTERM,Elective termination,ICD10CM,O08.1,Delayed or excessive haemorrhage following abortion and ectopic and molar pregnancy,C0495168,Delayed or excessive hemorrhage following abortion and ectopic and molar pregnancy,possible,P,PrA,O08.1,end_of_pregnancy
ELECTTERM,Elective termination,ICD10CM,O08.1,Delayed or excessive hemorrhage following ectopic and molar pregnancy,C0495168,Delayed or excessive hemorrhage following abortion and ectopic and molar pregnancy,possible,P,PrA,O08.1,end_of_pregnancy
ELECTTERM,Elective termination,ICD10CM,O08.2,Embolism following abortion and ectopic and molar pregnancy,C0495169,Embolism following abortion and ectopic and molar pregnancy,narrow,P,PrA,O08.2,end_of_pregnancy
ELECTTERM,Elective termination,ICD10CM,O08.2,Embolism following ectopic and molar pregnancy,C0495169,Embolism following abortion and ectopic and molar pregnancy,narrow,P,PrA,O08.2,end_of_pregnancy
ELECTTERM,Elective termination,ICD10CM,O08.3,Shock following abortion and ectopic and molar pregnancy,C0495170,Shock following abortion and ectopic and molar pregnancy,narrow,P,PrA,O08.3,end_of_pregnancy
ELECTTERM,Elective termination,ICD10CM,O08.3,Shock following ectopic and molar pregnancy,C0495170,Shock following abortion and ectopic and molar pregnancy,narrow,P,PrA,O08.3,end_of_pregnancy
ELECTTERM,Elective termination,ICD10CM,O08.5,Metabolic disorders following abortion and ectopic and molar pregnancy,C0495172,Metabolic disorders following abortion and ectopic and molar pregnancy,narrow,P,PrA,O08.5,end_of_pregnancy
ELECTTERM,Elective termination,ICD10CM,O08.5,Metabolic disorders following an ectopic and molar pregnancy,C0495172,Metabolic disorders following abortion and ectopic and molar pregnancy,narrow,P,PrA,O08.5,end_of_pregnancy
ELECTTERM,Elective termination,ICD10CM,O08.6,Damage to pelvic organs and tissues following abortion and ectopic and molar pregnancy,C0495173,Damage to pelvic organs and tissues following abortion and ectopic and molar pregnancy,narrow,P,PrA,O08.6,end_of_pregnancy
ELECTTERM,Elective termination,ICD10CM,O08.6,Damage to pelvic organs and tissues following an ectopic and molar pregnancy,C0495173,Damage to pelvic organs and tissues following abortion and ectopic and molar pregnancy,narrow,P,PrA,O08.6,end_of_pregnancy
ELECTTERM,Elective termination,ICD10CM,Z33.2,Encounter for elective termination of pregnancy,"","",possible,P,PrA,Z33.2,end_of_pregnancy
ELECTTERM,Elective termination,ICD10CM,Z37.11,single birth- stillborn child- following a termination of pregnancy for medical reasons,"",single birth- stillborn child- following a termination of pregnancy for medical reasons  ,narrow,P,PrA,Z37.11,end_of_pregnancy
ELECTTERM,Elective termination,ICD10DA,O01.9A,Ektopisk mola,"","",possible,P,PrA,O01.9A,end_of_pregnancy
ELECTTERM,Elective termination,ICD9CM,635,Legally induced abortion,C1456876,Legal abortion (finding),narrow,P,PrA,635,end_of_pregnancy
ELECTTERM,Elective termination,ICD9CM,635.0,Legally induced abortion complicated by genital tract and pelvic infection,C0156464,Legally induced abortion- complicated by genital tract and pelvic infection- unspecified,narrow,P,PrA,635.0,end_of_pregnancy
ELECTTERM,Elective termination,ICD9CM,635.00,Legally induced abortion- complicated by genital tract and pelvic infection- unspecified,C0156464,Legally induced abortion- complicated by genital tract and pelvic infection- unspecified,narrow,P,PrA,635.00,end_of_pregnancy
ELECTTERM,Elective termination,ICD9CM,635.01,Legally induced abortion- complicated by genital tract and pelvic infection- incomplete,C0156465,Incomplete legal termination of pregnancy with genital tract or pelvic infection,narrow,P,PrA,635.01,end_of_pregnancy
ELECTTERM,Elective termination,ICD9CM,635.02,Legally induced abortion- complicated by genital tract and pelvic infection- complete,C0156466,Complete legal termination of pregnancy with genital tract or pelvic infection,narrow,P,PrA,635.02,end_of_pregnancy
ELECTTERM,Elective termination,ICD9CM,635.1,Legally induced abortion complicated by delayed or excessive hemorrhage,C0269450,Legally induced abortion- complicated by delayed or excessive hemorrhage- unspecified,narrow,P,PrA,635.1,end_of_pregnancy
ELECTTERM,Elective termination,ICD9CM,635.10,Legally induced abortion- complicated by delayed or excessive hemorrhage- unspecified,C0269450,Legally induced abortion- complicated by delayed or excessive hemorrhage- unspecified,narrow,P,PrA,635.10,end_of_pregnancy
ELECTTERM,Elective termination,ICD9CM,635.11,Legally induced abortion- complicated by delayed or excessive hemorrhage- incomplete,C0156469,Incomplete legal termination of pregnancy with delayed or excessive hemorrhage,narrow,P,PrA,635.11,end_of_pregnancy
ELECTTERM,Elective termination,ICD9CM,635.12,Legally induced abortion- complicated by delayed or excessive hemorrhage- complete,C0156470,Complete legal termination of pregnancy with delayed or excessive hemorrhage,narrow,P,PrA,635.12,end_of_pregnancy
ELECTTERM,Elective termination,ICD9CM,635.2,Legally induced abortion complicated by damage to pelvic organs or tissues,C0156472,Legal termination of pregnancy complicated by damage to pelvic organ and-or tissues,narrow,P,PrA,635.2,end_of_pregnancy
ELECTTERM,Elective termination,ICD9CM,635.20,Legally induced abortion- complicated by damage to pelvic organs or tissues- unspecified,C0156472,Legal termination of pregnancy complicated by damage to pelvic organ and-or tissues,narrow,P,PrA,635.20,end_of_pregnancy
ELECTTERM,Elective termination,ICD9CM,635.21,Legally induced abortion- complicated by damage to pelvic organs or tissues- incomplete,C0156473,Incomplete legal termination of pregnancy with damage to pelvic organs or tissues,narrow,P,PrA,635.21,end_of_pregnancy
ELECTTERM,Elective termination,ICD9CM,635.22,Legally induced abortion- complicated by damage to pelvic organs or tissues- complete,C0156474,Complete legal termination of pregnancy with damage to pelvic organs or tissues,narrow,P,PrA,635.22,end_of_pregnancy
ELECTTERM,Elective termination,ICD9CM,635.3,Legally induced abortion complicated by renal failure,C0269469,Legal termination of pregnancy complicated by renal failure,narrow,P,PrA,635.3,end_of_pregnancy
ELECTTERM,Elective termination,ICD9CM,635.30,Legally induced abortion- complicated by renal failure-unspecified,C0269469,Legal termination of pregnancy complicated by renal failure,narrow,P,PrA,635.30,end_of_pregnancy
ELECTTERM,Elective termination,ICD9CM,635.31,Legally induced abortion- complicated by renal failure- incomplete,C0156477,Incomplete legal termination of pregnancy with renal failure,narrow,P,PrA,635.31,end_of_pregnancy
ELECTTERM,Elective termination,ICD9CM,635.32,Legally induced abortion- complicated by renal failure- complete,C0156478,Complete legal termination of pregnancy with renal failure,narrow,P,PrA,635.32,end_of_pregnancy
ELECTTERM,Elective termination,ICD9CM,635.4,Legally induced abortion complicated by metabolic disorder,C0269474,Legal termination of pregnancy complicated by metabolic disorder,narrow,P,PrA,635.4,end_of_pregnancy
ELECTTERM,Elective termination,ICD9CM,635.40,Legally induced abortion- complicated by metabolic disorder- unspecified,C0269474,Legal termination of pregnancy complicated by metabolic disorder,narrow,P,PrA,635.40,end_of_pregnancy
ELECTTERM,Elective termination,ICD9CM,635.41,Legally induced abortion- complicated by metabolic disorder- incomplete,C0156481,Incomplete legal termination of pregnancy with metabolic disorder,narrow,P,PrA,635.41,end_of_pregnancy
ELECTTERM,Elective termination,ICD9CM,635.42,Legally induced abortion- complicated by metabolic disorder- complete,C0156482,Complete legal termination of pregnancy with metabolic disorder,narrow,P,PrA,635.42,end_of_pregnancy
ELECTTERM,Elective termination,ICD9CM,635.5,Legally induced abortion complicated by shock,C0269476,Legal termination of pregnancy complicated by shock,narrow,P,PrA,635.5,end_of_pregnancy
ELECTTERM,Elective termination,ICD9CM,635.50,Legally induced abortion- complicated by shock- unspecified,C0269476,Legal termination of pregnancy complicated by shock,narrow,P,PrA,635.50,end_of_pregnancy
ELECTTERM,Elective termination,ICD9CM,635.51,Legally induced abortion- complicated by shock- incomplete,C0156485,Incomplete legal termination of pregnancy with shock,narrow,P,PrA,635.51,end_of_pregnancy
ELECTTERM,Elective termination,ICD9CM,635.52,Legally induced abortion- complicated by shock- complete,C0156486,Complete legal termination of pregnancy with shock,narrow,P,PrA,635.52,end_of_pregnancy
ELECTTERM,Elective termination,ICD9CM,635.6,Legally induced abortion complicated by embolism,C0269479,Legal termination of pregnancy complicated by embolism,narrow,P,PrA,635.6,end_of_pregnancy
ELECTTERM,Elective termination,ICD9CM,635.60,Legally induced abortion- complicated by embolism- unspecified,C0269479,Legal termination of pregnancy complicated by embolism,narrow,P,PrA,635.60,end_of_pregnancy
ELECTTERM,Elective termination,ICD9CM,635.61,Legally induced abortion- complicated by embolism- incomplete,C0156489,Legally induced abortion- complicated by embolism- incomplete,narrow,P,PrA,635.61,end_of_pregnancy
ELECTTERM,Elective termination,ICD9CM,635.62,Legally induced abortion- complicated by embolism- complete,C0156490,Complete legal termination of pregnancy with embolism,narrow,P,PrA,635.62,end_of_pregnancy
ELECTTERM,Elective termination,ICD9CM,635.7,Legally induced abortion with other specified complications,C0156492,Legally induced abortion- with other specified complications- unspecified,narrow,P,PrA,635.7,end_of_pregnancy
ELECTTERM,Elective termination,ICD9CM,635.70,Legally induced abortion- with other specified complications- unspecified,C0156492,Legally induced abortion- with other specified complications- unspecified,narrow,P,PrA,635.70,end_of_pregnancy
ELECTTERM,Elective termination,ICD9CM,635.71,Legally induced abortion- with other specified complications- incomplete,C0156493,Legally induced abortion- with other specified complications- incomplete,narrow,P,PrA,635.71,end_of_pregnancy
ELECTTERM,Elective termination,ICD9CM,635.72,Legally induced abortion- with other specified complications- complete,C0156494,Legally induced abortion- with other specified complications- complete,narrow,P,PrA,635.72,end_of_pregnancy
ELECTTERM,Elective termination,ICD9CM,635.8,Legally induced abortion with unspecified complication,C0269441,Legal termination of pregnancy with complication,narrow,P,PrA,635.8,end_of_pregnancy
ELECTTERM,Elective termination,ICD9CM,635.80,Legally induced abortion- with unspecified complication- unspecified,C0269441,Legal termination of pregnancy with complication,narrow,P,PrA,635.80,end_of_pregnancy
ELECTTERM,Elective termination,ICD9CM,635.81,Legally induced abortion- with unspecified complication- incomplete,C0600042,incomplete legal abortion with complication,narrow,P,PrA,635.81,end_of_pregnancy
ELECTTERM,Elective termination,ICD9CM,635.82,Legally induced abortion- with unspecified complication- complete,C3697208,Complete legal abortion with complication,narrow,P,PrA,635.82,end_of_pregnancy
ELECTTERM,Elective termination,ICD9CM,635.9,Legally induced abortion without mention of complication,C0156499,Legally induced abortion- without mention of complication- unspecified,narrow,P,PrA,635.9,end_of_pregnancy
ELECTTERM,Elective termination,ICD9CM,635.90,Legally induced abortion- without mention of complication- unspecified,C0156499,Legally induced abortion- without mention of complication- unspecified,narrow,P,PrA,635.90,end_of_pregnancy
ELECTTERM,Elective termination,ICD9CM,635.91,Legally induced abortion- without mention of complication- incomplete,C0600043,Legally induced abortion- without mention of complication- incomplete,narrow,P,PrA,635.91,end_of_pregnancy
ELECTTERM,Elective termination,ICD9CM,635.92,Legally induced abortion- without mention of complication- complete,C1261319,Legally induced abortion- without mention of complication- complete,narrow,P,PrA,635.92,end_of_pregnancy
ELECTTERM,Elective termination,ICD9CM,636,Illegally induced abortion,C0000804,Abortion- Criminal,narrow,P,PrA,636,end_of_pregnancy
ELECTTERM,Elective termination,ICD9CM,636.0,Illegally induced abortion complicated by genital tract and pelvic infection,C0156504,Illegally induced abortion- complicated by genital tract and pelvic infection- unspecified,narrow,P,PrA,636.0,end_of_pregnancy
ELECTTERM,Elective termination,ICD9CM,636.00,Illegally induced abortion- complicated by genital tract and pelvic infection- unspecified,C0156504,Illegally induced abortion- complicated by genital tract and pelvic infection- unspecified,narrow,P,PrA,636.00,end_of_pregnancy
ELECTTERM,Elective termination,ICD9CM,636.01,Illegally induced abortion- complicated by genital tract and pelvic infection- incomplete,C0156505,Illegally induced abortion- complicated by genital tract and pelvic infection- incomplete,narrow,P,PrA,636.01,end_of_pregnancy
ELECTTERM,Elective termination,ICD9CM,636.02,Illegally induced abortion- complicated by genital tract and pelvic infection- complete,C0156506,Illegally induced abortion- complicated by genital tract and pelvic infection- complete,narrow,P,PrA,636.02,end_of_pregnancy
ELECTTERM,Elective termination,ICD9CM,636.1,Illegally induced abortion complicated by delayed or excessive hemorrhage,C0269505,Illegally induced abortion- complicated by delayed or excessive hemorrhage- unspecified,narrow,P,PrA,636.1,end_of_pregnancy
ELECTTERM,Elective termination,ICD9CM,636.10,Illegally induced abortion- complicated by delayed or excessive hemorrhage- unspecified,C0269505,Illegally induced abortion- complicated by delayed or excessive hemorrhage- unspecified,narrow,P,PrA,636.10,end_of_pregnancy
ELECTTERM,Elective termination,ICD9CM,636.11,Illegally induced abortion- complicated by delayed or excessive hemorrhage- incomplete,C0156509,Illegally induced abortion- complicated by delayed or excessive hemorrhage- incomplete,narrow,P,PrA,636.11,end_of_pregnancy
ELECTTERM,Elective termination,ICD9CM,636.12,Illegally induced abortion- complicated by delayed or excessive hemorrhage- complete,C0156510,Illegally induced abortion- complicated by delayed or excessive hemorrhage- complete,narrow,P,PrA,636.12,end_of_pregnancy
ELECTTERM,Elective termination,ICD9CM,636.2,Illegally induced abortion complicated by damage to pelvic organs or tissue,C0269509,Illegal termination of pregnancy complicated by damage to pelvic organs and-or tissues,narrow,P,PrA,636.2,end_of_pregnancy
ELECTTERM,Elective termination,ICD9CM,636.20,Illegally induced abortion- complicated by damage to pelvic organs or tissues- unspecified,C0269509,Illegal termination of pregnancy complicated by damage to pelvic organs and-or tissues,narrow,P,PrA,636.20,end_of_pregnancy
ELECTTERM,Elective termination,ICD9CM,636.21,Illegally induced abortion- complicated by damage to pelvic organs or tissues- incomplete,C0156513,Illegally induced abortion- complicated by damage to pelvic organs or tissues- incomplete,narrow,P,PrA,636.21,end_of_pregnancy
ELECTTERM,Elective termination,ICD9CM,636.22,Illegally induced abortion- complicated by damage to pelvic organs or tissues- complete,C0156514,Illegally induced abortion- complicated by damage to pelvic organs or tissues- complete,narrow,P,PrA,636.22,end_of_pregnancy
ELECTTERM,Elective termination,ICD9CM,636.3,Illegally induced abortion complicated by renal failure,C0269524,Illegal termination of pregnancy complicated by renal failure,narrow,P,PrA,636.3,end_of_pregnancy
ELECTTERM,Elective termination,ICD9CM,636.30,Illegally induced abortion- complicated by renal failure- unspecified,C0269524,Illegal termination of pregnancy complicated by renal failure,narrow,P,PrA,636.30,end_of_pregnancy
ELECTTERM,Elective termination,ICD9CM,636.31,Illegally induced abortion- complicated by renal failure- incomplete,C0156517,Illegally induced abortion- complicated by renal failure- incomplete,narrow,P,PrA,636.31,end_of_pregnancy
ELECTTERM,Elective termination,ICD9CM,636.32,Illegally induced abortion- complicated by renal failure- complete,C0156518,Illegally induced abortion- complicated by renal failure- complete,narrow,P,PrA,636.32,end_of_pregnancy
ELECTTERM,Elective termination,ICD9CM,636.4,Illegally induced abortion complicated by metabolic disorder,C0269529,Illegal termination of pregnancy complicated by metabolic disorder,narrow,P,PrA,636.4,end_of_pregnancy
ELECTTERM,Elective termination,ICD9CM,636.40,Illegally induced abortion- complicated by metabolic disorder- unspecified,C0269529,Illegal termination of pregnancy complicated by metabolic disorder,narrow,P,PrA,636.40,end_of_pregnancy
ELECTTERM,Elective termination,ICD9CM,636.41,Illegally induced abortion- complicated by metabolic disorder- incomplete,C0156521,Illegally induced abortion- complicated by metabolic disorder- incomplete,narrow,P,PrA,636.41,end_of_pregnancy
ELECTTERM,Elective termination,ICD9CM,636.42,Illegally induced abortion- complicated by metabolic disorder- complete,C0156522,Illegally induced abortion- complicated by metabolic disorder- complete,narrow,P,PrA,636.42,end_of_pregnancy
ELECTTERM,Elective termination,ICD9CM,636.5,Illegally induced abortion complicated by shock,C0269531,Illegal termination of pregnancy complicated by shock,narrow,P,PrA,636.5,end_of_pregnancy
ELECTTERM,Elective termination,ICD9CM,636.50,Illegally induced abortion- complicated by shock- unspecified,C0269531,Illegal termination of pregnancy complicated by shock,narrow,P,PrA,636.50,end_of_pregnancy
ELECTTERM,Elective termination,ICD9CM,636.51,Illegally induced abortion- complicated by shock- incomplete,C0156525,Illegally induced abortion- complicated by shock- incomplete,narrow,P,PrA,636.51,end_of_pregnancy
ELECTTERM,Elective termination,ICD9CM,636.52,Illegally induced abortion- complicated by shock- complete,"","",narrow,P,PrA,636.52,end_of_pregnancy
ELECTTERM,Elective termination,ICD9CM,636.6,Illegally induced abortion complicated by embolism,C0269534,Illegal termination of pregnancy complicated by embolism,narrow,P,PrA,636.6,end_of_pregnancy
ELECTTERM,Elective termination,ICD9CM,636.60,Illegally induced abortion- complicated by embolism- unspecified,C0269534,Illegal termination of pregnancy complicated by embolism,narrow,P,PrA,636.60,end_of_pregnancy
ELECTTERM,Elective termination,ICD9CM,636.61,Illegally induced abortion- complicated by embolism- incomplete,C0156529,Illegally induced abortion- complicated by embolism- incomplete,narrow,P,PrA,636.61,end_of_pregnancy
ELECTTERM,Elective termination,ICD9CM,636.62,Illegally induced abortion- complicated by embolism- complete,C0156530,Illegally induced abortion- complicated by embolism- complete,narrow,P,PrA,636.62,end_of_pregnancy
ELECTTERM,Elective termination,ICD9CM,636.7,Illegally induced abortion with other specified complications,C0156532,Illegally induced abortion- with other specified complications- unspecified,narrow,P,PrA,636.7,end_of_pregnancy
ELECTTERM,Elective termination,ICD9CM,636.70,Illegally induced abortion- with other specified complications- unspecified,C0156532,Illegally induced abortion- with other specified complications- unspecified,narrow,P,PrA,636.70,end_of_pregnancy
ELECTTERM,Elective termination,ICD9CM,636.71,Illegally induced abortion- with other specified complications- incomplete,C0156533,Illegally induced abortion- with other specified complications- incomplete,narrow,P,PrA,636.71,end_of_pregnancy
ELECTTERM,Elective termination,ICD9CM,636.72,Illegally induced abortion- with other specified complications- complete,C0156534,Illegally induced abortion- with other specified complications- complete,narrow,P,PrA,636.72,end_of_pregnancy
ELECTTERM,Elective termination,ICD9CM,636.8,Illegally induced abortion with unspecified complication,C0269496,Illegal termination of pregnancy with complication,narrow,P,PrA,636.8,end_of_pregnancy
ELECTTERM,Elective termination,ICD9CM,636.80,Illegally induced abortion- with unspecified complication- unspecified,C0269496,Illegal termination of pregnancy with complication,narrow,P,PrA,636.80,end_of_pregnancy
ELECTTERM,Elective termination,ICD9CM,636.81,Illegally induced abortion- with unspecified complication- incomplete,C0156537,Illegally induced abortion- with unspecified complication- incomplete,narrow,P,PrA,636.81,end_of_pregnancy
ELECTTERM,Elective termination,ICD9CM,636.82,Illegally induced abortion- with unspecified complication- complete,C0156538,Illegally induced abortion- with unspecified complication- complete,narrow,P,PrA,636.82,end_of_pregnancy
ELECTTERM,Elective termination,ICD9CM,636.9,Illegally induced abortion without mention of complication,C0260335,Illegal termination of pregnancy without complication,narrow,P,PrA,636.9,end_of_pregnancy
ELECTTERM,Elective termination,ICD9CM,636.90,Illegally induced abortion- without mention of complication- unspecified,C0260335,Illegal termination of pregnancy without complication,narrow,P,PrA,636.90,end_of_pregnancy
ELECTTERM,Elective termination,ICD9CM,636.91,Illegally induced abortion- without mention of complication- incomplete,C0156541,Illegally induced abortion- without mention of complication- incomplete,narrow,P,PrA,636.91,end_of_pregnancy
ELECTTERM,Elective termination,ICD9CM,636.92,Illegally induced abortion- without mention of complication- complete,C0156542,Illegally induced abortion- without mention of complication- complete,narrow,P,PrA,636.92,end_of_pregnancy
ELECTTERM,Elective termination,ICD9CM,637,Unspecified abortion,C0156543,Unspecified Abortion,possible,P,PrA,637,end_of_pregnancy
ELECTTERM,Elective termination,ICD9CM,637.0,Unspecified abortion complicated by genital tract and pelvic infection,C0156545,Unspecified abortion- complicated by genital tract and pelvic infection- unspecified,possible,P,PrA,637.0,end_of_pregnancy
ELECTTERM,Elective termination,ICD9CM,637.00,Unspecified abortion- complicated by genital tract and pelvic infection- unspecified,C0156545,Unspecified abortion- complicated by genital tract and pelvic infection- unspecified,possible,P,PrA,637.00,end_of_pregnancy
ELECTTERM,Elective termination,ICD9CM,637.01,Unspecified abortion- complicated by genital tract and pelvic infection- incomplete,C0156546,Unspecified abortion- incomplete- complicated by genital tract and pelvic infection,possible,P,PrA,637.01,end_of_pregnancy
ELECTTERM,Elective termination,ICD9CM,637.02,Unspecified abortion- complicated by genital tract and pelvic infection- complete,"","",possible,P,PrA,637.02,end_of_pregnancy
ELECTTERM,Elective termination,ICD9CM,637.1,Unspecified abortion complicated by delayed or excessive hemorrhage,"","",possible,P,PrA,637.1,end_of_pregnancy
ELECTTERM,Elective termination,ICD9CM,637.10,Unspecified abortion- complicated by delayed or excessive hemorrhage- unspecified,"","",possible,P,PrA,637.10,end_of_pregnancy
ELECTTERM,Elective termination,ICD9CM,637.11,Unspecified abortion- complicated by delayed or excessive hemorrhage- incomplete,"","",possible,P,PrA,637.11,end_of_pregnancy
ELECTTERM,Elective termination,ICD9CM,637.12,Unspecified abortion- complicated by delayed or excessive hemorrhage- complete,"","",possible,P,PrA,637.12,end_of_pregnancy
ELECTTERM,Elective termination,ICD9CM,637.2,Unspecified abortion complicated by damage to pelvic organs or tissues,"","",possible,P,PrA,637.2,end_of_pregnancy
ELECTTERM,Elective termination,ICD9CM,637.20,Unspecified abortion- complicated by damage to pelvic organs or tissues- unspecified,"","",possible,P,PrA,637.20,end_of_pregnancy
ELECTTERM,Elective termination,ICD9CM,637.21,Unspecified abortion- complicated by damage to pelvic organs or tissues- incomplete,"","",possible,P,PrA,637.21,end_of_pregnancy
ELECTTERM,Elective termination,ICD9CM,637.22,Unspecified abortion- complicated by damage to pelvic organs or tissues- complete,"","",possible,P,PrA,637.22,end_of_pregnancy
ELECTTERM,Elective termination,ICD9CM,637.29999999999995,Unspecified abortion complicated by renal failure,"","",possible,P,PrA,637.29999999999995,end_of_pregnancy
ELECTTERM,Elective termination,ICD9CM,637.3,Unspecified abortion complicated by renal failure,"","",possible,P,PrA,637.3,end_of_pregnancy
ELECTTERM,Elective termination,ICD9CM,637.30,Unspecified abortion- complicated by renal failure- unspecified,"","",possible,P,PrA,637.30,end_of_pregnancy
ELECTTERM,Elective termination,ICD9CM,637.31,Unspecified abortion- complicated by renal failure- incomplete,"","",possible,P,PrA,637.31,end_of_pregnancy
ELECTTERM,Elective termination,ICD9CM,637.32,Unspecified abortion- complicated by renal failure- complete,"","",possible,P,PrA,637.32,end_of_pregnancy
ELECTTERM,Elective termination,ICD9CM,637.4,Unspecified abortion complicated by metabolic disorder,"","",possible,P,PrA,637.4,end_of_pregnancy
ELECTTERM,Elective termination,ICD9CM,637.40,Unspecified abortion- complicated by metabolic disorder- unspecified,"","",possible,P,PrA,637.40,end_of_pregnancy
ELECTTERM,Elective termination,ICD9CM,637.41,Unspecified abortion- complicated by metabolic disorder- incomplete,"","",possible,P,PrA,637.41,end_of_pregnancy
ELECTTERM,Elective termination,ICD9CM,637.41999999999996,Unspecified abortion- complicated by metabolic disorder- complete,"","",possible,P,PrA,637.41999999999996,end_of_pregnancy
ELECTTERM,Elective termination,ICD9CM,637.42,Unspecified abortion- complicated by metabolic disorder- complete,"","",possible,P,PrA,637.42,end_of_pregnancy
ELECTTERM,Elective termination,ICD9CM,637.5,Unspecified abortion complicated by shock,"","",possible,P,PrA,637.5,end_of_pregnancy
ELECTTERM,Elective termination,ICD9CM,637.50,Unspecified abortion- complicated by shock- unspecified,"","",possible,P,PrA,637.50,end_of_pregnancy
ELECTTERM,Elective termination,ICD9CM,637.51,Unspecified abortion- complicated by shock- incomplete,"","",possible,P,PrA,637.51,end_of_pregnancy
ELECTTERM,Elective termination,ICD9CM,637.52,Unspecified abortion- complicated by shock- complete,"","",possible,P,PrA,637.52,end_of_pregnancy
ELECTTERM,Elective termination,ICD9CM,637.6,Unspecified abortion complicated by embolism,"","",possible,P,PrA,637.6,end_of_pregnancy
ELECTTERM,Elective termination,ICD9CM,637.60,Unspecified abortion- complicated by embolism- unspecified,"","",possible,P,PrA,637.60,end_of_pregnancy
ELECTTERM,Elective termination,ICD9CM,637.61,Unspecified abortion- complicated by embolism- incomplete,"","",possible,P,PrA,637.61,end_of_pregnancy
ELECTTERM,Elective termination,ICD9CM,637.62,Unspecified abortion- complicated by embolism- complete,"","",possible,P,PrA,637.62,end_of_pregnancy
ELECTTERM,Elective termination,ICD9CM,637.7,Unspecified abortion with other specified complications,"","",possible,P,PrA,637.7,end_of_pregnancy
ELECTTERM,Elective termination,ICD9CM,637.70,Unspecified abortion- with other specified complications- unspecified,"","",possible,P,PrA,637.70,end_of_pregnancy
ELECTTERM,Elective termination,ICD9CM,637.71,Unspecified abortion- with other specified complications- incomplete,"","",possible,P,PrA,637.71,end_of_pregnancy
ELECTTERM,Elective termination,ICD9CM,637.72,Unspecified abortion- with other specified complications- complete,"","",possible,P,PrA,637.72,end_of_pregnancy
ELECTTERM,Elective termination,ICD9CM,637.8,Unspecified abortion with unspecified complication,"","",possible,P,PrA,637.8,end_of_pregnancy
ELECTTERM,Elective termination,ICD9CM,637.80,Unspecified abortion- with unspecified complication- unspecified,"","",possible,P,PrA,637.80,end_of_pregnancy
ELECTTERM,Elective termination,ICD9CM,637.81,Unspecified abortion- with unspecified complication- incomplete,"","",possible,P,PrA,637.81,end_of_pregnancy
ELECTTERM,Elective termination,ICD9CM,637.82,Unspecified abortion- with unspecified complication- complete,"","",possible,P,PrA,637.82,end_of_pregnancy
ELECTTERM,Elective termination,ICD9CM,637.9,Unspecified abortion without mention of complication,"","",possible,P,PrA,637.9,end_of_pregnancy
ELECTTERM,Elective termination,ICD9CM,637.90,Unspecified abortion- without mention of complication- unspecified,"","",possible,P,PrA,637.90,end_of_pregnancy
ELECTTERM,Elective termination,ICD9CM,637.91,Unspecified abortion- without mention of complication- incomplete,"","",possible,P,PrA,637.91,end_of_pregnancy
ELECTTERM,Elective termination,ICD9CM,637.92,Unspecified abortion- without mention of complication- complete,"","",possible,P,PrA,637.92,end_of_pregnancy
ELECTTERM,Elective termination,ICD9CM,638,Failed attempted abortion,C0392536,Failed attempted abortion,narrow,P,PrA,638,end_of_pregnancy
ELECTTERM,Elective termination,ICD9CM,638.0,Failed attempted abortion complicated by genital tract and pelvic infection,C0156584,Failed attempted abortion complicated by genital tract and pelvic infection,narrow,P,PrA,638.0,end_of_pregnancy
ELECTTERM,Elective termination,ICD9CM,638.1,Failed attempted abortion complicated by delayed or excessive hemorrhage,C0156585,Failed attempted termination of pregnancy complicated by delayed and-or excessive hemorrhage,narrow,P,PrA,638.1,end_of_pregnancy
ELECTTERM,Elective termination,ICD9CM,638.2,Failed attempted abortion complicated by damage to pelvic organs or tissues,C0269561,Failed attempted termination of pregnancy complicated by damage to pelvic organ and-or tissues,narrow,P,PrA,638.2,end_of_pregnancy
ELECTTERM,Elective termination,ICD9CM,638.3,Failed attempted abortion complicated by renal failure,C0156587,Failed attempted termination of pregnancy complicated by renal failure,narrow,P,PrA,638.3,end_of_pregnancy
ELECTTERM,Elective termination,ICD9CM,638.4,Failed attempted abortion complicated by metabolic disorder,C0156588,Failed attempted termination of pregnancy complicated by metabolic disorder,narrow,P,PrA,638.4,end_of_pregnancy
ELECTTERM,Elective termination,ICD9CM,638.5,Failed attempted abortion complicated by shock,C0156589,Failed attempted termination of pregnancy complicated by shock,narrow,P,PrA,638.5,end_of_pregnancy
ELECTTERM,Elective termination,ICD9CM,638.6,Failed attempted abortion complicated by embolism,C0156590,Failed attempted termination of pregnancy complicated by embolism,narrow,P,PrA,638.6,end_of_pregnancy
ELECTTERM,Elective termination,ICD9CM,638.7,Failed attempted abortion with other specified complications,C0156591,Failed attempted abortion with other specified complications,narrow,P,PrA,638.7,end_of_pregnancy
ELECTTERM,Elective termination,ICD9CM,638.8,Failed attempted abortion with unspecified complication,C0156592,Failed attempted termination of pregnancy with complication,narrow,P,PrA,638.8,end_of_pregnancy
ELECTTERM,Elective termination,ICD9CM,638.9,Failed attempted abortion without mention of complication,C0269549,Failed attempted termination of pregnancy without complication,narrow,P,PrA,638.9,end_of_pregnancy
ELECTTERM,Elective termination,ICD9CM,639.1,Delayed or excessive hemorrhage following abortion or ectopic and molar pregnancies,C0495168,Delayed or excessive hemorrhage following abortion and ectopic and molar pregnancy,possible,P,PrA,639.1,end_of_pregnancy
ELECTTERM,Elective termination,ICD9CM,639.2,Damage to pelvic organs and tissues following abortion or ectopic and molar pregnancies,C0495173,Damage to pelvic organs and tissues following abortion and ectopic and molar pregnancy,narrow,P,PrA,639.2,end_of_pregnancy
ELECTTERM,Elective termination,ICD9CM,639.3,Kidney failure following abortion and ectopic and molar pregnancies,C2712637,Kidney failure following abortion and ectopic and molar pregnancies,narrow,P,PrA,639.3,end_of_pregnancy
ELECTTERM,Elective termination,ICD9CM,639.4,Metabolic disorders following abortion or ectopic and molar pregnancies,C0495172,Metabolic disorders following abortion and ectopic and molar pregnancy,narrow,P,PrA,639.4,end_of_pregnancy
ELECTTERM,Elective termination,ICD9CM,639.5,Shock following abortion or ectopic and molar pregnancies,C0495170,Shock following abortion and ectopic and molar pregnancy,narrow,P,PrA,639.5,end_of_pregnancy
ELECTTERM,Elective termination,ICD9CM,639.6,Embolism following abortion or ectopic and molar pregnancies,C0495169,Embolism following abortion and ectopic and molar pregnancy,narrow,P,PrA,639.6,end_of_pregnancy
ELECTTERM,Elective termination,ICD9CM,639.8,Other specified complications following abortion or ectopic and molar pregnancy,C0156602,Other specified complications following abortion or ectopic and molar pregnancy,narrow,P,PrA,639.8,end_of_pregnancy
ELECTTERM,Elective termination,ICPC,W83,Abortion induced,C1704300,Induced abortion (finding),narrow,P,PrA,W83,end_of_pregnancy
ELECTTERM,Elective termination,ICPC2EENG,W83,Abortion induced,C1704300,Induced abortion (finding),narrow,P,PrA,W83,end_of_pregnancy
ELECTTERM,Elective termination,ICPC2P,W82002,Abortion,C0156543,Unspecified Abortion,possible,P,PrA,W82002,end_of_pregnancy
ELECTTERM,Elective termination,ICPC2P,W83002,Abortion-induced-legal,C1456876,Legal abortion (finding),narrow,P,PrA,W83002,end_of_pregnancy
ELECTTERM,Elective termination,ICPC2P,W83004,Termination of preg-request,C0581121,Requests pregnancy termination,possible,P,PrA,W83004,end_of_pregnancy
ELECTTERM,Elective termination,ICPC2P,W83005,Abortion-request,C0581121,Requests pregnancy termination,possible,P,PrA,W83005,end_of_pregnancy
ELECTTERM,Elective termination,MEDCODEID,115533013,Mural pregnancy,"","",narrow,P,PrA,115533013,end_of_pregnancy
ELECTTERM,Elective termination,MEDCODEID,1209117011,Antenatal ultrasound confirms ectopic pregnancy,"","",narrow,P,PrA,1209117011,end_of_pregnancy
ELECTTERM,Elective termination,MEDCODEID,1234377011,Fallopian tube pregnancy,"","",narrow,P,PrA,1234377011,end_of_pregnancy
ELECTTERM,Elective termination,MEDCODEID,12717161000006113,Complications following abortion and ectopic and molar pregnancies,"","",possible,P,PrA,12717161000006113,end_of_pregnancy
ELECTTERM,Elective termination,MEDCODEID,131553011,Cervical pregnancy,"","",narrow,P,PrA,131553011,end_of_pregnancy
ELECTTERM,Elective termination,MEDCODEID,132037019,Tubal pregnancy,"","",narrow,P,PrA,132037019,end_of_pregnancy
ELECTTERM,Elective termination,MEDCODEID,137128014,Abdominal pregnancy,"","",narrow,P,PrA,137128014,end_of_pregnancy
ELECTTERM,Elective termination,MEDCODEID,13718411000006111,Ectopic pregnancy of left ovary,"","",narrow,P,PrA,13718411000006111,end_of_pregnancy
ELECTTERM,Elective termination,MEDCODEID,13718431000006117,Ectopic pregnancy of right ovary,"","",narrow,P,PrA,13718431000006117,end_of_pregnancy
ELECTTERM,Elective termination,MEDCODEID,145245010,Cornual pregnancy,"","",narrow,P,PrA,145245010,end_of_pregnancy
ELECTTERM,Elective termination,MEDCODEID,1481702017,Removal of ectopic pregnancy from fallopian tube,"","",narrow,P,PrA,1481702017,end_of_pregnancy
ELECTTERM,Elective termination,MEDCODEID,1481703010,Fimbrial extraction of tubal pregnancy,"","",narrow,P,PrA,1481703010,end_of_pregnancy
ELECTTERM,Elective termination,MEDCODEID,148811000006119,Sepsis NOS following abortion-ectopic-molar pregnancy,"","",possible,P,PrA,148811000006119,end_of_pregnancy
ELECTTERM,Elective termination,MEDCODEID,17279018,Ovarian pregnancy,"","",narrow,P,PrA,17279018,end_of_pregnancy
ELECTTERM,Elective termination,MEDCODEID,2546831000006116,Complication following molar AND-OR ectopic pregnancy,"","",possible,P,PrA,2546831000006116,end_of_pregnancy
ELECTTERM,Elective termination,MEDCODEID,273916010,Excision of ectopic ovarian pregnancy,"","",narrow,P,PrA,273916010,end_of_pregnancy
ELECTTERM,Elective termination,MEDCODEID,273917018,Excision of ruptured ectopic tubal pregnancy,"","",narrow,P,PrA,273917018,end_of_pregnancy
ELECTTERM,Elective termination,MEDCODEID,2776761000006115,Ruptured ectopic pregnancy,"","",narrow,P,PrA,2776761000006115,end_of_pregnancy
ELECTTERM,Elective termination,MEDCODEID,2776771000006110,Aborted ectopic pregnancy,"","",narrow,P,PrA,2776771000006110,end_of_pregnancy
ELECTTERM,Elective termination,MEDCODEID,305290019,Delivery of viable fetus in abdominal pregnancy,"","",narrow,P,PrA,305290019,end_of_pregnancy
ELECTTERM,Elective termination,MEDCODEID,305295012,Tubal abortion,"","",narrow,P,PrA,305295012,end_of_pregnancy
ELECTTERM,Elective termination,MEDCODEID,305296013,Tubal pregnancy NOS,"","",narrow,P,PrA,305296013,end_of_pregnancy
ELECTTERM,Elective termination,MEDCODEID,305297016,Other ectopic pregnancy,"","",narrow,P,PrA,305297016,end_of_pregnancy
ELECTTERM,Elective termination,MEDCODEID,305298014,Membranous pregnancy,"","",narrow,P,PrA,305298014,end_of_pregnancy
ELECTTERM,Elective termination,MEDCODEID,305300014,Mesenteric pregnancy,"","",narrow,P,PrA,305300014,end_of_pregnancy
ELECTTERM,Elective termination,MEDCODEID,305301013,Angular pregnancy,"","",narrow,P,PrA,305301013,end_of_pregnancy
ELECTTERM,Elective termination,MEDCODEID,305303011,Other ectopic pregnancy NOS,"","",narrow,P,PrA,305303011,end_of_pregnancy
ELECTTERM,Elective termination,MEDCODEID,305304017,Ectopic pregnancy NOS,"","",narrow,P,PrA,305304017,end_of_pregnancy
ELECTTERM,Elective termination,MEDCODEID,3060451000006110,EP - Ectopic pregnancy,"","",narrow,P,PrA,3060451000006110,end_of_pregnancy
ELECTTERM,Elective termination,MEDCODEID,308065014,Maternal care for viable fetus in abdominal pregnancy,"","",narrow,P,PrA,308065014,end_of_pregnancy
ELECTTERM,Elective termination,MEDCODEID,308080015,[X]Other ectopic pregnancy,"","",narrow,P,PrA,308080015,end_of_pregnancy
ELECTTERM,Elective termination,MEDCODEID,3819701000006113,Removal of intraligamentous ectopic pregnancy,"","",narrow,P,PrA,3819701000006113,end_of_pregnancy
ELECTTERM,Elective termination,MEDCODEID,405601000006118,[X]Oth venous complicatns follow abortn+ectopic+molr pregncy,"","",possible,P,PrA,405601000006118,end_of_pregnancy
ELECTTERM,Elective termination,MEDCODEID,407661000006111,[X]Other complications follow abortn+ectopic+molar pregnancy,"","",possible,P,PrA,407661000006111,end_of_pregnancy
ELECTTERM,Elective termination,MEDCODEID,4793001000006113,Ruptured tubal pregnancy,"","",narrow,P,PrA,4793001000006113,end_of_pregnancy
ELECTTERM,Elective termination,MEDCODEID,501321010,Mesometric pregnancy,"","",narrow,P,PrA,501321010,end_of_pregnancy
ELECTTERM,Elective termination,MEDCODEID,5104861000006118,Viable fetus in abdominal pregnancy,"","",narrow,P,PrA,5104861000006118,end_of_pregnancy
ELECTTERM,Elective termination,MEDCODEID,5104871000006113,Viable foetus in abdominal pregnancy,"","",narrow,P,PrA,5104871000006113,end_of_pregnancy
ELECTTERM,Elective termination,MEDCODEID,5104881000006111,Unruptured tubal pregnancy,"","",narrow,P,PrA,5104881000006111,end_of_pregnancy
ELECTTERM,Elective termination,MEDCODEID,5592021000006116,Secondary abdominal pregnancy,"","",narrow,P,PrA,5592021000006116,end_of_pregnancy
ELECTTERM,Elective termination,MEDCODEID,574561000006119,Combined or heterotopic pregnancy,"","",narrow,P,PrA,574561000006119,end_of_pregnancy
ELECTTERM,Elective termination,MEDCODEID,577381000006110,Complication NOS following abortion-ectopic-molar pregnancy,"","",possible,P,PrA,577381000006110,end_of_pregnancy
ELECTTERM,Elective termination,MEDCODEID,577461000006111,Complications following abortion-ectopic-molar pregnancies,"","",possible,P,PrA,577461000006111,end_of_pregnancy
ELECTTERM,Elective termination,MEDCODEID,577471000006116,Complications following abortion-ectopic-molar pregnancies,"","",possible,P,PrA,577471000006116,end_of_pregnancy
ELECTTERM,Elective termination,MEDCODEID,58080013,Ectopic pregnancy,"","",narrow,P,PrA,58080013,end_of_pregnancy
ELECTTERM,Elective termination,MEDCODEID,59478019,Intraligamentous pregnancy,"","",narrow,P,PrA,59478019,end_of_pregnancy
ELECTTERM,Elective termination,MEDCODEID,6474551000006114,Aspiration of ectopic pregnancy from fallopian tube,"","",narrow,P,PrA,6474551000006114,end_of_pregnancy
ELECTTERM,Elective termination,MEDCODEID,7264921000006115,Multiple pregnancy involving intrauterine pregnancy and tubal pregnancy,"","",narrow,P,PrA,7264921000006115,end_of_pregnancy
ELECTTERM,Elective termination,MEDCODEID,7499561000006116,Miscarriage of tubal ectopic pregnancy,"","",narrow,P,PrA,7499561000006116,end_of_pregnancy
ELECTTERM,Elective termination,MEDCODEID,806911000006111,Gravid fallopian tube rupture,"","",narrow,P,PrA,806911000006111,end_of_pregnancy
ELECTTERM,Elective termination,MEDCODEID,870501000006114,Ovarian preg. removal op.,"","",narrow,P,PrA,870501000006114,end_of_pregnancy
ELECTTERM,Elective termination,MEDCODEID,870511000006112,Ruptured tubal preg.removal op,"","",narrow,P,PrA,870511000006112,end_of_pregnancy
ELECTTERM,Elective termination,MEDCODEID,870521000006116,Tubal preg. removal op.,"","",narrow,P,PrA,870521000006116,end_of_pregnancy
ELECTTERM,Elective termination,MTHICD9,637.00,Unspecified type of abortion- unspecified- complicated by genital tract and pelvic infection,C0156545,Unspecified abortion- complicated by genital tract and pelvic infection- unspecified,possible,P,PrA,637.00,end_of_pregnancy
ELECTTERM,Elective termination,MTHICD9,639.3,Kidney failure following abortion or ectopic and molar pregnancies,C2712637,Kidney failure following abortion and ectopic and molar pregnancies,narrow,P,PrA,639.3,end_of_pregnancy
ELECTTERM,Elective termination,RCD2,7E066,Hysterot termination pregnancy,C0195643,Hysterotomy and termination of pregnancy,narrow,P,PrA,7E066,end_of_pregnancy
ELECTTERM,Elective termination,RCD2,7E084,Suction termination pregnancy,C0004050,Aspiration curettage of uterus for termination of pregnancy,narrow,P,PrA,7E084,end_of_pregnancy
ELECTTERM,Elective termination,RCD2,8M6..,Requests pregnancy termination,C0581121,Requests pregnancy termination,possible,P,PrA,8M6..,end_of_pregnancy
ELECTTERM,Elective termination,RCD2,L0...,Pregnancy + abortive outcome,C0156543,Unspecified Abortion,possible,P,PrA,L0...,end_of_pregnancy
ELECTTERM,Elective termination,RCD2,L050.,Legal abortion unspecified,C1456876,Legal abortion (finding),narrow,P,PrA,L050.,end_of_pregnancy
ELECTTERM,Elective termination,RCD2,L0500,Legal ab.unsp.+genit-pelv.inf.,C0404925,Unspecified legal abortion with genital tract or pelvic infection,narrow,P,PrA,L0500,end_of_pregnancy
ELECTTERM,Elective termination,RCD2,L0501,Legal ab.unsp.+h-ge problem,C0269450,Legally induced abortion- complicated by delayed or excessive hemorrhage- unspecified,narrow,P,PrA,L0501,end_of_pregnancy
ELECTTERM,Elective termination,RCD2,L0502,Legal ab.unsp.+pelvic damage,C0156472,Legal termination of pregnancy complicated by damage to pelvic organ and-or tissues,narrow,P,PrA,L0502,end_of_pregnancy
ELECTTERM,Elective termination,RCD2,L0503,Legal ab.unsp.+renal failure,C0269469,Legal termination of pregnancy complicated by renal failure,narrow,P,PrA,L0503,end_of_pregnancy
ELECTTERM,Elective termination,RCD2,L0504,Legal ab.unsp.+metab.disorder,C0269474,Legal termination of pregnancy complicated by metabolic disorder,narrow,P,PrA,L0504,end_of_pregnancy
ELECTTERM,Elective termination,RCD2,L0505,Legal ab.unsp. + shock,C0269476,Legal termination of pregnancy complicated by shock,narrow,P,PrA,L0505,end_of_pregnancy
ELECTTERM,Elective termination,RCD2,L0506,Legal ab.unsp. + embolism,C0269479,Legal termination of pregnancy complicated by embolism,narrow,P,PrA,L0506,end_of_pregnancy
ELECTTERM,Elective termination,RCD2,L050w,Legal ab.unsp.+other complic.,C0156492,Legally induced abortion- with other specified complications- unspecified,narrow,P,PrA,L050w,end_of_pregnancy
ELECTTERM,Elective termination,RCD2,L050x,Legal ab.unsp.+complicat.NOS,C0269441,Legal termination of pregnancy with complication,narrow,P,PrA,L050x,end_of_pregnancy
ELECTTERM,Elective termination,RCD2,L050y,Legal ab.unsp.+no complicat.,C0156499,Legally induced abortion- without mention of complication- unspecified,narrow,P,PrA,L050y,end_of_pregnancy
ELECTTERM,Elective termination,RCD2,L050z,Legal abortion unspecified NOS,C1456876,Legal abortion (finding),narrow,P,PrA,L050z,end_of_pregnancy
ELECTTERM,Elective termination,RCD2,L0510,Legal ab.incom.+genit-pelv.inf,C0156465,Incomplete legal termination of pregnancy with genital tract or pelvic infection,narrow,P,PrA,L0510,end_of_pregnancy
ELECTTERM,Elective termination,RCD2,L0511,Legal ab.incom.+h-ge problem,C0156469,Incomplete legal termination of pregnancy with delayed or excessive hemorrhage,narrow,P,PrA,L0511,end_of_pregnancy
ELECTTERM,Elective termination,RCD2,L0512,Legal ab.incom.+pelvic damage,C0156473,Incomplete legal termination of pregnancy with damage to pelvic organs or tissues,narrow,P,PrA,L0512,end_of_pregnancy
ELECTTERM,Elective termination,RCD2,L0513,Legal ab.incom.+renal failure,C0156477,Incomplete legal termination of pregnancy with renal failure,narrow,P,PrA,L0513,end_of_pregnancy
ELECTTERM,Elective termination,RCD2,L0514,Legal ab.incom.+metab.disorder,C0156481,Incomplete legal termination of pregnancy with metabolic disorder,narrow,P,PrA,L0514,end_of_pregnancy
ELECTTERM,Elective termination,RCD2,L0515,Legal ab.incom. + shock,C0156485,Incomplete legal termination of pregnancy with shock,narrow,P,PrA,L0515,end_of_pregnancy
ELECTTERM,Elective termination,RCD2,L051w,Legal ab.incom.+other complic.,C0156493,Legally induced abortion- with other specified complications- incomplete,narrow,P,PrA,L051w,end_of_pregnancy
ELECTTERM,Elective termination,RCD2,L051x,Legal ab.incom.+complicat.NOS,C0600042,incomplete legal abortion with complication,narrow,P,PrA,L051x,end_of_pregnancy
ELECTTERM,Elective termination,RCD2,L051y,Legal ab.incom.+no complicat.,C0600043,Legally induced abortion- without mention of complication- incomplete,narrow,P,PrA,L051y,end_of_pregnancy
ELECTTERM,Elective termination,RCD2,L0520,Legal ab.compl.+genit-pelv.inf,C0156466,Complete legal termination of pregnancy with genital tract or pelvic infection,narrow,P,PrA,L0520,end_of_pregnancy
ELECTTERM,Elective termination,RCD2,L0521,Legal ab.compl.+h-ge problem,C0156470,Complete legal termination of pregnancy with delayed or excessive hemorrhage,narrow,P,PrA,L0521,end_of_pregnancy
ELECTTERM,Elective termination,RCD2,L0522,Legal ab.compl.+pelvic damage,C0156474,Complete legal termination of pregnancy with damage to pelvic organs or tissues,narrow,P,PrA,L0522,end_of_pregnancy
ELECTTERM,Elective termination,RCD2,L0523,Legal ab.compl.+renal failure,C0156478,Complete legal termination of pregnancy with renal failure,narrow,P,PrA,L0523,end_of_pregnancy
ELECTTERM,Elective termination,RCD2,L0524,Legal ab.compl.+metab.disorder,C0156482,Complete legal termination of pregnancy with metabolic disorder,narrow,P,PrA,L0524,end_of_pregnancy
ELECTTERM,Elective termination,RCD2,L0525,Legal ab.compl. + shock,C0156486,Complete legal termination of pregnancy with shock,narrow,P,PrA,L0525,end_of_pregnancy
ELECTTERM,Elective termination,RCD2,L0526,Legal ab.compl. + embolism,C0156490,Complete legal termination of pregnancy with embolism,narrow,P,PrA,L0526,end_of_pregnancy
ELECTTERM,Elective termination,RCD2,L052w,Legal ab.compl.+other complic.,C0156494,Legally induced abortion- with other specified complications- complete,narrow,P,PrA,L052w,end_of_pregnancy
ELECTTERM,Elective termination,RCD2,L052x,Legal ab.compl.+complicat.NOS,C3697208,Complete legal abortion with complication,narrow,P,PrA,L052x,end_of_pregnancy
ELECTTERM,Elective termination,RCD2,L052y,Legal ab.compl.+no complicat.,C1261319,Legally induced abortion- without mention of complication- complete,narrow,P,PrA,L052y,end_of_pregnancy
ELECTTERM,Elective termination,RCD2,L05z.,Legally induced abortion NOS,C1456876,Legal abortion (finding),narrow,P,PrA,L05z.,end_of_pregnancy
ELECTTERM,Elective termination,RCD2,L060.,Illegal abortion unspecified,C0000804,Abortion- Criminal,narrow,P,PrA,L060.,end_of_pregnancy
ELECTTERM,Elective termination,RCD2,L0601,Illegal ab.unsp.+h-ge problem,C0269505,Illegally induced abortion- complicated by delayed or excessive hemorrhage- unspecified,narrow,P,PrA,L0601,end_of_pregnancy
ELECTTERM,Elective termination,RCD2,L0602,Illegal ab.unsp.+pelvic damage,C0269509,Illegal termination of pregnancy complicated by damage to pelvic organs and-or tissues,narrow,P,PrA,L0602,end_of_pregnancy
ELECTTERM,Elective termination,RCD2,L0603,Illegal ab.unsp.+renal failure,C0269524,Illegal termination of pregnancy complicated by renal failure,narrow,P,PrA,L0603,end_of_pregnancy
ELECTTERM,Elective termination,RCD2,L0604,Illegal ab.unsp.+metab.disord.,C0269529,Illegal termination of pregnancy complicated by metabolic disorder,narrow,P,PrA,L0604,end_of_pregnancy
ELECTTERM,Elective termination,RCD2,L0605,Illegal ab.unsp. + shock,C0269531,Illegal termination of pregnancy complicated by shock,narrow,P,PrA,L0605,end_of_pregnancy
ELECTTERM,Elective termination,RCD2,L0606,Illegal ab.unsp. + embolism,C0269534,Illegal termination of pregnancy complicated by embolism,narrow,P,PrA,L0606,end_of_pregnancy
ELECTTERM,Elective termination,RCD2,L060w,Illegal ab.unsp.+other complic,C0156532,Illegally induced abortion- with other specified complications- unspecified,narrow,P,PrA,L060w,end_of_pregnancy
ELECTTERM,Elective termination,RCD2,L060x,Illegal ab.unsp.+complicat.NOS,C0269496,Illegal termination of pregnancy with complication,narrow,P,PrA,L060x,end_of_pregnancy
ELECTTERM,Elective termination,RCD2,L060y,Illegal ab.unsp.+no complicat.,C0260335,Illegal termination of pregnancy without complication,narrow,P,PrA,L060y,end_of_pregnancy
ELECTTERM,Elective termination,RCD2,L060z,Illegal abortion unspecif.NOS,C0000804,Abortion- Criminal,narrow,P,PrA,L060z,end_of_pregnancy
ELECTTERM,Elective termination,RCD2,L061w,Illegal ab.incom.+other compl.,C0156533,Illegally induced abortion- with other specified complications- incomplete,narrow,P,PrA,L061w,end_of_pregnancy
ELECTTERM,Elective termination,RCD2,L062w,Illegal ab.compl.+other compl.,C0156534,Illegally induced abortion- with other specified complications- complete,narrow,P,PrA,L062w,end_of_pregnancy
ELECTTERM,Elective termination,RCD2,L06z.,Illegally induced abortion NOS,C0000804,Abortion- Criminal,narrow,P,PrA,L06z.,end_of_pregnancy
ELECTTERM,Elective termination,RCD2,L07..,Unspecified abortion,C0156543,Unspecified Abortion,possible,P,PrA,L07..,end_of_pregnancy
ELECTTERM,Elective termination,RCD2,L070z,Unspecified abortion NOS,C0156543,Unspecified Abortion,possible,P,PrA,L070z,end_of_pregnancy
ELECTTERM,Elective termination,RCD2,L08..,Failed attempted abortion,C0392536,Failed attempted abortion,narrow,P,PrA,L08..,end_of_pregnancy
ELECTTERM,Elective termination,RCD2,L08w.,Failed att.ab.+other complicat,C0156591,Failed attempted abortion with other specified complications,narrow,P,PrA,L08w.,end_of_pregnancy
ELECTTERM,Elective termination,RCD2,L08x.,Failed att.ab.+complicat.NOS,C0156592,Failed attempted termination of pregnancy with complication,narrow,P,PrA,L08x.,end_of_pregnancy
ELECTTERM,Elective termination,RCD2,L08y.,Failed att.ab.+no complication,C0269549,Failed attempted termination of pregnancy without complication,narrow,P,PrA,L08y.,end_of_pregnancy
ELECTTERM,Elective termination,RCD2,L08z.,Failed attempted abortion NOS,C0392536,Failed attempted abortion,narrow,P,PrA,L08z.,end_of_pregnancy
ELECTTERM,Elective termination,RCD2,L0A4.,Fail med abort wthout complctn,C0451793,Failed medical termination of pregnancy- without complication,possible,P,PrA,L0A4.,end_of_pregnancy
ELECTTERM,Elective termination,RCD2,L0z..,Pregnancy+abortive outcome NOS,C0156543,Unspecified Abortion,possible,P,PrA,L0z..,end_of_pregnancy
ELECTTERM,Elective termination,RCD2,Lyu02,[X]Other abortion,C0477801,Other abortion,possible,P,PrA,Lyu02,end_of_pregnancy
ELECTTERM,Elective termination,RCD2,Lyu03,[X]Fail med abrt-wth o+uns cmp,C0477802,Failed medical abortion- with other and unspecified complications,possible,P,PrA,Lyu03,end_of_pregnancy
ELECTTERM,Elective termination,SCTSPA,10455003,remoción de un embarazo cervical ectópico por evacuación,C0195635,Removal of ectopic cervical pregnancy by evacuation,narrow,P,PrA,10455003,end_of_pregnancy
ELECTTERM,Elective termination,SCTSPA,111431001,aborto legal complicado por lesión de tejidos Y-U órganos pélvicos,C0156472,Legal termination of pregnancy complicated by damage to pelvic organ and-or tissues,narrow,P,PrA,111431001,end_of_pregnancy
ELECTTERM,Elective termination,SCTSPA,111432008,aborto legal con embolia gaseosa,C0269480,Legal termination of pregnancy with air embolism,narrow,P,PrA,111432008,end_of_pregnancy
ELECTTERM,Elective termination,SCTSPA,1204036002,trastorno posterior a interrupción inducida de embarazo (trastorno),"","",narrow,P,PrA,1204036002,end_of_pregnancy
ELECTTERM,Elective termination,SCTSPA,1204036002,trastorno posterior a interrupción inducida de embarazo (trastorno),C0269474,Legal termination of pregnancy complicated by metabolic disorder,narrow,P,PrA,1204036002,end_of_pregnancy
ELECTTERM,Elective termination,SCTSPA,1204037006,sepsis posterior a interrupción inducida de embarazo (trastorno),"","",narrow,P,PrA,1204037006,end_of_pregnancy
ELECTTERM,Elective termination,SCTSPA,1220564001,Incomplete induced termination of pregnancy complicated by shock (disorder),C0156485,Incomplete legal termination of pregnancy with shock,narrow,P,PrA,1220564001,end_of_pregnancy
ELECTTERM,Elective termination,SCTSPA,1220586000,Incomplete induced termination of pregnancy complicated by renal failure (disorder),C0156477,Incomplete legal termination of pregnancy with renal failure,narrow,P,PrA,1220586000,end_of_pregnancy
ELECTTERM,Elective termination,SCTSPA,1220625008,Incomplete induced termination of pregnancy complicated by metabolic disorder,C0156481,Incomplete legal termination of pregnancy with metabolic disorder,narrow,P,PrA,1220625008,end_of_pregnancy
ELECTTERM,Elective termination,SCTSPA,1220626009,Incomplete induced termination of pregnancy complicated by genital-pelvic infection (disorder),C0156465,Incomplete legal termination of pregnancy with genital tract or pelvic infection,narrow,P,PrA,1220626009,end_of_pregnancy
ELECTTERM,Elective termination,SCTSPA,1220631006,Incomplete induced termination of pregnancy complicated by delayed or excessive hemorrhage (disorder),C0156469,Incomplete legal termination of pregnancy with delayed or excessive hemorrhage,narrow,P,PrA,1220631006,end_of_pregnancy
ELECTTERM,Elective termination,SCTSPA,1220632004,Incomplete induced termination of pregnancy complicated by damage to pelvic organs or tissues,C0156473,Incomplete legal termination of pregnancy with damage to pelvic organs or tissues,narrow,P,PrA,1220632004,end_of_pregnancy
ELECTTERM,Elective termination,SCTSPA,1220641009,Complete induced termination of pregnancy with complication (disorder),C0156494,Legally induced abortion- with other specified complications- complete,narrow,P,PrA,1220641009,end_of_pregnancy
ELECTTERM,Elective termination,SCTSPA,1220645000,Complete induced termination of pregnancy complicated by shock (disorder),C0156486,Complete legal termination of pregnancy with shock,narrow,P,PrA,1220645000,end_of_pregnancy
ELECTTERM,Elective termination,SCTSPA,1220648003,Complete induced termination of pregnancy complicated by renal failure (disorder),C0156478,Complete legal termination of pregnancy with renal failure,narrow,P,PrA,1220648003,end_of_pregnancy
ELECTTERM,Elective termination,SCTSPA,1220651005,Complete induced termination of pregnancy complicated by metabolic disease (disorder),C0156482,Complete legal termination of pregnancy with metabolic disorder,narrow,P,PrA,1220651005,end_of_pregnancy
ELECTTERM,Elective termination,SCTSPA,1220652003,Complete induced termination of pregnancy complicated by embolism (disorder),C0156490,Complete legal termination of pregnancy with embolism,narrow,P,PrA,1220652003,end_of_pregnancy
ELECTTERM,Elective termination,SCTSPA,1220653008,Complete induced termination of pregnancy complicated by excessive hemorrhage (disorder),C0156470,Complete legal termination of pregnancy with delayed or excessive hemorrhage,narrow,P,PrA,1220653008,end_of_pregnancy
ELECTTERM,Elective termination,SCTSPA,1220656000,Complete induced termination of pregnancy complicated by genital-pelvic infection (disorder),C0156466,Complete legal termination of pregnancy with genital tract or pelvic infection,narrow,P,PrA,1220656000,end_of_pregnancy
ELECTTERM,Elective termination,SCTSPA,1220657009,Complete induced termination of pregnancy complicated by damage to pelvic organs and-or tissues (disorder),C0156474,Complete legal termination of pregnancy with damage to pelvic organs or tissues,narrow,P,PrA,1220657009,end_of_pregnancy
ELECTTERM,Elective termination,SCTSPA,13943000,intento fallido de aborto complicado por embolia,C0156590,Failed attempted termination of pregnancy complicated by embolism,possible,P,PrA,13943000,end_of_pregnancy
ELECTTERM,Elective termination,SCTSPA,149998006,operación para finalización del embarazo- SAI,C0404068,Operative termination of pregnancy,narrow,P,PrA,149998006,end_of_pregnancy
ELECTTERM,Elective termination,SCTSPA,156079001,Abortion NOS,C0156543,Unspecified Abortion,possible,P,PrA,156079001,end_of_pregnancy
ELECTTERM,Elective termination,SCTSPA,156096000,embarazo y aborto- SAI,C0156543,Unspecified Abortion,possible,P,PrA,156096000,end_of_pregnancy
ELECTTERM,Elective termination,SCTSPA,16101000119107,Incomplete induced termination of pregnancy with complication (disorder),C0600042,incomplete legal abortion with complication,narrow,P,PrA,16101000119107,end_of_pregnancy
ELECTTERM,Elective termination,SCTSPA,18302006,aborto terapéutico por histerotomía,C0195643,Hysterotomy and termination of pregnancy,narrow,P,PrA,18302006,end_of_pregnancy
ELECTTERM,Elective termination,SCTSPA,18391007,aborto electivo,C0269439,Elective abortion,narrow,P,PrA,18391007,end_of_pregnancy
ELECTTERM,Elective termination,SCTSPA,184005004,solicita interrupción del embarazo (situación),"","",possible,P,PrA,184005004,end_of_pregnancy
ELECTTERM,Elective termination,SCTSPA,18684002,aborto ilegal complicado por trastorno metabólico,C0269529,Illegal termination of pregnancy complicated by metabolic disorder,narrow,P,PrA,18684002,end_of_pregnancy
ELECTTERM,Elective termination,SCTSPA,198691008,aborto legal no especificado,C1456876,Legal abortion (finding),narrow,P,PrA,198691008,end_of_pregnancy
ELECTTERM,Elective termination,SCTSPA,198692001,aborto legal no especificado con infección pélvica o del aparato genital,C0404925,Unspecified legal abortion with genital tract or pelvic infection,narrow,P,PrA,198692001,end_of_pregnancy
ELECTTERM,Elective termination,SCTSPA,198693006,aborto legal no especificado con hemorragia tardía o excesiva,C0269450,Legally induced abortion- complicated by delayed or excessive hemorrhage- unspecified,narrow,P,PrA,198693006,end_of_pregnancy
ELECTTERM,Elective termination,SCTSPA,198694000,aborto legal no especificado con lesión de órganos o tejidos pélvicos,C0156472,Legal termination of pregnancy complicated by damage to pelvic organ and-or tissues,narrow,P,PrA,198694000,end_of_pregnancy
ELECTTERM,Elective termination,SCTSPA,198695004,aborto legal no especificado con insuficiencia renal,C0269469,Legal termination of pregnancy complicated by renal failure,narrow,P,PrA,198695004,end_of_pregnancy
ELECTTERM,Elective termination,SCTSPA,198696003,aborto legal no especificado con trastorno metabólico,C0269474,Legal termination of pregnancy complicated by metabolic disorder,narrow,P,PrA,198696003,end_of_pregnancy
ELECTTERM,Elective termination,SCTSPA,198697007,aborto legal no especificado con choque,C0269476,Legal termination of pregnancy complicated by shock,narrow,P,PrA,198697007,end_of_pregnancy
ELECTTERM,Elective termination,SCTSPA,198698002,aborto legal no especificado con embolia,C0269479,Legal termination of pregnancy complicated by embolism,narrow,P,PrA,198698002,end_of_pregnancy
ELECTTERM,Elective termination,SCTSPA,198699005,aborto legal no especificado con otra complicación especificada,C0156492,Legally induced abortion- with other specified complications- unspecified,narrow,P,PrA,198699005,end_of_pregnancy
ELECTTERM,Elective termination,SCTSPA,198701005,aborto legal no especificado con complicación- SAI,C0269441,Legal termination of pregnancy with complication,narrow,P,PrA,198701005,end_of_pregnancy
ELECTTERM,Elective termination,SCTSPA,198702003,aborto legal no especificado sin mención de complicación,C0156499,Legally induced abortion- without mention of complication- unspecified,narrow,P,PrA,198702003,end_of_pregnancy
ELECTTERM,Elective termination,SCTSPA,198703008,aborto legal no especificado- SAI,C1456876,Legal abortion (finding),narrow,P,PrA,198703008,end_of_pregnancy
ELECTTERM,Elective termination,SCTSPA,198705001,aborto legal incompleto con infección pélvica o del tracto genital,C0156465,Incomplete legal termination of pregnancy with genital tract or pelvic infection,narrow,P,PrA,198705001,end_of_pregnancy
ELECTTERM,Elective termination,SCTSPA,198706000,aborto legal incompleto con hemorragia tardía o excesiva,C0156469,Incomplete legal termination of pregnancy with delayed or excessive hemorrhage,narrow,P,PrA,198706000,end_of_pregnancy
ELECTTERM,Elective termination,SCTSPA,198707009,aborto legal incompleto con lesión de órganos o tejidos pélvicos,C0156473,Incomplete legal termination of pregnancy with damage to pelvic organs or tissues,narrow,P,PrA,198707009,end_of_pregnancy
ELECTTERM,Elective termination,SCTSPA,198708004,aborto legal incompleto con insuficiencia renal,C0156477,Incomplete legal termination of pregnancy with renal failure,narrow,P,PrA,198708004,end_of_pregnancy
ELECTTERM,Elective termination,SCTSPA,198709007,aborto legal incompleto con trastorno metabólico,C0156481,Incomplete legal termination of pregnancy with metabolic disorder,narrow,P,PrA,198709007,end_of_pregnancy
ELECTTERM,Elective termination,SCTSPA,198710002,aborto legal incompleto con choque,C0156485,Incomplete legal termination of pregnancy with shock,narrow,P,PrA,198710002,end_of_pregnancy
ELECTTERM,Elective termination,SCTSPA,198712005,aborto legal incompleto con otra complicación especificada,C0156493,Legally induced abortion- with other specified complications- incomplete,narrow,P,PrA,198712005,end_of_pregnancy
ELECTTERM,Elective termination,SCTSPA,198714006,aborto legal incompleto con complicación- SAI,C0600042,incomplete legal abortion with complication,narrow,P,PrA,198714006,end_of_pregnancy
ELECTTERM,Elective termination,SCTSPA,198715007,aborto legal incompleto sin mención de complicación,C0600043,Legally induced abortion- without mention of complication- incomplete,narrow,P,PrA,198715007,end_of_pregnancy
ELECTTERM,Elective termination,SCTSPA,198718009,aborto legal completo con infección pélvica o del tracto genital,C0156466,Complete legal termination of pregnancy with genital tract or pelvic infection,narrow,P,PrA,198718009,end_of_pregnancy
ELECTTERM,Elective termination,SCTSPA,198719001,aborto legal completo con hemorragia tardía o excesiva,C0156470,Complete legal termination of pregnancy with delayed or excessive hemorrhage,narrow,P,PrA,198719001,end_of_pregnancy
ELECTTERM,Elective termination,SCTSPA,198720007,aborto legal completo con daño de órganos o tejidos pélvicos,C0156474,Complete legal termination of pregnancy with damage to pelvic organs or tissues,narrow,P,PrA,198720007,end_of_pregnancy
ELECTTERM,Elective termination,SCTSPA,198721006,aborto legal completo con insuficiencia renal,C0156478,Complete legal termination of pregnancy with renal failure,narrow,P,PrA,198721006,end_of_pregnancy
ELECTTERM,Elective termination,SCTSPA,198722004,aborto legal completo con trastorno metabólico,C0156482,Complete legal termination of pregnancy with metabolic disorder,narrow,P,PrA,198722004,end_of_pregnancy
ELECTTERM,Elective termination,SCTSPA,198723009,aborto legal completo con choque,C0156486,Complete legal termination of pregnancy with shock,narrow,P,PrA,198723009,end_of_pregnancy
ELECTTERM,Elective termination,SCTSPA,198724003,aborto legal completo con embolia,C0156490,Complete legal termination of pregnancy with embolism,narrow,P,PrA,198724003,end_of_pregnancy
ELECTTERM,Elective termination,SCTSPA,198725002,aborto legal completo con otra complicación especificada,C0156494,Legally induced abortion- with other specified complications- complete,narrow,P,PrA,198725002,end_of_pregnancy
ELECTTERM,Elective termination,SCTSPA,198726001,aborto legal completo con complicación- SAI,C0156498,Legally induced abortion- with unspecified complication- complete,narrow,P,PrA,198726001,end_of_pregnancy
ELECTTERM,Elective termination,SCTSPA,198726001,aborto legal completo con complicación- SAI,C3697208,Complete legal abortion with complication,narrow,P,PrA,198726001,end_of_pregnancy
ELECTTERM,Elective termination,SCTSPA,198727005,aborto legal completo sin mención de complicación,C1261319,Legally induced abortion- without mention of complication- complete,narrow,P,PrA,198727005,end_of_pregnancy
ELECTTERM,Elective termination,SCTSPA,198729008,aborto inducido por razones legales- SAI,C1456876,Legal abortion (finding),narrow,P,PrA,198729008,end_of_pregnancy
ELECTTERM,Elective termination,SCTSPA,198731004,aborto ilegal- no especificado,C0000804,Abortion- Criminal,narrow,P,PrA,198731004,end_of_pregnancy
ELECTTERM,Elective termination,SCTSPA,198733001,aborto ilegal no especificado con hemorragia tardía o excesiva,C0269505,Illegally induced abortion- complicated by delayed or excessive hemorrhage- unspecified,narrow,P,PrA,198733001,end_of_pregnancy
ELECTTERM,Elective termination,SCTSPA,198734007,aborto ilegal no especificado con lesión de órganos o tejidos pélvicos,C0269509,Illegal termination of pregnancy complicated by damage to pelvic organs and-or tissues,narrow,P,PrA,198734007,end_of_pregnancy
ELECTTERM,Elective termination,SCTSPA,198735008,aborto ilegal no especificado con insuficiencia renal,C0269524,Illegal termination of pregnancy complicated by renal failure,narrow,P,PrA,198735008,end_of_pregnancy
ELECTTERM,Elective termination,SCTSPA,198736009,aborto ilegal no especificado con trastorno metabólico,C0269529,Illegal termination of pregnancy complicated by metabolic disorder,narrow,P,PrA,198736009,end_of_pregnancy
ELECTTERM,Elective termination,SCTSPA,198737000,aborto ilegal no especificado con choque,C0269531,Illegal termination of pregnancy complicated by shock,narrow,P,PrA,198737000,end_of_pregnancy
ELECTTERM,Elective termination,SCTSPA,198738005,aborto ilegal no especificado con embolia,C0269534,Illegal termination of pregnancy complicated by embolism,narrow,P,PrA,198738005,end_of_pregnancy
ELECTTERM,Elective termination,SCTSPA,198739002,aborto ilegal no especificado con otra complicación especificada,C0156532,Illegally induced abortion- with other specified complications- unspecified,narrow,P,PrA,198739002,end_of_pregnancy
ELECTTERM,Elective termination,SCTSPA,198740000,aborto ilegal no especificado con complicación- SAI,C0269496,Illegal termination of pregnancy with complication,narrow,P,PrA,198740000,end_of_pregnancy
ELECTTERM,Elective termination,SCTSPA,198741001,aborto ilegal no especificado sin mención de complicación,C0260335,Illegal termination of pregnancy without complication,narrow,P,PrA,198741001,end_of_pregnancy
ELECTTERM,Elective termination,SCTSPA,198742008,aborto ilegal no especificado- SAI,C0000804,Abortion- Criminal,narrow,P,PrA,198742008,end_of_pregnancy
ELECTTERM,Elective termination,SCTSPA,198751000,aborto ilegal incompleto con otra complicación especificada,C0156533,Illegally induced abortion- with other specified complications- incomplete,narrow,P,PrA,198751000,end_of_pregnancy
ELECTTERM,Elective termination,SCTSPA,198763005,aborto ilegal completo con otra complicación especificada,C0156534,Illegally induced abortion- with other specified complications- complete,narrow,P,PrA,198763005,end_of_pregnancy
ELECTTERM,Elective termination,SCTSPA,198767006,aborto ilegal inducido- SAI,C0000804,Abortion- Criminal,narrow,P,PrA,198767006,end_of_pregnancy
ELECTTERM,Elective termination,SCTSPA,198768001,aborto no especificado,C0156543,Unspecified Abortion,possible,P,PrA,198768001,end_of_pregnancy
ELECTTERM,Elective termination,SCTSPA,198769009,aborto no especificado,C0156543,Unspecified Abortion,possible,P,PrA,198769009,end_of_pregnancy
ELECTTERM,Elective termination,SCTSPA,198780009,aborto no especificado- SAI,C0156543,Unspecified Abortion,possible,P,PrA,198780009,end_of_pregnancy
ELECTTERM,Elective termination,SCTSPA,198805006,aborto no especificado- SAI,C0156543,Unspecified Abortion,possible,P,PrA,198805006,end_of_pregnancy
ELECTTERM,Elective termination,SCTSPA,198806007,intento fallido de aborto con infección pélvica o del tracto genital,"","",possible,P,PrA,198806007,end_of_pregnancy
ELECTTERM,Elective termination,SCTSPA,198807003,intento fallido de aborto con hemorragia tardía o excesiva,"","",possible,P,PrA,198807003,end_of_pregnancy
ELECTTERM,Elective termination,SCTSPA,198808008,intento fallido de aborto con lesión de órganos o tejidos pélvicos,"","",possible,P,PrA,198808008,end_of_pregnancy
ELECTTERM,Elective termination,SCTSPA,198809000,intento fallido de aborto con insuficiencia renal,"","",possible,P,PrA,198809000,end_of_pregnancy
ELECTTERM,Elective termination,SCTSPA,198810005,intento fallido de aborto con trastorno metabólico,"","",possible,P,PrA,198810005,end_of_pregnancy
ELECTTERM,Elective termination,SCTSPA,198811009,intento fallido de aborto con choque,"","",possible,P,PrA,198811009,end_of_pregnancy
ELECTTERM,Elective termination,SCTSPA,198812002,intento fallido de aborto con embolia,"","",possible,P,PrA,198812002,end_of_pregnancy
ELECTTERM,Elective termination,SCTSPA,198814001,intento de aborto frustrado con otra complicación especificada,C0156591,Failed attempted abortion with other specified complications,possible,P,PrA,198814001,end_of_pregnancy
ELECTTERM,Elective termination,SCTSPA,198815000,intento de aborto frustrado con complicación- SAI,C0156592,Failed attempted termination of pregnancy with complication,possible,P,PrA,198815000,end_of_pregnancy
ELECTTERM,Elective termination,SCTSPA,198816004,intento fallido de aborto sin mención de complicación,C0269549,Failed attempted termination of pregnancy without complication,possible,P,PrA,198816004,end_of_pregnancy
ELECTTERM,Elective termination,SCTSPA,198817008,intento de aborto frustrado- SAI,C0392536,Failed attempted abortion,possible,P,PrA,198817008,end_of_pregnancy
ELECTTERM,Elective termination,SCTSPA,198878009,intento fallido de aborto realizado con métodos no quirúrgicos- sin complicación,C0451793,Failed medical termination of pregnancy- without complication,possible,P,PrA,198878009,end_of_pregnancy
ELECTTERM,Elective termination,SCTSPA,198880003,embarazo y aborto- SAI,C0156543,Unspecified Abortion,possible,P,PrA,198880003,end_of_pregnancy
ELECTTERM,Elective termination,SCTSPA,200483009,[X]otro aborto provocado,C0477801,Other abortion,possible,P,PrA,200483009,end_of_pregnancy
ELECTTERM,Elective termination,SCTSPA,200485002,aborto terapéutico fallido- con otras complicaciones y complicaciones no especificadas,C0477802,Failed medical abortion- with other and unspecified complications,possible,P,PrA,200485002,end_of_pregnancy
ELECTTERM,Elective termination,SCTSPA,21280005,aborto legal con choque postoperatorio,C0269477,Legal termination of pregnancy with postoperative shock,narrow,P,PrA,21280005,end_of_pregnancy
ELECTTERM,Elective termination,SCTSPA,237013006,embriotomía,C0013951,Embryotomy,narrow,P,PrA,237013006,end_of_pregnancy
ELECTTERM,Elective termination,SCTSPA,26623000,intento fallido de aborto complicado por hemorragia tardía y-o excesiva,C0156585,Failed attempted termination of pregnancy complicated by delayed and-or excessive hemorrhage,possible,P,PrA,26623000,end_of_pregnancy
ELECTTERM,Elective termination,SCTSPA,267194005,Complete legal abortion (disorder),C1261319,Legally induced abortion- without mention of complication- complete,narrow,P,PrA,267194005,end_of_pregnancy
ELECTTERM,Elective termination,SCTSPA,267195006,nueva admisión por aborto (códigos del NHS),C0404958,Readmission for abortive pregnancy (NHS codes),possible,P,PrA,267195006,end_of_pregnancy
ELECTTERM,Elective termination,SCTSPA,267297005,aborto- SAI,C0156543,Unspecified Abortion,possible,P,PrA,267297005,end_of_pregnancy
ELECTTERM,Elective termination,SCTSPA,26743002,aborto ilegal complicado por embolia,C0269534,Illegal termination of pregnancy complicated by embolism,narrow,P,PrA,26743002,end_of_pregnancy
ELECTTERM,Elective termination,SCTSPA,27169005,aborto legal complicado por choque,C0269476,Legal termination of pregnancy complicated by shock,narrow,P,PrA,27169005,end_of_pregnancy
ELECTTERM,Elective termination,SCTSPA,271954000,intento fallido de aborto realizado con métodos no quirúrgicos,"","",possible,P,PrA,271954000,end_of_pregnancy
ELECTTERM,Elective termination,SCTSPA,275423001,aborto fallido,C0558369,Failed abortion,possible,P,PrA,275423001,end_of_pregnancy
ELECTTERM,Elective termination,SCTSPA,285409006,interrupción del embarazo por medios no quirúrgicos (procedimiento),C1456876,Legal abortion (finding),narrow,P,PrA,285409006,end_of_pregnancy
ELECTTERM,Elective termination,SCTSPA,287955003,operación para finalización del embarazo- SAI,C0404068,Operative termination of pregnancy,narrow,P,PrA,287955003,end_of_pregnancy
ELECTTERM,Elective termination,SCTSPA,288045002,inyección amniótica para la interrupción del embarazo,C0565454,Injection of amnion for termination of pregnancy,narrow,P,PrA,288045002,end_of_pregnancy
ELECTTERM,Elective termination,SCTSPA,29421008,intento fallido de aborto complicado por insuficiencia renal,C0156587,Failed attempted termination of pregnancy complicated by renal failure,possible,P,PrA,29421008,end_of_pregnancy
ELECTTERM,Elective termination,SCTSPA,302375005,interrupción quirúrgica de embarazo,C0404068,Operative termination of pregnancy,possible,P,PrA,302375005,end_of_pregnancy
ELECTTERM,Elective termination,SCTSPA,34500003,aborto legal- sin complicación,C0269440,Legal termination of pregnancy without complication,narrow,P,PrA,34500003,end_of_pregnancy
ELECTTERM,Elective termination,SCTSPA,3634007,aborto legal complicado por trastorno metabólico,C0269474,Legal termination of pregnancy complicated by metabolic disorder,narrow,P,PrA,3634007,end_of_pregnancy
ELECTTERM,Elective termination,SCTSPA,363681007,embarazo con aborto como desenlace,C0156543,Unspecified Abortion,possible,P,PrA,363681007,end_of_pregnancy
ELECTTERM,Elective termination,SCTSPA,386641000,procedimiento de aborto terapéutico,C0269439,Elective abortion,narrow,P,PrA,386641000,end_of_pregnancy
ELECTTERM,Elective termination,SCTSPA,386641000,procedimiento de aborto terapéutico (procedimiento),C1456876,Legal abortion (finding),narrow,P,PrA,386641000,end_of_pregnancy
ELECTTERM,Elective termination,SCTSPA,38784004,aborto ilegal complicado por lesión de órganos Y-O tejidos pélvicos,C0269509,Illegal termination of pregnancy complicated by damage to pelvic organs and-or tissues,narrow,P,PrA,38784004,end_of_pregnancy
ELECTTERM,Elective termination,SCTSPA,391896006,aborto terapéutico mediante legrado por aspiración,C0004050,Aspiration curettage of uterus for termination of pregnancy,narrow,P,PrA,391896006,end_of_pregnancy
ELECTTERM,Elective termination,SCTSPA,39406005,interrupción legal del embarazo,C1456876,Legal abortion (finding),narrow,P,PrA,39406005,end_of_pregnancy
ELECTTERM,Elective termination,SCTSPA,4576001,aborto legal complicado por insuficiencia renal,C0269469,Legal termination of pregnancy complicated by renal failure,narrow,P,PrA,4576001,end_of_pregnancy
ELECTTERM,Elective termination,SCTSPA,46101000119101,asesoramiento sobre interrupción del embarazo realizado (situación),"","",possible,P,PrA,46101000119101,end_of_pregnancy
ELECTTERM,Elective termination,SCTSPA,48433002,aborto legal con complicación,C0269441,Legal termination of pregnancy with complication,narrow,P,PrA,48433002,end_of_pregnancy
ELECTTERM,Elective termination,SCTSPA,49416000,Failed attempted abortion (disorder),C0392536,Failed attempted abortion,narrow,P,PrA,49416000,end_of_pregnancy
ELECTTERM,Elective termination,SCTSPA,49416000,intento fallido de aborto,C0392536,Failed attempted abortion,possible,P,PrA,49416000,end_of_pregnancy
ELECTTERM,Elective termination,SCTSPA,49632008,aborto ilegal,C0000804,Abortion- Criminal,narrow,P,PrA,49632008,end_of_pregnancy
ELECTTERM,Elective termination,SCTSPA,52660002,aborto inducido luego de inyección intramniótica- con histerotomía,C0195644,Induced termination of pregnancy following intra-amniotic injection with hysterotomy,narrow,P,PrA,52660002,end_of_pregnancy
ELECTTERM,Elective termination,SCTSPA,53638009,aborto terapéutico (trastorno),"","",narrow,P,PrA,53638009,end_of_pregnancy
ELECTTERM,Elective termination,SCTSPA,57734001,aborto legal complicado por embolia,C0269479,Legal termination of pregnancy complicated by embolism,narrow,P,PrA,57734001,end_of_pregnancy
ELECTTERM,Elective termination,SCTSPA,57797005,interrupción inducida del embarazo,C1704300,Induced abortion (finding),narrow,P,PrA,57797005,end_of_pregnancy
ELECTTERM,Elective termination,SCTSPA,58071009,aborto legal complicado por hemorragia tardía o excesiva,C0269450,Legally induced abortion- complicated by delayed or excessive hemorrhage- unspecified,narrow,P,PrA,58071009,end_of_pregnancy
ELECTTERM,Elective termination,SCTSPA,5939002,intento fallido de aborto complicado por trastorno metabólico,C0156588,Failed attempted termination of pregnancy complicated by metabolic disorder,possible,P,PrA,5939002,end_of_pregnancy
ELECTTERM,Elective termination,SCTSPA,59859005,aborto legal con laceración de vejiga,C0269455,Legal termination of pregnancy with laceration of bladder,narrow,P,PrA,59859005,end_of_pregnancy
ELECTTERM,Elective termination,SCTSPA,59919008,Failed attempted abortion with complication (disorder),C0156591,Failed attempted abortion with other specified complications,narrow,P,PrA,59919008,end_of_pregnancy
ELECTTERM,Elective termination,SCTSPA,59919008,intento fallido de aborto con complicación,C0156592,Failed attempted termination of pregnancy with complication,possible,P,PrA,59919008,end_of_pregnancy
ELECTTERM,Elective termination,SCTSPA,60330007,aborto terapéutico mediante curetaje por aspiración,C0004050,Aspiration curettage of uterus for termination of pregnancy,narrow,P,PrA,60330007,end_of_pregnancy
ELECTTERM,Elective termination,SCTSPA,609446006,terminación inducida del embarazo con complicación (trastorno),"","",narrow,P,PrA,609446006,end_of_pregnancy
ELECTTERM,Elective termination,SCTSPA,609447002,interrupción inducida del embarazo complicada por daño de órganos y-o tejidos pélvicos (trastorno),C0156472,Legal termination of pregnancy complicated by damage to pelvic organ and-or tissues,narrow,P,PrA,609447002,end_of_pregnancy
ELECTTERM,Elective termination,SCTSPA,609449004,interrupción inducida del embarazo complicada por embolia (trastorno),C0269479,Legal termination of pregnancy complicated by embolism,narrow,P,PrA,609449004,end_of_pregnancy
ELECTTERM,Elective termination,SCTSPA,609450004,interrupción inducida del embarazo complicada por infección genitopélvica (trastorno),C0404925,Unspecified legal abortion with genital tract or pelvic infection,narrow,P,PrA,609450004,end_of_pregnancy
ELECTTERM,Elective termination,SCTSPA,609452007,interrupción inducida del embarazo complicada por insuficiencia renal (trastorno),C0269469,Legal termination of pregnancy complicated by renal failure,narrow,P,PrA,609452007,end_of_pregnancy
ELECTTERM,Elective termination,SCTSPA,609453002,interrupción inducida del embarazo complicada por choque (trastorno),C0269476,Legal termination of pregnancy complicated by shock,narrow,P,PrA,609453002,end_of_pregnancy
ELECTTERM,Elective termination,SCTSPA,609485004,interrupción inducida del embarazo complicada por sepsis (trastorno),"","",narrow,P,PrA,609485004,end_of_pregnancy
ELECTTERM,Elective termination,SCTSPA,61752008,aborto ilegal complicado por choque,C0269531,Illegal termination of pregnancy complicated by shock,narrow,P,PrA,61752008,end_of_pregnancy
ELECTTERM,Elective termination,SCTSPA,67042008,intento fallido de aborto complicado por choque,C0156589,Failed attempted termination of pregnancy complicated by shock,possible,P,PrA,67042008,end_of_pregnancy
ELECTTERM,Elective termination,SCTSPA,69302000,petición de aborto,C0000793,Abortion on Demand,possible,P,PrA,69302000,end_of_pregnancy
ELECTTERM,Elective termination,SCTSPA,698636009,aborto legal completo con complicación,C3697208,Complete legal abortion with complication,narrow,P,PrA,698636009,end_of_pregnancy
ELECTTERM,Elective termination,SCTSPA,70186003,embriotomía,C0013951,Embryotomy,narrow,P,PrA,70186003,end_of_pregnancy
ELECTTERM,Elective termination,SCTSPA,70317007,aborto,C0156543,Unspecified Abortion,possible,P,PrA,70317007,end_of_pregnancy
ELECTTERM,Elective termination,SCTSPA,707207004,Incomplete induced termination of pregnancy (disorder),C0600042,incomplete legal abortion with complication,narrow,P,PrA,707207004,end_of_pregnancy
ELECTTERM,Elective termination,SCTSPA,707207004,Incomplete induced termination of pregnancy (disorder),C0600043,Legally induced abortion- without mention of complication- incomplete,narrow,P,PrA,707207004,end_of_pregnancy
ELECTTERM,Elective termination,SCTSPA,707207004,interrupción inducida del embarazo incompleta (trastorno),"","",narrow,P,PrA,707207004,end_of_pregnancy
ELECTTERM,Elective termination,SCTSPA,714812005,terminación del embarazo- inducida,C4049831,Induced termination of pregnancy,narrow,P,PrA,714812005,end_of_pregnancy
ELECTTERM,Elective termination,SCTSPA,74978008,aborto ilegal con complicación,C0269496,Illegal termination of pregnancy with complication,narrow,P,PrA,74978008,end_of_pregnancy
ELECTTERM,Elective termination,SCTSPA,7802000,aborto ilegal sin complicación,C0260335,Illegal termination of pregnancy without complication,narrow,P,PrA,7802000,end_of_pregnancy
ELECTTERM,Elective termination,SCTSPA,7822001,intento fallido de aborto complicado por lesión de tejidos Y-U órganos pélvicos,C0269561,Failed attempted termination of pregnancy complicated by damage to pelvic organ and-or tissues,possible,P,PrA,7822001,end_of_pregnancy
ELECTTERM,Elective termination,SCTSPA,785867009,hemorragia excesiva debida a interrupción inducida de embarazo y posterior a ella (trastorno),C0269450,Legally induced abortion- complicated by delayed or excessive hemorrhage- unspecified,narrow,P,PrA,785867009,end_of_pregnancy
ELECTTERM,Elective termination,SCTSPA,86891002,aborto ilegal complicado por hemorragia tardía o excesiva,C0269505,Illegally induced abortion- complicated by delayed or excessive hemorrhage- unspecified,narrow,P,PrA,86891002,end_of_pregnancy
ELECTTERM,Elective termination,SCTSPA,8996006,aborto ilegal complicado por insuficiencia renal,C0269524,Illegal termination of pregnancy complicated by renal failure,narrow,P,PrA,8996006,end_of_pregnancy
ELECTTERM,Elective termination,SCTSPA,90645002,Failed attempted abortion without complication (disorder),C0269549,Failed attempted termination of pregnancy without complication,narrow,P,PrA,90645002,end_of_pregnancy
ELECTTERM,Elective termination,SCTSPA,90645002,intento fallido de aborto sin complicación,C0269549,Failed attempted termination of pregnancy without complication,possible,P,PrA,90645002,end_of_pregnancy
ELECTTERM,Elective termination,SNM,F31600,Abortion,C0156543,Unspecified Abortion,possible,P,PrA,F31600,end_of_pregnancy
ELECTTERM,Elective termination,SNM,F31670,Abortion- nontherapeutic,C0269439,Elective abortion,narrow,P,PrA,F31670,end_of_pregnancy
ELECTTERM,Elective termination,SNM,F31690,Abortion- criminal,C0000804,Abortion- Criminal,narrow,P,PrA,F31690,end_of_pregnancy
ELECTTERM,Elective termination,SNM,F31720,Abortion- failed attempt,C0392536,Failed attempted abortion,possible,P,PrA,F31720,end_of_pregnancy
ELECTTERM,Elective termination,SNM,F31740,Abortion- on demand,C0000793,Abortion on Demand,possible,P,PrA,F31740,end_of_pregnancy
ELECTTERM,Elective termination,SNM,P1500,Embryotomy,C0013951,Embryotomy,narrow,P,PrA,P1500,end_of_pregnancy
ELECTTERM,Elective termination,SNM,P1755,Abortion- induced,C1704300,Induced abortion (finding),narrow,P,PrA,P1755,end_of_pregnancy
ELECTTERM,Elective termination,SNM,U000205,Abortion,C0156543,Unspecified Abortion,possible,P,PrA,U000205,end_of_pregnancy
ELECTTERM,Elective termination,SNOMEDCT_US,10455003,Removal of ectopic cervical pregnancy by evacuation,C0195635,Removal of ectopic cervical pregnancy by evacuation,narrow,P,PrA,10455003,end_of_pregnancy
ELECTTERM,Elective termination,SNOMEDCT_US,111431001,Legal termination of pregnancy complicated by damage to pelvic organ and-or tissues,C0156472,Legal termination of pregnancy complicated by damage to pelvic organ and-or tissues,narrow,P,PrA,111431001,end_of_pregnancy
ELECTTERM,Elective termination,SNOMEDCT_US,111432008,Legal termination of pregnancy with air embolism,C0269480,Legal termination of pregnancy with air embolism,narrow,P,PrA,111432008,end_of_pregnancy
ELECTTERM,Elective termination,SNOMEDCT_US,1204036002,Disorder following induced termination of pregnancy (disorder),"","",narrow,P,PrA,1204036002,end_of_pregnancy
ELECTTERM,Elective termination,SNOMEDCT_US,1204036002,Disorder following induced termination of pregnancy (disorder),C0269474,Legal termination of pregnancy complicated by metabolic disorder,narrow,P,PrA,1204036002,end_of_pregnancy
ELECTTERM,Elective termination,SNOMEDCT_US,1204037006,Sepsis following induced termination of pregnancy (disorder),"","",narrow,P,PrA,1204037006,end_of_pregnancy
ELECTTERM,Elective termination,SNOMEDCT_US,1220564001,Incomplete induced termination of pregnancy complicated by shock (disorder),C0156485,Incomplete legal termination of pregnancy with shock,narrow,P,PrA,1220564001,end_of_pregnancy
ELECTTERM,Elective termination,SNOMEDCT_US,1220586000,Incomplete induced termination of pregnancy complicated by renal failure (disorder),C0156477,Incomplete legal termination of pregnancy with renal failure,narrow,P,PrA,1220586000,end_of_pregnancy
ELECTTERM,Elective termination,SNOMEDCT_US,1220625008,Incomplete induced termination of pregnancy complicated by metabolic disorder,C0156481,Incomplete legal termination of pregnancy with metabolic disorder,narrow,P,PrA,1220625008,end_of_pregnancy
ELECTTERM,Elective termination,SNOMEDCT_US,1220626009,Incomplete induced termination of pregnancy complicated by genital-pelvic infection (disorder),C0156465,Incomplete legal termination of pregnancy with genital tract or pelvic infection,narrow,P,PrA,1220626009,end_of_pregnancy
ELECTTERM,Elective termination,SNOMEDCT_US,1220631006,Incomplete induced termination of pregnancy complicated by delayed or excessive hemorrhage (disorder),C0156469,Incomplete legal termination of pregnancy with delayed or excessive hemorrhage,narrow,P,PrA,1220631006,end_of_pregnancy
ELECTTERM,Elective termination,SNOMEDCT_US,1220632004,Incomplete induced termination of pregnancy complicated by damage to pelvic organs or tissues,C0156473,Incomplete legal termination of pregnancy with damage to pelvic organs or tissues,narrow,P,PrA,1220632004,end_of_pregnancy
ELECTTERM,Elective termination,SNOMEDCT_US,1220641009,Complete induced termination of pregnancy with complication (disorder),C0156494,Legally induced abortion- with other specified complications- complete,narrow,P,PrA,1220641009,end_of_pregnancy
ELECTTERM,Elective termination,SNOMEDCT_US,1220645000,Complete induced termination of pregnancy complicated by shock (disorder),C0156486,Complete legal termination of pregnancy with shock,narrow,P,PrA,1220645000,end_of_pregnancy
ELECTTERM,Elective termination,SNOMEDCT_US,1220648003,Complete induced termination of pregnancy complicated by renal failure (disorder),C0156478,Complete legal termination of pregnancy with renal failure,narrow,P,PrA,1220648003,end_of_pregnancy
ELECTTERM,Elective termination,SNOMEDCT_US,1220651005,Complete induced termination of pregnancy complicated by metabolic disease (disorder),C0156482,Complete legal termination of pregnancy with metabolic disorder,narrow,P,PrA,1220651005,end_of_pregnancy
ELECTTERM,Elective termination,SNOMEDCT_US,1220652003,Complete induced termination of pregnancy complicated by embolism (disorder),C0156490,Complete legal termination of pregnancy with embolism,narrow,P,PrA,1220652003,end_of_pregnancy
ELECTTERM,Elective termination,SNOMEDCT_US,1220653008,Complete induced termination of pregnancy complicated by excessive hemorrhage (disorder),C0156470,Complete legal termination of pregnancy with delayed or excessive hemorrhage,narrow,P,PrA,1220653008,end_of_pregnancy
ELECTTERM,Elective termination,SNOMEDCT_US,1220656000,Complete induced termination of pregnancy complicated by genital-pelvic infection (disorder),C0156466,Complete legal termination of pregnancy with genital tract or pelvic infection,narrow,P,PrA,1220656000,end_of_pregnancy
ELECTTERM,Elective termination,SNOMEDCT_US,1220657009,Complete induced termination of pregnancy complicated by damage to pelvic organs and-or tissues (disorder),C0156474,Complete legal termination of pregnancy with damage to pelvic organs or tissues,narrow,P,PrA,1220657009,end_of_pregnancy
ELECTTERM,Elective termination,SNOMEDCT_US,13943000,Failed attempted termination of pregnancy complicated by embolism,C0156590,Failed attempted termination of pregnancy complicated by embolism,narrow,P,PrA,13943000,end_of_pregnancy
ELECTTERM,Elective termination,SNOMEDCT_US,149995009,Operative termination of pregnancy,C0404068,Operative termination of pregnancy,narrow,P,PrA,149995009,end_of_pregnancy
ELECTTERM,Elective termination,SNOMEDCT_US,149997001,Suction termination of pregnancy,C0004050,Aspiration curettage of uterus for termination of pregnancy,narrow,P,PrA,149997001,end_of_pregnancy
ELECTTERM,Elective termination,SNOMEDCT_US,149998006,Termination of pregnancy operation NOS,C0404068,Operative termination of pregnancy,narrow,P,PrA,149998006,end_of_pregnancy
ELECTTERM,Elective termination,SNOMEDCT_US,152229008,Requests pregnancy termination,C0581121,Requests pregnancy termination,possible,P,PrA,152229008,end_of_pregnancy
ELECTTERM,Elective termination,SNOMEDCT_US,156070002,Pregnancy with abortive outcome,C0156543,Unspecified Abortion,possible,P,PrA,156070002,end_of_pregnancy
ELECTTERM,Elective termination,SNOMEDCT_US,156075007,Induced abortion,C1704300,Induced abortion (finding),narrow,P,PrA,156075007,end_of_pregnancy
ELECTTERM,Elective termination,SNOMEDCT_US,156077004,Illegally induced abortion,C0000804,Abortion- Criminal,narrow,P,PrA,156077004,end_of_pregnancy
ELECTTERM,Elective termination,SNOMEDCT_US,156078009,Failed attempted abortion,C0392536,Failed attempted abortion,narrow,P,PrA,156078009,end_of_pregnancy
ELECTTERM,Elective termination,SNOMEDCT_US,156079001,Abortion NOS,C0156543,Unspecified Abortion,possible,P,PrA,156079001,end_of_pregnancy
ELECTTERM,Elective termination,SNOMEDCT_US,156096000,Pregnancy with abortive outcome NOS,C0156543,Unspecified Abortion,possible,P,PrA,156096000,end_of_pregnancy
ELECTTERM,Elective termination,SNOMEDCT_US,16101000119107,Incomplete induced termination of pregnancy with complication (disorder),C0600042,incomplete legal abortion with complication,narrow,P,PrA,16101000119107,end_of_pregnancy
ELECTTERM,Elective termination,SNOMEDCT_US,18302006,Hysterotomy and termination of pregnancy,C0195643,Hysterotomy and termination of pregnancy,narrow,P,PrA,18302006,end_of_pregnancy
ELECTTERM,Elective termination,SNOMEDCT_US,18391007,Elective termination of pregnancy,C0269439,Elective abortion,narrow,P,PrA,18391007,end_of_pregnancy
ELECTTERM,Elective termination,SNOMEDCT_US,184005004,Requests pregnancy termination,C0581121,Requests pregnancy termination,possible,P,PrA,184005004,end_of_pregnancy
ELECTTERM,Elective termination,SNOMEDCT_US,18684002,Illegal termination of pregnancy complicated by metabolic disorder,C0269529,Illegal termination of pregnancy complicated by metabolic disorder,narrow,P,PrA,18684002,end_of_pregnancy
ELECTTERM,Elective termination,SNOMEDCT_US,198690009,Elective abortion,C0269439,Elective abortion,narrow,P,PrA,198690009,end_of_pregnancy
ELECTTERM,Elective termination,SNOMEDCT_US,198691008,Legal abortion unspecified,C1456876,Legal abortion (finding),narrow,P,PrA,198691008,end_of_pregnancy
ELECTTERM,Elective termination,SNOMEDCT_US,198692001,Unspecified legal abortion with genital tract or pelvic infection,C0404925,Unspecified legal abortion with genital tract or pelvic infection,narrow,P,PrA,198692001,end_of_pregnancy
ELECTTERM,Elective termination,SNOMEDCT_US,198693006,Unspecified legal abortion with delayed or excessive haemorrhage,C0269450,Legally induced abortion- complicated by delayed or excessive hemorrhage- unspecified,narrow,P,PrA,198693006,end_of_pregnancy
ELECTTERM,Elective termination,SNOMEDCT_US,198694000,Unspecified legal abortion with damage to pelvic organs or tissues,C0156472,Legal termination of pregnancy complicated by damage to pelvic organ and-or tissues,narrow,P,PrA,198694000,end_of_pregnancy
ELECTTERM,Elective termination,SNOMEDCT_US,198695004,Unspecified legal abortion with renal failure,C0269469,Legal termination of pregnancy complicated by renal failure,narrow,P,PrA,198695004,end_of_pregnancy
ELECTTERM,Elective termination,SNOMEDCT_US,198696003,Unspecified legal abortion with metabolic disorder,C0269474,Legal termination of pregnancy complicated by metabolic disorder,narrow,P,PrA,198696003,end_of_pregnancy
ELECTTERM,Elective termination,SNOMEDCT_US,198697007,Unspecified legal abortion with shock,C0269476,Legal termination of pregnancy complicated by shock,narrow,P,PrA,198697007,end_of_pregnancy
ELECTTERM,Elective termination,SNOMEDCT_US,198698002,Unspecified legal abortion with embolism,C0269479,Legal termination of pregnancy complicated by embolism,narrow,P,PrA,198698002,end_of_pregnancy
ELECTTERM,Elective termination,SNOMEDCT_US,198699005,Unspecified legal abortion with other specified complication,C0156492,Legally induced abortion- with other specified complications- unspecified,narrow,P,PrA,198699005,end_of_pregnancy
ELECTTERM,Elective termination,SNOMEDCT_US,198701005,Unspecified legal abortion with complication NOS,C0269441,Legal termination of pregnancy with complication,narrow,P,PrA,198701005,end_of_pregnancy
ELECTTERM,Elective termination,SNOMEDCT_US,198702003,Unspecified legal abortion with no mention of complication,C0156499,Legally induced abortion- without mention of complication- unspecified,narrow,P,PrA,198702003,end_of_pregnancy
ELECTTERM,Elective termination,SNOMEDCT_US,198703008,Unspecified legal abortion NOS,C1456876,Legal abortion (finding),narrow,P,PrA,198703008,end_of_pregnancy
ELECTTERM,Elective termination,SNOMEDCT_US,198705001,Incomplete legal termination of pregnancy with genital tract or pelvic infection,C0156465,Incomplete legal termination of pregnancy with genital tract or pelvic infection,narrow,P,PrA,198705001,end_of_pregnancy
ELECTTERM,Elective termination,SNOMEDCT_US,198706000,Incomplete legal termination of pregnancy with delayed or excessive hemorrhage,C0156469,Incomplete legal termination of pregnancy with delayed or excessive hemorrhage,narrow,P,PrA,198706000,end_of_pregnancy
ELECTTERM,Elective termination,SNOMEDCT_US,198707009,Incomplete legal termination of pregnancy with damage to pelvic organs or tissues,C0156473,Incomplete legal termination of pregnancy with damage to pelvic organs or tissues,narrow,P,PrA,198707009,end_of_pregnancy
ELECTTERM,Elective termination,SNOMEDCT_US,198708004,Incomplete legal termination of pregnancy with renal failure,C0156477,Incomplete legal termination of pregnancy with renal failure,narrow,P,PrA,198708004,end_of_pregnancy
ELECTTERM,Elective termination,SNOMEDCT_US,198709007,Incomplete legal termination of pregnancy with metabolic disorder,C0156481,Incomplete legal termination of pregnancy with metabolic disorder,narrow,P,PrA,198709007,end_of_pregnancy
ELECTTERM,Elective termination,SNOMEDCT_US,198710002,Incomplete legal termination of pregnancy with shock,C0156485,Incomplete legal termination of pregnancy with shock,narrow,P,PrA,198710002,end_of_pregnancy
ELECTTERM,Elective termination,SNOMEDCT_US,198712005,Incomplete legal abortion with other specified complication,C0156493,Legally induced abortion- with other specified complications- incomplete,narrow,P,PrA,198712005,end_of_pregnancy
ELECTTERM,Elective termination,SNOMEDCT_US,198714006,Incomplete legal abortion with complication NOS,C0600042,incomplete legal abortion with complication,narrow,P,PrA,198714006,end_of_pregnancy
ELECTTERM,Elective termination,SNOMEDCT_US,198715007,Incomplete legal abortion with no mention of complication,C0600043,Legally induced abortion- without mention of complication- incomplete,narrow,P,PrA,198715007,end_of_pregnancy
ELECTTERM,Elective termination,SNOMEDCT_US,198718009,Complete legal termination of pregnancy with genital tract or pelvic infection,C0156466,Complete legal termination of pregnancy with genital tract or pelvic infection,narrow,P,PrA,198718009,end_of_pregnancy
ELECTTERM,Elective termination,SNOMEDCT_US,198719001,Complete legal termination of pregnancy with delayed or excessive hemorrhage,C0156470,Complete legal termination of pregnancy with delayed or excessive hemorrhage,narrow,P,PrA,198719001,end_of_pregnancy
ELECTTERM,Elective termination,SNOMEDCT_US,198720007,Complete legal termination of pregnancy with damage to pelvic organs or tissues,C0156474,Complete legal termination of pregnancy with damage to pelvic organs or tissues,narrow,P,PrA,198720007,end_of_pregnancy
ELECTTERM,Elective termination,SNOMEDCT_US,198721006,Complete legal termination of pregnancy with renal failure,C0156478,Complete legal termination of pregnancy with renal failure,narrow,P,PrA,198721006,end_of_pregnancy
ELECTTERM,Elective termination,SNOMEDCT_US,198722004,Complete legal termination of pregnancy with metabolic disorder,C0156482,Complete legal termination of pregnancy with metabolic disorder,narrow,P,PrA,198722004,end_of_pregnancy
ELECTTERM,Elective termination,SNOMEDCT_US,198723009,Complete legal termination of pregnancy with shock,C0156486,Complete legal termination of pregnancy with shock,narrow,P,PrA,198723009,end_of_pregnancy
ELECTTERM,Elective termination,SNOMEDCT_US,198724003,Complete legal termination of pregnancy with embolism,C0156490,Complete legal termination of pregnancy with embolism,narrow,P,PrA,198724003,end_of_pregnancy
ELECTTERM,Elective termination,SNOMEDCT_US,198725002,Complete legal abortion with other specified complication,C0156494,Legally induced abortion- with other specified complications- complete,narrow,P,PrA,198725002,end_of_pregnancy
ELECTTERM,Elective termination,SNOMEDCT_US,198726001,Complete legal abortion with complication NOS,C0156498,Legally induced abortion- with unspecified complication- complete,narrow,P,PrA,198726001,end_of_pregnancy
ELECTTERM,Elective termination,SNOMEDCT_US,198726001,Complete legal abortion with complication NOS,C3697208,Complete legal abortion with complication,narrow,P,PrA,198726001,end_of_pregnancy
ELECTTERM,Elective termination,SNOMEDCT_US,198727005,Complete legal abortion with no mention of complication,C1261319,Legally induced abortion- without mention of complication- complete,narrow,P,PrA,198727005,end_of_pregnancy
ELECTTERM,Elective termination,SNOMEDCT_US,198729008,Legally induced abortion NOS,C1456876,Legal abortion (finding),narrow,P,PrA,198729008,end_of_pregnancy
ELECTTERM,Elective termination,SNOMEDCT_US,198730003,Criminal abortion,C0000804,Abortion- Criminal,narrow,P,PrA,198730003,end_of_pregnancy
ELECTTERM,Elective termination,SNOMEDCT_US,198731004,Illegal abortion unspecified,C0000804,Abortion- Criminal,narrow,P,PrA,198731004,end_of_pregnancy
ELECTTERM,Elective termination,SNOMEDCT_US,198733001,Unspecified illegal abortion with delayed or excessive haemorrhage,C0269505,Illegally induced abortion- complicated by delayed or excessive hemorrhage- unspecified,narrow,P,PrA,198733001,end_of_pregnancy
ELECTTERM,Elective termination,SNOMEDCT_US,198734007,Unspecified illegal abortion with damage to pelvic organs or tissues,C0269509,Illegal termination of pregnancy complicated by damage to pelvic organs and-or tissues,narrow,P,PrA,198734007,end_of_pregnancy
ELECTTERM,Elective termination,SNOMEDCT_US,198735008,Unspecified illegal abortion with renal failure,C0269524,Illegal termination of pregnancy complicated by renal failure,narrow,P,PrA,198735008,end_of_pregnancy
ELECTTERM,Elective termination,SNOMEDCT_US,198736009,Unspecified illegal abortion with metabolic disorder,C0269529,Illegal termination of pregnancy complicated by metabolic disorder,narrow,P,PrA,198736009,end_of_pregnancy
ELECTTERM,Elective termination,SNOMEDCT_US,198737000,Unspecified illegal abortion with shock,C0269531,Illegal termination of pregnancy complicated by shock,narrow,P,PrA,198737000,end_of_pregnancy
ELECTTERM,Elective termination,SNOMEDCT_US,198738005,Unspecified illegal abortion with embolism,C0269534,Illegal termination of pregnancy complicated by embolism,narrow,P,PrA,198738005,end_of_pregnancy
ELECTTERM,Elective termination,SNOMEDCT_US,198739002,Unspecified illegal abortion with other specified complication,C0156532,Illegally induced abortion- with other specified complications- unspecified,narrow,P,PrA,198739002,end_of_pregnancy
ELECTTERM,Elective termination,SNOMEDCT_US,198740000,Unspecified illegal abortion with complication NOS,C0269496,Illegal termination of pregnancy with complication,narrow,P,PrA,198740000,end_of_pregnancy
ELECTTERM,Elective termination,SNOMEDCT_US,198741001,Unspecified illegal abortion with no mention of complication,C0260335,Illegal termination of pregnancy without complication,narrow,P,PrA,198741001,end_of_pregnancy
ELECTTERM,Elective termination,SNOMEDCT_US,198742008,Unspecified illegal abortion NOS,C0000804,Abortion- Criminal,narrow,P,PrA,198742008,end_of_pregnancy
ELECTTERM,Elective termination,SNOMEDCT_US,198751000,Incomplete illegal abortion with other specified complication,C0156533,Illegally induced abortion- with other specified complications- incomplete,narrow,P,PrA,198751000,end_of_pregnancy
ELECTTERM,Elective termination,SNOMEDCT_US,198763005,Complete illegal abortion with other specified complication,C0156534,Illegally induced abortion- with other specified complications- complete,narrow,P,PrA,198763005,end_of_pregnancy
ELECTTERM,Elective termination,SNOMEDCT_US,198767006,Illegally induced abortion NOS,C0000804,Abortion- Criminal,narrow,P,PrA,198767006,end_of_pregnancy
ELECTTERM,Elective termination,SNOMEDCT_US,198768001,Unspecified abortion,C0156543,Unspecified Abortion,possible,P,PrA,198768001,end_of_pregnancy
ELECTTERM,Elective termination,SNOMEDCT_US,198769009,Unspecified abortion,C0156543,Unspecified Abortion,possible,P,PrA,198769009,end_of_pregnancy
ELECTTERM,Elective termination,SNOMEDCT_US,198780009,Unspecified abortion NOS,C0156543,Unspecified Abortion,possible,P,PrA,198780009,end_of_pregnancy
ELECTTERM,Elective termination,SNOMEDCT_US,198805006,Unspecified abortion NOS,C0156543,Unspecified Abortion,possible,P,PrA,198805006,end_of_pregnancy
ELECTTERM,Elective termination,SNOMEDCT_US,198806007,Failed attempted abortion with genital tract or pelvic infection,"","",narrow,P,PrA,198806007,end_of_pregnancy
ELECTTERM,Elective termination,SNOMEDCT_US,198807003,Failed attempted abortion with delayed or excessive hemorrhage,"","",narrow,P,PrA,198807003,end_of_pregnancy
ELECTTERM,Elective termination,SNOMEDCT_US,198808008,Failed attempted abortion with damage to pelvic organs or tissues,"","",narrow,P,PrA,198808008,end_of_pregnancy
ELECTTERM,Elective termination,SNOMEDCT_US,198809000,Failed attempted abortion with renal failure,"","",narrow,P,PrA,198809000,end_of_pregnancy
ELECTTERM,Elective termination,SNOMEDCT_US,198810005,Failed attempted abortion with metabolic disorder,"","",narrow,P,PrA,198810005,end_of_pregnancy
ELECTTERM,Elective termination,SNOMEDCT_US,198811009,Failed attempted abortion with shock,"","",narrow,P,PrA,198811009,end_of_pregnancy
ELECTTERM,Elective termination,SNOMEDCT_US,198812002,Failed attempted abortion with embolism,"","",narrow,P,PrA,198812002,end_of_pregnancy
ELECTTERM,Elective termination,SNOMEDCT_US,198814001,Failed attempted abortion with other specified complication,C0156591,Failed attempted abortion with other specified complications,narrow,P,PrA,198814001,end_of_pregnancy
ELECTTERM,Elective termination,SNOMEDCT_US,198815000,Failed attempted abortion with complication NOS,C0156592,Failed attempted termination of pregnancy with complication,narrow,P,PrA,198815000,end_of_pregnancy
ELECTTERM,Elective termination,SNOMEDCT_US,198816004,Failed attempted abortion with no mention of complication,C0269549,Failed attempted termination of pregnancy without complication,narrow,P,PrA,198816004,end_of_pregnancy
ELECTTERM,Elective termination,SNOMEDCT_US,198817008,Failed attempted abortion NOS,C0392536,Failed attempted abortion,narrow,P,PrA,198817008,end_of_pregnancy
ELECTTERM,Elective termination,SNOMEDCT_US,198860004,Readmission for abortive pregnancy (NHS codes),C0404958,Readmission for abortive pregnancy (NHS codes),possible,P,PrA,198860004,end_of_pregnancy
ELECTTERM,Elective termination,SNOMEDCT_US,198873000,Failed attempted abortion,C0392536,Failed attempted abortion,narrow,P,PrA,198873000,end_of_pregnancy
ELECTTERM,Elective termination,SNOMEDCT_US,198878009,Failed medical termination of pregnancy- without complication,C0451793,Failed medical termination of pregnancy- without complication,possible,P,PrA,198878009,end_of_pregnancy
ELECTTERM,Elective termination,SNOMEDCT_US,198880003,Pregnancy with abortive outcome NOS,C0156543,Unspecified Abortion,possible,P,PrA,198880003,end_of_pregnancy
ELECTTERM,Elective termination,SNOMEDCT_US,200480007,Pregnancy with abortive outcome,C0156543,Unspecified Abortion,possible,P,PrA,200480007,end_of_pregnancy
ELECTTERM,Elective termination,SNOMEDCT_US,200483009,[X]Other abortion,C0477801,Other abortion,possible,P,PrA,200483009,end_of_pregnancy
ELECTTERM,Elective termination,SNOMEDCT_US,200485002,[X]Failed medical abortion- with other and unspecified complications,C0477802,Failed medical abortion- with other and unspecified complications,possible,P,PrA,200485002,end_of_pregnancy
ELECTTERM,Elective termination,SNOMEDCT_US,21280005,Legal termination of pregnancy with postoperative shock,C0269477,Legal termination of pregnancy with postoperative shock,narrow,P,PrA,21280005,end_of_pregnancy
ELECTTERM,Elective termination,SNOMEDCT_US,237013006,Embryotomy,C0013951,Embryotomy,narrow,P,PrA,237013006,end_of_pregnancy
ELECTTERM,Elective termination,SNOMEDCT_US,26623000,Failed attempted termination of pregnancy complicated by delayed and-or excessive hemorrhage,C0156585,Failed attempted termination of pregnancy complicated by delayed and-or excessive hemorrhage,narrow,P,PrA,26623000,end_of_pregnancy
ELECTTERM,Elective termination,SNOMEDCT_US,267192009,Legal abortion,C1456876,Legal abortion (finding),narrow,P,PrA,267192009,end_of_pregnancy
ELECTTERM,Elective termination,SNOMEDCT_US,267194005,Complete legal abortion (disorder),C1261319,Legally induced abortion- without mention of complication- complete,narrow,P,PrA,267194005,end_of_pregnancy
ELECTTERM,Elective termination,SNOMEDCT_US,267195006,Readmission for abortive pregnancy National Health Service codes,C0404958,Readmission for abortive pregnancy (NHS codes),possible,P,PrA,267195006,end_of_pregnancy
ELECTTERM,Elective termination,SNOMEDCT_US,267295002,Induced abortion,C1704300,Induced abortion (finding),narrow,P,PrA,267295002,end_of_pregnancy
ELECTTERM,Elective termination,SNOMEDCT_US,267297005,Abortion NOS,C0156543,Unspecified Abortion,possible,P,PrA,267297005,end_of_pregnancy
ELECTTERM,Elective termination,SNOMEDCT_US,26743002,Illegal termination of pregnancy complicated by embolism,C0269534,Illegal termination of pregnancy complicated by embolism,narrow,P,PrA,26743002,end_of_pregnancy
ELECTTERM,Elective termination,SNOMEDCT_US,27169005,Legal termination of pregnancy complicated by shock,C0269476,Legal termination of pregnancy complicated by shock,narrow,P,PrA,27169005,end_of_pregnancy
ELECTTERM,Elective termination,SNOMEDCT_US,271954000,Failed attempted medical abortion,"","",narrow,P,PrA,271954000,end_of_pregnancy
ELECTTERM,Elective termination,SNOMEDCT_US,275423001,Failed abortion,C0558369,Failed abortion,possible,P,PrA,275423001,end_of_pregnancy
ELECTTERM,Elective termination,SNOMEDCT_US,285409006,Medical termination of pregnancy (procedure),C1456876,Legal abortion (finding),narrow,P,PrA,285409006,end_of_pregnancy
ELECTTERM,Elective termination,SNOMEDCT_US,287955003,Termination of pregnancy operation NOS,C0404068,Operative termination of pregnancy,narrow,P,PrA,287955003,end_of_pregnancy
ELECTTERM,Elective termination,SNOMEDCT_US,288045002,Injection of amnion for termination of pregnancy,C0565454,Injection of amnion for termination of pregnancy,narrow,P,PrA,288045002,end_of_pregnancy
ELECTTERM,Elective termination,SNOMEDCT_US,29421008,Failed attempted termination of pregnancy complicated by renal failure,C0156587,Failed attempted termination of pregnancy complicated by renal failure,narrow,P,PrA,29421008,end_of_pregnancy
ELECTTERM,Elective termination,SNOMEDCT_US,302375005,Operative termination of pregnancy,C0404068,Operative termination of pregnancy,narrow,P,PrA,302375005,end_of_pregnancy
ELECTTERM,Elective termination,SNOMEDCT_US,34500003,Legal termination of pregnancy without complication,C0269440,Legal termination of pregnancy without complication,narrow,P,PrA,34500003,end_of_pregnancy
ELECTTERM,Elective termination,SNOMEDCT_US,3634007,Legal termination of pregnancy complicated by metabolic disorder,C0269474,Legal termination of pregnancy complicated by metabolic disorder,narrow,P,PrA,3634007,end_of_pregnancy
ELECTTERM,Elective termination,SNOMEDCT_US,363681007,Pregnancy with abortive outcome,C0156543,Unspecified Abortion,possible,P,PrA,363681007,end_of_pregnancy
ELECTTERM,Elective termination,SNOMEDCT_US,386639001,Abortion,C0156543,Unspecified Abortion,possible,P,PrA,386639001,end_of_pregnancy
ELECTTERM,Elective termination,SNOMEDCT_US,386641000,Therapeutic abortion (procedure),C1456876,Legal abortion (finding),narrow,P,PrA,386641000,end_of_pregnancy
ELECTTERM,Elective termination,SNOMEDCT_US,386641000,Therapeutic abortion procedure,C0269439,Elective abortion,narrow,P,PrA,386641000,end_of_pregnancy
ELECTTERM,Elective termination,SNOMEDCT_US,38784004,Illegal termination of pregnancy complicated by damage to pelvic organs and-or tissues,C0269509,Illegal termination of pregnancy complicated by damage to pelvic organs and-or tissues,narrow,P,PrA,38784004,end_of_pregnancy
ELECTTERM,Elective termination,SNOMEDCT_US,391897002,Aspiration curettage of uterus for termination of pregnancy,C0004050,Aspiration curettage of uterus for termination of pregnancy,narrow,P,PrA,391897002,end_of_pregnancy
ELECTTERM,Elective termination,SNOMEDCT_US,39406005,Legal termination of pregnancy,C1456876,Legal abortion (finding),narrow,P,PrA,39406005,end_of_pregnancy
ELECTTERM,Elective termination,SNOMEDCT_US,4576001,Legal termination of pregnancy complicated by renal failure,C0269469,Legal termination of pregnancy complicated by renal failure,narrow,P,PrA,4576001,end_of_pregnancy
ELECTTERM,Elective termination,SNOMEDCT_US,46101000119101,Counseling for termination of pregnancy done,C3839599,Counseling for termination of pregnancy done,possible,P,PrA,46101000119101,end_of_pregnancy
ELECTTERM,Elective termination,SNOMEDCT_US,48433002,Legal termination of pregnancy with complication,C0269441,Legal termination of pregnancy with complication,narrow,P,PrA,48433002,end_of_pregnancy
ELECTTERM,Elective termination,SNOMEDCT_US,49416000,Failed attempted abortion (disorder),C0392536,Failed attempted abortion,narrow,P,PrA,49416000,end_of_pregnancy
ELECTTERM,Elective termination,SNOMEDCT_US,49416000,Failed attempted termination of pregnancy,C0392536,Failed attempted abortion,narrow,P,PrA,49416000,end_of_pregnancy
ELECTTERM,Elective termination,SNOMEDCT_US,49632008,Illegal termination of pregnancy,C0000804,Abortion- Criminal,narrow,P,PrA,49632008,end_of_pregnancy
ELECTTERM,Elective termination,SNOMEDCT_US,52660002,Induced termination of pregnancy following intra-amniotic injection with hysterotomy,C0195644,Induced termination of pregnancy following intra-amniotic injection with hysterotomy,narrow,P,PrA,52660002,end_of_pregnancy
ELECTTERM,Elective termination,SNOMEDCT_US,53638009,Therapeutic termination of pregnancy,C3146284,Therapeutic abortion (finding),narrow,P,PrA,53638009,end_of_pregnancy
ELECTTERM,Elective termination,SNOMEDCT_US,57734001,Legal termination of pregnancy complicated by embolism,C0269479,Legal termination of pregnancy complicated by embolism,narrow,P,PrA,57734001,end_of_pregnancy
ELECTTERM,Elective termination,SNOMEDCT_US,57797005,Termination of pregnancy,C1704300,Induced abortion (finding),narrow,P,PrA,57797005,end_of_pregnancy
ELECTTERM,Elective termination,SNOMEDCT_US,58071009,Legal abortion complicated by delayed AND-OR excessive haemorrhage,C0269450,Legally induced abortion- complicated by delayed or excessive hemorrhage- unspecified,narrow,P,PrA,58071009,end_of_pregnancy
ELECTTERM,Elective termination,SNOMEDCT_US,5939002,Failed attempted termination of pregnancy complicated by metabolic disorder,C0156588,Failed attempted termination of pregnancy complicated by metabolic disorder,narrow,P,PrA,5939002,end_of_pregnancy
ELECTTERM,Elective termination,SNOMEDCT_US,59859005,Legal termination of pregnancy with laceration of bladder,C0269455,Legal termination of pregnancy with laceration of bladder,narrow,P,PrA,59859005,end_of_pregnancy
ELECTTERM,Elective termination,SNOMEDCT_US,59919008,Failed attempted abortion with complication (disorder),C0156591,Failed attempted abortion with other specified complications,narrow,P,PrA,59919008,end_of_pregnancy
ELECTTERM,Elective termination,SNOMEDCT_US,59919008,Failed attempted termination of pregnancy with complication,C0156592,Failed attempted termination of pregnancy with complication,narrow,P,PrA,59919008,end_of_pregnancy
ELECTTERM,Elective termination,SNOMEDCT_US,60330007,Aspiration curettage of uterus for termination of pregnancy,C0004050,Aspiration curettage of uterus for termination of pregnancy,narrow,P,PrA,60330007,end_of_pregnancy
ELECTTERM,Elective termination,SNOMEDCT_US,609446006,Termination of pregnancy with complication,C3662201,Termination of pregnancy with complication,narrow,P,PrA,609446006,end_of_pregnancy
ELECTTERM,Elective termination,SNOMEDCT_US,609447002,Induced termination of pregnancy complicated by damage to pelvic organs and-or tissues (disorder),C0156472,Legal termination of pregnancy complicated by damage to pelvic organ and-or tissues,narrow,P,PrA,609447002,end_of_pregnancy
ELECTTERM,Elective termination,SNOMEDCT_US,609449004,Induced termination of pregnancy complicated by embolism (disorder),C0269479,Legal termination of pregnancy complicated by embolism,narrow,P,PrA,609449004,end_of_pregnancy
ELECTTERM,Elective termination,SNOMEDCT_US,609450004,Induced termination of pregnancy complicated by genital-pelvic infection (disorder),C0404925,Unspecified legal abortion with genital tract or pelvic infection,narrow,P,PrA,609450004,end_of_pregnancy
ELECTTERM,Elective termination,SNOMEDCT_US,609452007,Induced termination of pregnancy complicated by renal failure (disorder),C0269469,Legal termination of pregnancy complicated by renal failure,narrow,P,PrA,609452007,end_of_pregnancy
ELECTTERM,Elective termination,SNOMEDCT_US,609453002,Induced termination of pregnancy complicated by shock (disorder),C0269476,Legal termination of pregnancy complicated by shock,narrow,P,PrA,609453002,end_of_pregnancy
ELECTTERM,Elective termination,SNOMEDCT_US,609485004,Induced termination of pregnancy complicated by sepsis,C3662156,Induced termination of pregnancy complicated by sepsis,narrow,P,PrA,609485004,end_of_pregnancy
ELECTTERM,Elective termination,SNOMEDCT_US,61752008,Illegal termination of pregnancy complicated by shock,C0269531,Illegal termination of pregnancy complicated by shock,narrow,P,PrA,61752008,end_of_pregnancy
ELECTTERM,Elective termination,SNOMEDCT_US,67042008,Failed attempted termination of pregnancy complicated by shock,C0156589,Failed attempted termination of pregnancy complicated by shock,narrow,P,PrA,67042008,end_of_pregnancy
ELECTTERM,Elective termination,SNOMEDCT_US,69302000,Termination of pregnancy on demand,C0000793,Abortion on Demand,possible,P,PrA,69302000,end_of_pregnancy
ELECTTERM,Elective termination,SNOMEDCT_US,698636009,Complete legal abortion with complication,C3697208,Complete legal abortion with complication,narrow,P,PrA,698636009,end_of_pregnancy
ELECTTERM,Elective termination,SNOMEDCT_US,70186003,Embryotomy,C0013951,Embryotomy,narrow,P,PrA,70186003,end_of_pregnancy
ELECTTERM,Elective termination,SNOMEDCT_US,70317007,Abortion,C0156543,Unspecified Abortion,possible,P,PrA,70317007,end_of_pregnancy
ELECTTERM,Elective termination,SNOMEDCT_US,707207004,Incomplete induced termination of pregnancy (disorder),C0600042,incomplete legal abortion with complication,narrow,P,PrA,707207004,end_of_pregnancy
ELECTTERM,Elective termination,SNOMEDCT_US,707207004,Incomplete induced termination of pregnancy (disorder),C0600043,Legally induced abortion- without mention of complication- incomplete,narrow,P,PrA,707207004,end_of_pregnancy
ELECTTERM,Elective termination,SNOMEDCT_US,714812005,Induced termination of pregnancy,C4049831,Induced termination of pregnancy,narrow,P,PrA,714812005,end_of_pregnancy
ELECTTERM,Elective termination,SNOMEDCT_US,74978008,Illegal termination of pregnancy with complication,C0269496,Illegal termination of pregnancy with complication,narrow,P,PrA,74978008,end_of_pregnancy
ELECTTERM,Elective termination,SNOMEDCT_US,7802000,Illegal termination of pregnancy without complication,C0260335,Illegal termination of pregnancy without complication,narrow,P,PrA,7802000,end_of_pregnancy
ELECTTERM,Elective termination,SNOMEDCT_US,7822001,Failed attempted termination of pregnancy complicated by damage to pelvic organ and-or tissues,C0269561,Failed attempted termination of pregnancy complicated by damage to pelvic organ and-or tissues,narrow,P,PrA,7822001,end_of_pregnancy
ELECTTERM,Elective termination,SNOMEDCT_US,785867009,Excessive hemorrhage due to and following induced termination of pregnancy (disorder),C0269450,Legally induced abortion- complicated by delayed or excessive hemorrhage- unspecified,narrow,P,PrA,785867009,end_of_pregnancy
ELECTTERM,Elective termination,SNOMEDCT_US,86891002,Illegal abortion complicated by delayed AND-OR excessive haemorrhage,C0269505,Illegally induced abortion- complicated by delayed or excessive hemorrhage- unspecified,narrow,P,PrA,86891002,end_of_pregnancy
ELECTTERM,Elective termination,SNOMEDCT_US,8996006,Illegal termination of pregnancy complicated by renal failure,C0269524,Illegal termination of pregnancy complicated by renal failure,narrow,P,PrA,8996006,end_of_pregnancy
ELECTTERM,Elective termination,SNOMEDCT_US,90645002,Failed attempted abortion without complication (disorder),C0269549,Failed attempted termination of pregnancy without complication,narrow,P,PrA,90645002,end_of_pregnancy
ELECTTERM,Elective termination,SNOMEDCT_US,90645002,Failed attempted termination of pregnancy without complication,C0269549,Failed attempted termination of pregnancy without complication,narrow,P,PrA,90645002,end_of_pregnancy
EctopicPregnancy,Ectopic Pregnancy,ICD10,O00,Ectopic pregnancy,C0032987,Ectopic Pregnancy,narrow,P,PrA,O00,interruption_pregnancy
EctopicPregnancy,Ectopic Pregnancy,ICD10,O00.0,Abdominal pregnancy,C0032984,Pregnancy- Abdominal,narrow,P,PrA,O00.0,interruption_pregnancy
EctopicPregnancy,Ectopic Pregnancy,ICD10,O00.00,Abdominal pregnancy without intrauterine pregnancy,C1135231,abdominal pregnancy without intrauterine pregnancy,narrow,P,PrA,O00.00,interruption_pregnancy
EctopicPregnancy,Ectopic Pregnancy,ICD10,O00.1,Tubal pregnancy,C0032994,Pregnancy- Tubal,narrow,P,PrA,O00.1,interruption_pregnancy
EctopicPregnancy,Ectopic Pregnancy,ICD10,O00.10,Tubal pregnancy without intrauterine pregnancy,C0032994,Pregnancy- Tubal,narrow,P,PrA,O00.10,interruption_pregnancy
EctopicPregnancy,Ectopic Pregnancy,ICD10,O00.2,Ovarian pregnancy,C0032991,Pregnancy- Ovarian,narrow,P,PrA,O00.2,interruption_pregnancy
EctopicPregnancy,Ectopic Pregnancy,ICD10,O00.20,Ovarian pregnancy without intrauterine pregnancy,C1135235,ovarian pregnancy without intrauterine pregnancy,narrow,P,PrA,O00.20,interruption_pregnancy
EctopicPregnancy,Ectopic Pregnancy,ICD10,O00.8,Other ectopic pregnancy,C0029604,Other ectopic pregnancy,narrow,P,PrA,O00.8,interruption_pregnancy
EctopicPregnancy,Ectopic Pregnancy,ICD10,O00.80,Other ectopic pregnancy without intrauterine pregnancy,"","",narrow,P,PrA,O00.80,interruption_pregnancy
EctopicPregnancy,Ectopic Pregnancy,ICD10,O00.9,Ectopic pregnancy- unspecified,C0032987,Ectopic Pregnancy,narrow,P,PrA,O00.9,interruption_pregnancy
EctopicPregnancy,Ectopic Pregnancy,ICD10,O00.90,Unspecified ectopic pregnancy without intrauterine pregnancy,"","",narrow,P,PrA,O00.90,interruption_pregnancy
EctopicPregnancy,Ectopic Pregnancy,ICD10CM,O00,Ectopic pregnancy,C0032987,Ectopic Pregnancy,narrow,P,PrA,O00,interruption_pregnancy
EctopicPregnancy,Ectopic Pregnancy,ICD10CM,O00.0,Abdominal pregnancy,C0032984,Pregnancy- Abdominal,narrow,P,PrA,O00.0,interruption_pregnancy
EctopicPregnancy,Ectopic Pregnancy,ICD10CM,O00.00,Abdominal pregnancy NOS,C0032984,Pregnancy- Abdominal,narrow,P,PrA,O00.00,interruption_pregnancy
EctopicPregnancy,Ectopic Pregnancy,ICD10CM,O00.00,Abdominal pregnancy without intrauterine pregnancy,C1135231,abdominal pregnancy without intrauterine pregnancy,narrow,P,PrA,O00.00,interruption_pregnancy
EctopicPregnancy,Ectopic Pregnancy,ICD10CM,O00.1,Fallopian pregnancy,C0032994,Pregnancy- Tubal,narrow,P,PrA,O00.1,interruption_pregnancy
EctopicPregnancy,Ectopic Pregnancy,ICD10CM,O00.10,Tubal pregnancy NOS,C0032994,Pregnancy- Tubal,narrow,P,PrA,O00.10,interruption_pregnancy
EctopicPregnancy,Ectopic Pregnancy,ICD10CM,O00.2,Ovarian pregnancy,C0032991,Pregnancy- Ovarian,narrow,P,PrA,O00.2,interruption_pregnancy
EctopicPregnancy,Ectopic Pregnancy,ICD10CM,O00.20,Ovarian pregnancy NOS,C0032991,Pregnancy- Ovarian,narrow,P,PrA,O00.20,interruption_pregnancy
EctopicPregnancy,Ectopic Pregnancy,ICD10CM,O00.20,Ovarian pregnancy without intrauterine pregnancy,C1135235,ovarian pregnancy without intrauterine pregnancy,narrow,P,PrA,O00.20,interruption_pregnancy
EctopicPregnancy,Ectopic Pregnancy,ICD10CM,O00.21,Ovarian pregnancy with intrauterine pregnancy,C1135236,Combined intrauterine and ovarian pregnancy,narrow,P,PrA,O00.21,interruption_pregnancy
EctopicPregnancy,Ectopic Pregnancy,ICD10CM,O00.8,Cervical pregnancy,C0269285,Cervical pregnancy,narrow,P,PrA,O00.8,interruption_pregnancy
EctopicPregnancy,Ectopic Pregnancy,ICD10CM,O00.8,Intraligamentous pregnancy,C0269288,Intraligamentous pregnancy,narrow,P,PrA,O00.8,interruption_pregnancy
EctopicPregnancy,Ectopic Pregnancy,ICD10CM,O00.8,Other ectopic pregnancy,C0029604,Other ectopic pregnancy,narrow,P,PrA,O00.8,interruption_pregnancy
EctopicPregnancy,Ectopic Pregnancy,ICD10CM,O00.80,Other ectopic pregnancy NOS,C0029604,Other ectopic pregnancy,narrow,P,PrA,O00.80,interruption_pregnancy
EctopicPregnancy,Ectopic Pregnancy,ICD10CM,O00.9,Ectopic pregnancy- unspecified,C0032987,Ectopic Pregnancy,narrow,P,PrA,O00.9,interruption_pregnancy
EctopicPregnancy,Ectopic Pregnancy,ICD10CM,O00.90,Ectopic pregnancy NOS,C0032987,Ectopic Pregnancy,narrow,P,PrA,O00.90,interruption_pregnancy
EctopicPregnancy,Ectopic Pregnancy,ICD10CM,O00.90,Unspecified ectopic pregnancy without intrauterine pregnancy,C1135239,Unspecified ectopic pregnancy without intrauterine pregnancy,narrow,P,PrA,O00.90,interruption_pregnancy
EctopicPregnancy,Ectopic Pregnancy,ICD9CM,633,Ectopic pregnancy,C0032987,Ectopic Pregnancy,narrow,P,PrA,633,interruption_pregnancy
EctopicPregnancy,Ectopic Pregnancy,ICD9CM,633.0,Abdominal pregnancy,C0032984,Pregnancy- Abdominal,narrow,P,PrA,633.0,interruption_pregnancy
EctopicPregnancy,Ectopic Pregnancy,ICD9CM,633.00,Abdominal pregnancy without intrauterine pregnancy,C1135231,abdominal pregnancy without intrauterine pregnancy,narrow,P,PrA,633.00,interruption_pregnancy
EctopicPregnancy,Ectopic Pregnancy,ICD9CM,633.1,Tubal pregnancy,C0032994,Pregnancy- Tubal,narrow,P,PrA,633.1,interruption_pregnancy
EctopicPregnancy,Ectopic Pregnancy,ICD9CM,633.10,Tubal pregnancy without intrauterine pregnancy,"","",narrow,P,PrA,633.10,interruption_pregnancy
EctopicPregnancy,Ectopic Pregnancy,ICD9CM,633.2,Ovarian pregnancy,C0032991,Pregnancy- Ovarian,narrow,P,PrA,633.2,interruption_pregnancy
EctopicPregnancy,Ectopic Pregnancy,ICD9CM,633.20,Ovarian pregnancy without intrauterine pregnancy,C1135235,ovarian pregnancy without intrauterine pregnancy,narrow,P,PrA,633.20,interruption_pregnancy
EctopicPregnancy,Ectopic Pregnancy,ICD9CM,633.21,Ovarian pregnancy with intrauterine pregnancy,C1135236,Combined intrauterine and ovarian pregnancy,narrow,P,PrA,633.21,interruption_pregnancy
EctopicPregnancy,Ectopic Pregnancy,ICD9CM,633.8,Other ectopic pregnancy,C0029604,Other ectopic pregnancy,narrow,P,PrA,633.8,interruption_pregnancy
EctopicPregnancy,Ectopic Pregnancy,ICD9CM,633.80,Other ectopic pregnancy without intrauterine pregnancy,"","",narrow,P,PrA,633.80,interruption_pregnancy
EctopicPregnancy,Ectopic Pregnancy,ICD9CM,633.9,Unspecified ectopic pregnancy,C0032987,Ectopic Pregnancy,narrow,P,PrA,633.9,interruption_pregnancy
EctopicPregnancy,Ectopic Pregnancy,ICD9CM,633.90,Unspecified ectopic pregnancy without intrauterine pregnancy,C1135239,Unspecified ectopic pregnancy without intrauterine pregnancy,narrow,P,PrA,633.90,interruption_pregnancy
EctopicPregnancy,Ectopic Pregnancy,ICPC2EENG,W80,Ectopic pregnancy,C0032987,Ectopic Pregnancy,narrow,P,PrA,W80,interruption_pregnancy
EctopicPregnancy,Ectopic Pregnancy,ICPC2P,W80001,Pregnancy-ectopic,C0032987,Ectopic Pregnancy,narrow,P,PrA,W80001,interruption_pregnancy
EctopicPregnancy,Ectopic Pregnancy,ICPC2P,W80003,Pregnancy-tubal,C0032994,Pregnancy- Tubal,narrow,P,PrA,W80003,interruption_pregnancy
EctopicPregnancy,Ectopic Pregnancy,ICPC2P,W82012,Blighted ovum,C0266648,Blighted ovum,narrow,P,PrA,W82012,interruption_pregnancy
EctopicPregnancy,Ectopic Pregnancy,MEDCODEID,115533013,Mural pregnancy,"","",narrow,P,PrA,115533013,interruption_pregnancy
EctopicPregnancy,Ectopic Pregnancy,MEDCODEID,1209117011,Antenatal ultrasound confirms ectopic pregnancy,"","",narrow,P,PrA,1209117011,interruption_pregnancy
EctopicPregnancy,Ectopic Pregnancy,MEDCODEID,1234377011,Fallopian tube pregnancy,"","",narrow,P,PrA,1234377011,interruption_pregnancy
EctopicPregnancy,Ectopic Pregnancy,MEDCODEID,131553011,Cervical pregnancy,"","",narrow,P,PrA,131553011,interruption_pregnancy
EctopicPregnancy,Ectopic Pregnancy,MEDCODEID,132037019,Tubal pregnancy,"","",narrow,P,PrA,132037019,interruption_pregnancy
EctopicPregnancy,Ectopic Pregnancy,MEDCODEID,137128014,Abdominal pregnancy,"","",narrow,P,PrA,137128014,interruption_pregnancy
EctopicPregnancy,Ectopic Pregnancy,MEDCODEID,13718411000006111,Ectopic pregnancy of left ovary,"","",narrow,P,PrA,13718411000006111,interruption_pregnancy
EctopicPregnancy,Ectopic Pregnancy,MEDCODEID,13718431000006117,Ectopic pregnancy of right ovary,"","",narrow,P,PrA,13718431000006117,interruption_pregnancy
EctopicPregnancy,Ectopic Pregnancy,MEDCODEID,145245010,Cornual pregnancy,"","",narrow,P,PrA,145245010,interruption_pregnancy
EctopicPregnancy,Ectopic Pregnancy,MEDCODEID,1481702017,Removal of ectopic pregnancy from fallopian tube,"","",narrow,P,PrA,1481702017,interruption_pregnancy
EctopicPregnancy,Ectopic Pregnancy,MEDCODEID,1481703010,Fimbrial extraction of tubal pregnancy,"","",narrow,P,PrA,1481703010,interruption_pregnancy
EctopicPregnancy,Ectopic Pregnancy,MEDCODEID,17279018,Ovarian pregnancy,"","",narrow,P,PrA,17279018,interruption_pregnancy
EctopicPregnancy,Ectopic Pregnancy,MEDCODEID,273916010,Excision of ectopic ovarian pregnancy,"","",narrow,P,PrA,273916010,interruption_pregnancy
EctopicPregnancy,Ectopic Pregnancy,MEDCODEID,273917018,Excision of ruptured ectopic tubal pregnancy,"","",narrow,P,PrA,273917018,interruption_pregnancy
EctopicPregnancy,Ectopic Pregnancy,MEDCODEID,2776761000006115,Ruptured ectopic pregnancy,"","",narrow,P,PrA,2776761000006115,interruption_pregnancy
EctopicPregnancy,Ectopic Pregnancy,MEDCODEID,2776771000006110,Aborted ectopic pregnancy,"","",narrow,P,PrA,2776771000006110,interruption_pregnancy
EctopicPregnancy,Ectopic Pregnancy,MEDCODEID,305290019,Delivery of viable fetus in abdominal pregnancy,"","",narrow,P,PrA,305290019,interruption_pregnancy
EctopicPregnancy,Ectopic Pregnancy,MEDCODEID,305295012,Tubal abortion,"","",narrow,P,PrA,305295012,interruption_pregnancy
EctopicPregnancy,Ectopic Pregnancy,MEDCODEID,305296013,Tubal pregnancy NOS,"","",narrow,P,PrA,305296013,interruption_pregnancy
EctopicPregnancy,Ectopic Pregnancy,MEDCODEID,305297016,Other ectopic pregnancy,"","",narrow,P,PrA,305297016,interruption_pregnancy
EctopicPregnancy,Ectopic Pregnancy,MEDCODEID,305298014,Membranous pregnancy,"","",narrow,P,PrA,305298014,interruption_pregnancy
EctopicPregnancy,Ectopic Pregnancy,MEDCODEID,305300014,Mesenteric pregnancy,"","",narrow,P,PrA,305300014,interruption_pregnancy
EctopicPregnancy,Ectopic Pregnancy,MEDCODEID,305301013,Angular pregnancy,"","",narrow,P,PrA,305301013,interruption_pregnancy
EctopicPregnancy,Ectopic Pregnancy,MEDCODEID,305303011,Other ectopic pregnancy NOS,"","",narrow,P,PrA,305303011,interruption_pregnancy
EctopicPregnancy,Ectopic Pregnancy,MEDCODEID,305304017,Ectopic pregnancy NOS,"","",narrow,P,PrA,305304017,interruption_pregnancy
EctopicPregnancy,Ectopic Pregnancy,MEDCODEID,3060451000006110,EP - Ectopic pregnancy,"","",narrow,P,PrA,3060451000006110,interruption_pregnancy
EctopicPregnancy,Ectopic Pregnancy,MEDCODEID,308065014,Maternal care for viable fetus in abdominal pregnancy,"","",narrow,P,PrA,308065014,interruption_pregnancy
EctopicPregnancy,Ectopic Pregnancy,MEDCODEID,308080015,[X]Other ectopic pregnancy,"","",narrow,P,PrA,308080015,interruption_pregnancy
EctopicPregnancy,Ectopic Pregnancy,MEDCODEID,3534131000006110,Laparoscopic treatment of ectopic pregnancy with salpingectomy,"","",narrow,P,PrA,3534131000006110,interruption_pregnancy
EctopicPregnancy,Ectopic Pregnancy,MEDCODEID,3819701000006113,Removal of intraligamentous ectopic pregnancy,"","",narrow,P,PrA,3819701000006113,interruption_pregnancy
EctopicPregnancy,Ectopic Pregnancy,MEDCODEID,4793001000006113,Ruptured tubal pregnancy,"","",narrow,P,PrA,4793001000006113,interruption_pregnancy
EctopicPregnancy,Ectopic Pregnancy,MEDCODEID,4832971000006117,Fetal or neonatal effect of tubal ectopic pregnancy,"","",narrow,P,PrA,4832971000006117,interruption_pregnancy
EctopicPregnancy,Ectopic Pregnancy,MEDCODEID,501321010,Mesometric pregnancy,"","",narrow,P,PrA,501321010,interruption_pregnancy
EctopicPregnancy,Ectopic Pregnancy,MEDCODEID,5104861000006118,Viable fetus in abdominal pregnancy,"","",narrow,P,PrA,5104861000006118,interruption_pregnancy
EctopicPregnancy,Ectopic Pregnancy,MEDCODEID,5104871000006113,Viable foetus in abdominal pregnancy,"","",narrow,P,PrA,5104871000006113,interruption_pregnancy
EctopicPregnancy,Ectopic Pregnancy,MEDCODEID,5104881000006111,Unruptured tubal pregnancy,"","",narrow,P,PrA,5104881000006111,interruption_pregnancy
EctopicPregnancy,Ectopic Pregnancy,MEDCODEID,5592021000006116,Secondary abdominal pregnancy,"","",narrow,P,PrA,5592021000006116,interruption_pregnancy
EctopicPregnancy,Ectopic Pregnancy,MEDCODEID,574561000006119,Combined or heterotopic pregnancy,"","",narrow,P,PrA,574561000006119,interruption_pregnancy
EctopicPregnancy,Ectopic Pregnancy,MEDCODEID,58080013,Ectopic pregnancy,"","",narrow,P,PrA,58080013,interruption_pregnancy
EctopicPregnancy,Ectopic Pregnancy,MEDCODEID,59478019,Intraligamentous pregnancy,"","",narrow,P,PrA,59478019,interruption_pregnancy
EctopicPregnancy,Ectopic Pregnancy,MEDCODEID,6474551000006114,Aspiration of ectopic pregnancy from fallopian tube,"","",narrow,P,PrA,6474551000006114,interruption_pregnancy
EctopicPregnancy,Ectopic Pregnancy,MEDCODEID,7264921000006115,Multiple pregnancy involving intrauterine pregnancy and tubal pregnancy,"","",narrow,P,PrA,7264921000006115,interruption_pregnancy
EctopicPregnancy,Ectopic Pregnancy,MEDCODEID,7499561000006116,Miscarriage of tubal ectopic pregnancy,"","",narrow,P,PrA,7499561000006116,interruption_pregnancy
EctopicPregnancy,Ectopic Pregnancy,MEDCODEID,806911000006111,Gravid fallopian tube rupture,"","",narrow,P,PrA,806911000006111,interruption_pregnancy
EctopicPregnancy,Ectopic Pregnancy,MEDCODEID,870501000006114,Ovarian preg. removal op.,"","",narrow,P,PrA,870501000006114,interruption_pregnancy
EctopicPregnancy,Ectopic Pregnancy,MEDCODEID,870511000006112,Ruptured tubal preg.removal op,"","",narrow,P,PrA,870511000006112,interruption_pregnancy
EctopicPregnancy,Ectopic Pregnancy,MEDCODEID,870521000006116,Tubal preg. removal op.,"","",narrow,P,PrA,870521000006116,interruption_pregnancy
EctopicPregnancy,Ectopic Pregnancy,MEDCODEID,906511000006111,[RFC] Ectopic pregnancy,"","",narrow,P,PrA,906511000006111,interruption_pregnancy
EctopicPregnancy,Ectopic Pregnancy,MTHICD9,631.8,Blighted ovum,C0266648,Blighted ovum,narrow,P,PrA,631.8,interruption_pregnancy
EctopicPregnancy,Ectopic Pregnancy,MTHICD9,633.0,Intraperitoneal pregnancy,C0269284,Intraperitoneal pregnancy,narrow,P,PrA,633.0,interruption_pregnancy
EctopicPregnancy,Ectopic Pregnancy,MTHICD9,633.1,Fallopian pregnancy,C0032994,Pregnancy- Tubal,narrow,P,PrA,633.1,interruption_pregnancy
EctopicPregnancy,Ectopic Pregnancy,MTHICD9,633.8,Pregnancy- cervical,C0269285,Cervical pregnancy,narrow,P,PrA,633.8,interruption_pregnancy
EctopicPregnancy,Ectopic Pregnancy,MTHICD9,633.8,Pregnancy- intraligamentous,C0269288,Intraligamentous pregnancy,narrow,P,PrA,633.8,interruption_pregnancy
EctopicPregnancy,Ectopic Pregnancy,RCD2,L010.,Blighted ovum,C0266648,Blighted ovum,narrow,P,PrA,L010.,interruption_pregnancy
EctopicPregnancy,Ectopic Pregnancy,RCD2,L03..,Ectopic pregnancy,C0032987,Ectopic Pregnancy,narrow,P,PrA,L03..,interruption_pregnancy
EctopicPregnancy,Ectopic Pregnancy,RCD2,L030.,Abdominal pregnancy,C0032984,Pregnancy- Abdominal,narrow,P,PrA,L030.,interruption_pregnancy
EctopicPregnancy,Ectopic Pregnancy,RCD2,L031.,Tubal pregnancy,C0032994,Pregnancy- Tubal,narrow,P,PrA,L031.,interruption_pregnancy
EctopicPregnancy,Ectopic Pregnancy,RCD2,L031z,Tubal pregnancy NOS,C0032994,Pregnancy- Tubal,narrow,P,PrA,L031z,interruption_pregnancy
EctopicPregnancy,Ectopic Pregnancy,RCD2,L032.,Ovarian pregnancy,C0032991,Pregnancy- Ovarian,narrow,P,PrA,L032.,interruption_pregnancy
EctopicPregnancy,Ectopic Pregnancy,RCD2,L03y.,Other ectopic pregnancy,C0029604,Other ectopic pregnancy,narrow,P,PrA,L03y.,interruption_pregnancy
EctopicPregnancy,Ectopic Pregnancy,RCD2,L03y0,Cervical pregnancy,C0269285,Cervical pregnancy,narrow,P,PrA,L03y0,interruption_pregnancy
EctopicPregnancy,Ectopic Pregnancy,RCD2,L03y5,Intraligamentous pregnancy,C0269288,Intraligamentous pregnancy,narrow,P,PrA,L03y5,interruption_pregnancy
EctopicPregnancy,Ectopic Pregnancy,RCD2,L03yz,Other ectopic pregnancy NOS,C0029604,Other ectopic pregnancy,narrow,P,PrA,L03yz,interruption_pregnancy
EctopicPregnancy,Ectopic Pregnancy,RCD2,L03z.,Ectopic pregnancy NOS,C0032987,Ectopic Pregnancy,narrow,P,PrA,L03z.,interruption_pregnancy
EctopicPregnancy,Ectopic Pregnancy,RCD2,Lyu00,[X]Other ectopic pregnancy,C0029604,Other ectopic pregnancy,narrow,P,PrA,Lyu00,interruption_pregnancy
EctopicPregnancy,Ectopic Pregnancy,SCTSPA,156083001,Ectopic pregnancy NOS,C0032987,Ectopic Pregnancy,narrow,P,PrA,156083001,interruption_pregnancy
EctopicPregnancy,Ectopic Pregnancy,SCTSPA,16836261000119107,embarazo ectópico de ovario izquierdo,"","",narrow,P,PrA,16836261000119107,interruption_pregnancy
EctopicPregnancy,Ectopic Pregnancy,SCTSPA,16836351000119100,embarazo ectópico de ovario derecho,C5192556,Ectopic pregnancy of right ovary,narrow,P,PrA,16836351000119100,interruption_pregnancy
EctopicPregnancy,Ectopic Pregnancy,SCTSPA,17285009,embarazo intraperitoneal,C0269284,Intraperitoneal pregnancy,narrow,P,PrA,17285009,interruption_pregnancy
EctopicPregnancy,Ectopic Pregnancy,SCTSPA,198622006,embarazo tubárico- SAI,C0032994,Pregnancy- Tubal,narrow,P,PrA,198622006,interruption_pregnancy
EctopicPregnancy,Ectopic Pregnancy,SCTSPA,198623001,otro embarazo ectópico,C0029604,Other ectopic pregnancy,narrow,P,PrA,198623001,interruption_pregnancy
EctopicPregnancy,Ectopic Pregnancy,SCTSPA,198629002,otro embarazo ectópico- SAI,C0029604,Other ectopic pregnancy,narrow,P,PrA,198629002,interruption_pregnancy
EctopicPregnancy,Ectopic Pregnancy,SCTSPA,198630007,embarazo ectópico- SAI,C0032987,Ectopic Pregnancy,narrow,P,PrA,198630007,interruption_pregnancy
EctopicPregnancy,Ectopic Pregnancy,SCTSPA,200481006,[X]otro embarazo ectópico,C0029604,Other ectopic pregnancy,narrow,P,PrA,200481006,interruption_pregnancy
EctopicPregnancy,Ectopic Pregnancy,SCTSPA,34801009,embarazo ectópico,C0032987,Ectopic Pregnancy,narrow,P,PrA,34801009,interruption_pregnancy
EctopicPregnancy,Ectopic Pregnancy,SCTSPA,35656003,embarazo intraligamentario,C0269288,Intraligamentous pregnancy,narrow,P,PrA,35656003,interruption_pregnancy
EctopicPregnancy,Ectopic Pregnancy,SCTSPA,35999006,óvulo fertilizado no desarrollado,C0266648,Blighted ovum,narrow,P,PrA,35999006,interruption_pregnancy
EctopicPregnancy,Ectopic Pregnancy,SCTSPA,699240001,embarazo intrauterino y ovárico combinado,C1135236,Combined intrauterine and ovarian pregnancy,narrow,P,PrA,699240001,interruption_pregnancy
EctopicPregnancy,Ectopic Pregnancy,SCTSPA,79290002,embarazo cervical,C0269285,Cervical pregnancy,narrow,P,PrA,79290002,interruption_pregnancy
EctopicPregnancy,Ectopic Pregnancy,SCTSPA,79586000,embarazo tubárico,C0032994,Pregnancy- Tubal,narrow,P,PrA,79586000,interruption_pregnancy
EctopicPregnancy,Ectopic Pregnancy,SCTSPA,82661006,embarazo abdominal,C0032984,Pregnancy- Abdominal,narrow,P,PrA,82661006,interruption_pregnancy
EctopicPregnancy,Ectopic Pregnancy,SCTSPA,9899009,embarazo ovárico,C0032991,Pregnancy- Ovarian,narrow,P,PrA,9899009,interruption_pregnancy
EctopicPregnancy,Ectopic Pregnancy,SNM,F31100,Pregnancy- abdominal,C0032984,Pregnancy- Abdominal,narrow,P,PrA,F31100,interruption_pregnancy
EctopicPregnancy,Ectopic Pregnancy,SNM,F31100,Pregnancy- ectopic,C0032987,Ectopic Pregnancy,narrow,P,PrA,F31100,interruption_pregnancy
EctopicPregnancy,Ectopic Pregnancy,SNM,F31100,Pregnancy- ovarian,C0032991,Pregnancy- Ovarian,narrow,P,PrA,F31100,interruption_pregnancy
EctopicPregnancy,Ectopic Pregnancy,SNM,F31100,Pregnancy- tubal,C0032994,Pregnancy- Tubal,narrow,P,PrA,F31100,interruption_pregnancy
EctopicPregnancy,Ectopic Pregnancy,SNM,M28020,Blighted ovum,C0266648,Blighted ovum,narrow,P,PrA,M28020,interruption_pregnancy
EctopicPregnancy,Ectopic Pregnancy,SNOMEDCT_US,156080003,Ectopic pregnancy,C0032987,Ectopic Pregnancy,narrow,P,PrA,156080003,interruption_pregnancy
EctopicPregnancy,Ectopic Pregnancy,SNOMEDCT_US,156081004,Abdominal pregnancy,C0032984,Pregnancy- Abdominal,narrow,P,PrA,156081004,interruption_pregnancy
EctopicPregnancy,Ectopic Pregnancy,SNOMEDCT_US,156082006,Tubal pregnancy,C0032994,Pregnancy- Tubal,narrow,P,PrA,156082006,interruption_pregnancy
EctopicPregnancy,Ectopic Pregnancy,SNOMEDCT_US,156083001,Ectopic pregnancy NOS,C0032987,Ectopic Pregnancy,narrow,P,PrA,156083001,interruption_pregnancy
EctopicPregnancy,Ectopic Pregnancy,SNOMEDCT_US,156086009,Blighted ovum,C0266648,Blighted ovum,narrow,P,PrA,156086009,interruption_pregnancy
EctopicPregnancy,Ectopic Pregnancy,SNOMEDCT_US,16836261000119107,Ectopic pregnancy of left ovary,"","",narrow,P,PrA,16836261000119107,interruption_pregnancy
EctopicPregnancy,Ectopic Pregnancy,SNOMEDCT_US,16836351000119100,Ectopic pregnancy of right ovary,C5192556,Ectopic pregnancy of right ovary,narrow,P,PrA,16836351000119100,interruption_pregnancy
EctopicPregnancy,Ectopic Pregnancy,SNOMEDCT_US,17285009,Intraperitoneal pregnancy,C0269284,Intraperitoneal pregnancy,narrow,P,PrA,17285009,interruption_pregnancy
EctopicPregnancy,Ectopic Pregnancy,SNOMEDCT_US,198619009,Tubal pregnancy,C0032994,Pregnancy- Tubal,narrow,P,PrA,198619009,interruption_pregnancy
EctopicPregnancy,Ectopic Pregnancy,SNOMEDCT_US,198622006,Tubal pregnancy NOS,C0032994,Pregnancy- Tubal,narrow,P,PrA,198622006,interruption_pregnancy
EctopicPregnancy,Ectopic Pregnancy,SNOMEDCT_US,198623001,Other ectopic pregnancy,C0029604,Other ectopic pregnancy,narrow,P,PrA,198623001,interruption_pregnancy
EctopicPregnancy,Ectopic Pregnancy,SNOMEDCT_US,198625008,Intraligamentous pregnancy,C0269288,Intraligamentous pregnancy,narrow,P,PrA,198625008,interruption_pregnancy
EctopicPregnancy,Ectopic Pregnancy,SNOMEDCT_US,198629002,Other ectopic pregnancy NOS,C0029604,Other ectopic pregnancy,narrow,P,PrA,198629002,interruption_pregnancy
EctopicPregnancy,Ectopic Pregnancy,SNOMEDCT_US,198630007,Ectopic pregnancy NOS,C0032987,Ectopic Pregnancy,narrow,P,PrA,198630007,interruption_pregnancy
EctopicPregnancy,Ectopic Pregnancy,SNOMEDCT_US,200481006,[X]Other ectopic pregnancy,C0029604,Other ectopic pregnancy,narrow,P,PrA,200481006,interruption_pregnancy
EctopicPregnancy,Ectopic Pregnancy,SNOMEDCT_US,267299008,Blighted ovum,C0266648,Blighted ovum,narrow,P,PrA,267299008,interruption_pregnancy
EctopicPregnancy,Ectopic Pregnancy,SNOMEDCT_US,34801009,Ectopic pregnancy,C0032987,Ectopic Pregnancy,narrow,P,PrA,34801009,interruption_pregnancy
EctopicPregnancy,Ectopic Pregnancy,SNOMEDCT_US,35656003,Intraligamentous pregnancy,C0269288,Intraligamentous pregnancy,narrow,P,PrA,35656003,interruption_pregnancy
EctopicPregnancy,Ectopic Pregnancy,SNOMEDCT_US,35999006,Blighted ovum,C0266648,Blighted ovum,narrow,P,PrA,35999006,interruption_pregnancy
EctopicPregnancy,Ectopic Pregnancy,SNOMEDCT_US,699240001,Combined intrauterine and ovarian pregnancy,C1135236,Combined intrauterine and ovarian pregnancy,narrow,P,PrA,699240001,interruption_pregnancy
EctopicPregnancy,Ectopic Pregnancy,SNOMEDCT_US,79290002,Cervical pregnancy,C0269285,Cervical pregnancy,narrow,P,PrA,79290002,interruption_pregnancy
EctopicPregnancy,Ectopic Pregnancy,SNOMEDCT_US,79586000,Tubal pregnancy,C0032994,Pregnancy- Tubal,narrow,P,PrA,79586000,interruption_pregnancy
EctopicPregnancy,Ectopic Pregnancy,SNOMEDCT_US,82661006,Abdominal pregnancy,C0032984,Pregnancy- Abdominal,narrow,P,PrA,82661006,interruption_pregnancy
EctopicPregnancy,Ectopic Pregnancy,SNOMEDCT_US,9899009,Ovarian pregnancy,C0032991,Pregnancy- Ovarian,narrow,P,PrA,9899009,interruption_pregnancy
Gestation2526weeksUNK,Gestation 25 26 weeks unknown,ICD10CM,Z3A.26,26 weeks gestation of pregnancy,C3264104,26 weeks gestation of pregnancy,narrow,P,PrA,Z3A.26,ongoing_pregnancy
Gestation2526weeksUNK,Gestation 25 26 weeks unknown,SCTSPA,48688005,edad gestacional- 26 semanas,C0233033,Gestation period- 26 weeks,narrow,P,PrA,48688005,ongoing_pregnancy
Gestation2526weeksUNK,Gestation 25 26 weeks unknown,SCTSPA,72544005,edad gestacional- 25 semanas,"","",narrow,P,PrA,72544005,ongoing_pregnancy
Gestation2526weeksUNK,Gestation 25 26 weeks unknown,SNOMEDCT_US,48688005,Gestation period- 26 weeks,C0233033,Gestation period- 26 weeks,narrow,P,PrA,48688005,ongoing_pregnancy
Gestation2526weeksUNK,Gestation 25 26 weeks unknown,SNOMEDCT_US,72544005,Gestation period- 25 weeks,"","",narrow,P,PrA,72544005,ongoing_pregnancy
Gestation2728weeksLB,Gestation 27 28 weeks LB,SCTSPA,47243004,feto con bajo peso al nacer- inferior a 1000 gramos Y-O edad gestacional inferior a 28 semanas,C1306091,Foetus with birthweight less than 1000 grams and gestation less than 28 weeks,narrow,P,PrA,47243004,end_of_pregnancy
Gestation2728weeksLB,Gestation 27 28 weeks LB,SNOMEDCT_US,47243004,Fetus with birthweight less than 1000 grams and gestation less than 28 weeks,C1306091,Foetus with birthweight less than 1000 grams and gestation less than 28 weeks,narrow,P,PrA,47243004,end_of_pregnancy
Gestation2728weeksUNK,Gestation 27 28 unknown,ICD10CM,Z3A.27,27 weeks gestation of pregnancy,C3264105,27 weeks gestation of pregnancy,narrow,P,PrA,Z3A.27,ongoing_pregnancy
Gestation2728weeksUNK,Gestation 27 28 unknown,ICD10CM,Z3A.28,28 weeks gestation of pregnancy,C3264106,28 weeks gestation of pregnancy,narrow,P,PrA,Z3A.28,ongoing_pregnancy
Gestation2728weeksUNK,Gestation 27 28 unknown,SCTSPA,46906003,edad gestacional- 27 semanas,C0233034,Gestation period- 27 weeks,narrow,P,PrA,46906003,ongoing_pregnancy
Gestation2728weeksUNK,Gestation 27 28 unknown,SCTSPA,90797000,edad gestacional- 28 semanas,C0233035,Gestation period- 28 weeks,narrow,P,PrA,90797000,ongoing_pregnancy
Gestation2728weeksUNK,Gestation 27 28 unknown,SNOMEDCT_US,46906003,Gestation period- 27 weeks,C0233034,Gestation period- 27 weeks,narrow,P,PrA,46906003,ongoing_pregnancy
Gestation2728weeksUNK,Gestation 27 28 unknown,SNOMEDCT_US,90797000,Gestation period- 28 weeks,C0233035,Gestation period- 28 weeks,narrow,P,PrA,90797000,ongoing_pregnancy
Gestation2930weeksUNK,Gestation 29 30 weeks Unknown,ICD10CM,Z3A.29,29 weeks gestation of pregnancy,C3264107,29 weeks gestation of pregnancy,narrow,P,PrA,Z3A.29,ongoing_pregnancy
Gestation2930weeksUNK,Gestation 29 30 weeks Unknown,ICD10CM,Z3A.30,30 weeks gestation of pregnancy,C3264109,30 weeks gestation of pregnancy,narrow,P,PrA,Z3A.30,ongoing_pregnancy
Gestation2930weeksUNK,Gestation 29 30 weeks Unknown,SCTSPA,169717002,examen prenatal- 30 semanas,C0419596,Antenatal 30 week examination,narrow,P,PrA,169717002,ongoing_pregnancy
Gestation2930weeksUNK,Gestation 29 30 weeks Unknown,SCTSPA,45139008,edad gestacional- 29 semanas,C0233036,Gestation period- 29 weeks,narrow,P,PrA,45139008,ongoing_pregnancy
Gestation2930weeksUNK,Gestation 29 30 weeks Unknown,SCTSPA,71355009,edad gestacional- 30 semanas,C0233037,Gestation period- 30 weeks,narrow,P,PrA,71355009,ongoing_pregnancy
Gestation2930weeksUNK,Gestation 29 30 weeks Unknown,SCTSPA,840629008,útero grávido de tamaño correspondiente a 28-32 semanas,C5395472,Gravid uterus at 28-32 weeks size,possible,P,PrA,840629008,ongoing_pregnancy
Gestation2930weeksUNK,Gestation 29 30 weeks Unknown,SNOMEDCT_US,146948009,Antenatal 30 week examination,C0419596,Antenatal 30 week examination,narrow,P,PrA,146948009,ongoing_pregnancy
Gestation2930weeksUNK,Gestation 29 30 weeks Unknown,SNOMEDCT_US,169717002,Antenatal 30 week examination,C0419596,Antenatal 30 week examination,narrow,P,PrA,169717002,ongoing_pregnancy
Gestation2930weeksUNK,Gestation 29 30 weeks Unknown,SNOMEDCT_US,45139008,Gestation period- 29 weeks,C0233036,Gestation period- 29 weeks,narrow,P,PrA,45139008,ongoing_pregnancy
Gestation2930weeksUNK,Gestation 29 30 weeks Unknown,SNOMEDCT_US,71355009,Gestation period- 30 weeks,C0233037,Gestation period- 30 weeks,narrow,P,PrA,71355009,ongoing_pregnancy
Gestation2930weeksUNK,Gestation 29 30 weeks Unknown,SNOMEDCT_US,840629008,Gravid uterus at 28-32 weeks size,C5395472,Gravid uterus at 28-32 weeks size,possible,P,PrA,840629008,ongoing_pregnancy
Gestation3132weeksUNK,Gestation 31 32 weeks Unknown,ICD10CM,Z3A.31,31 weeks gestation of pregnancy,C3264110,31 weeks gestation of pregnancy,narrow,P,PrA,Z3A.31,ongoing_pregnancy
Gestation3132weeksUNK,Gestation 31 32 weeks Unknown,ICD10CM,Z3A.32,32 weeks gestation of pregnancy,C3264111,32 weeks gestation of pregnancy,narrow,P,PrA,Z3A.32,ongoing_pregnancy
Gestation3132weeksUNK,Gestation 31 32 weeks Unknown,SCTSPA,169718007,examen prenatal- 32 semanas,C0419597,Antenatal 32 week examination,narrow,P,PrA,169718007,ongoing_pregnancy
Gestation3132weeksUNK,Gestation 31 32 weeks Unknown,SCTSPA,64920003,edad gestacional- 31 semanas,C0233038,Gestation period- 31 weeks,narrow,P,PrA,64920003,ongoing_pregnancy
Gestation3132weeksUNK,Gestation 31 32 weeks Unknown,SCTSPA,7707000,edad gestacional- 32 semanas,C0233039,Gestation period- 32 weeks,narrow,P,PrA,7707000,ongoing_pregnancy
Gestation3132weeksUNK,Gestation 31 32 weeks Unknown,SCTSPA,840629008,útero grávido de tamaño correspondiente a 28-32 semanas,C5395472,Gravid uterus at 28-32 weeks size,possible,P,PrA,840629008,ongoing_pregnancy
Gestation3132weeksUNK,Gestation 31 32 weeks Unknown,SNOMEDCT_US,146949001,Antenatal 32 week examination,C0419597,Antenatal 32 week examination,narrow,P,PrA,146949001,ongoing_pregnancy
Gestation3132weeksUNK,Gestation 31 32 weeks Unknown,SNOMEDCT_US,169718007,Antenatal 32 week examination,C0419597,Antenatal 32 week examination,narrow,P,PrA,169718007,ongoing_pregnancy
Gestation3132weeksUNK,Gestation 31 32 weeks Unknown,SNOMEDCT_US,64920003,Gestation period- 31 weeks,C0233038,Gestation period- 31 weeks,narrow,P,PrA,64920003,ongoing_pregnancy
Gestation3132weeksUNK,Gestation 31 32 weeks Unknown,SNOMEDCT_US,7707000,Gestation period- 32 weeks,C0233039,Gestation period- 32 weeks,narrow,P,PrA,7707000,ongoing_pregnancy
Gestation3132weeksUNK,Gestation 31 32 weeks Unknown,SNOMEDCT_US,840629008,Gravid uterus at 28-32 weeks size,C5395472,Gravid uterus at 28-32 weeks size,possible,P,PrA,840629008,ongoing_pregnancy
Gestation3334weeksUNK,Gestation 33 34 Unknown,ICD10CM,Z3A.33,33 weeks gestation of pregnancy,C3264112,33 weeks gestation of pregnancy,narrow,P,PrA,Z3A.33,ongoing_pregnancy
Gestation3334weeksUNK,Gestation 33 34 Unknown,ICD10CM,Z3A.34,34 weeks gestation of pregnancy,C3264113,34 weeks gestation of pregnancy,narrow,P,PrA,Z3A.34,ongoing_pregnancy
Gestation3334weeksUNK,Gestation 33 34 Unknown,SCTSPA,13763000,edad gestacional- 34 semanas,C0233041,Gestation period- 34 weeks,narrow,P,PrA,13763000,ongoing_pregnancy
Gestation3334weeksUNK,Gestation 33 34 Unknown,SCTSPA,169719004,examen prenatal- 34 semanas,C0419598,Antenatal 34 week examination,narrow,P,PrA,169719004,ongoing_pregnancy
Gestation3334weeksUNK,Gestation 33 34 Unknown,SCTSPA,78395001,edad gestacional- 33 semanas,C0233040,Gestation period- 33 weeks,narrow,P,PrA,78395001,ongoing_pregnancy
Gestation3334weeksUNK,Gestation 33 34 Unknown,SCTSPA,840630003,útero grávido de tamaño correspondiente a 32-34 semanas,C5395473,Gravid uterus at 32-34 weeks size,possible,P,PrA,840630003,ongoing_pregnancy
Gestation3334weeksUNK,Gestation 33 34 Unknown,SNOMEDCT_US,13763000,Gestation period- 34 weeks,C0233041,Gestation period- 34 weeks,narrow,P,PrA,13763000,ongoing_pregnancy
Gestation3334weeksUNK,Gestation 33 34 Unknown,SNOMEDCT_US,146950001,Antenatal 34 week examination,C0419598,Antenatal 34 week examination,narrow,P,PrA,146950001,ongoing_pregnancy
Gestation3334weeksUNK,Gestation 33 34 Unknown,SNOMEDCT_US,169719004,Antenatal 34 week examination,C0419598,Antenatal 34 week examination,narrow,P,PrA,169719004,ongoing_pregnancy
Gestation3334weeksUNK,Gestation 33 34 Unknown,SNOMEDCT_US,78395001,Gestation period- 33 weeks,C0233040,Gestation period- 33 weeks,narrow,P,PrA,78395001,ongoing_pregnancy
Gestation3334weeksUNK,Gestation 33 34 Unknown,SNOMEDCT_US,840630003,Gravid uterus at 32-34 weeks size,C5395473,Gravid uterus at 32-34 weeks size,possible,P,PrA,840630003,ongoing_pregnancy
Gestation3536weeksUNK,Gestation 35 36 UNK,ICD10CM,Z3A.35,35 weeks gestation of pregnancy,C3264114,35 weeks gestation of pregnancy,narrow,P,PrA,Z3A.35,ongoing_pregnancy
Gestation3536weeksUNK,Gestation 35 36 UNK,ICD10CM,Z3A.36,36 weeks gestation of pregnancy,C3264115,36 weeks gestation of pregnancy,narrow,P,PrA,Z3A.36,ongoing_pregnancy
Gestation3536weeksUNK,Gestation 35 36 UNK,SCTSPA,57907009,edad gestacional- 36 semanas,C0233043,Gestation period- 36 weeks,narrow,P,PrA,57907009,ongoing_pregnancy
Gestation3536weeksUNK,Gestation 35 36 UNK,SCTSPA,84132007,edad gestacional- 35 semanas,C0233042,Gestation period- 35 weeks,narrow,P,PrA,84132007,ongoing_pregnancy
Gestation3536weeksUNK,Gestation 35 36 UNK,SNOMEDCT_US,57907009,Gestation period- 36 weeks,C0233043,Gestation period- 36 weeks,narrow,P,PrA,57907009,ongoing_pregnancy
Gestation3536weeksUNK,Gestation 35 36 UNK,SNOMEDCT_US,84132007,Gestation period- 35 weeks,C0233042,Gestation period- 35 weeks,narrow,P,PrA,84132007,ongoing_pregnancy
Gestation37weeksLB,Gestation 37 weeks LB,ICD10CM,O75.82,Delivery by (planned) cesarean section occurring after 37 completed weeks of gestation but before 39 completed weeks gestation due to (spontaneous) onset of labor,C3161218,Delivery by (planned) cesarean section occurring after 37 completed weeks of gestation but before 39 completed weeks gestation due to (spontaneous) onset of labor,narrow,P,PrA,O75.82,end_of_pregnancy
Gestation37weeksLB,Gestation 37 weeks LB,ICD9CM,649.8,Onset (spontaneous) of labor after 37 completed weeks of gestation but before 39 completed weeks gestation- with delivery by (planned) cesarean section,C3161258,Onset (spontaneous) of labor after 37 completed weeks of gestation but before 39 completed weeks gestation- with delivery by (planned) cesarean section,narrow,P,PrA,649.8,end_of_pregnancy
Gestation37weeksLB,Gestation 37 weeks LB,ICD9CM,649.81,Onset (spontaneous) of labor after 37 completed weeks of gestation but before 39 completed weeks gestation- with delivery by (planned) cesarean section- delivered- with or without mention of antepartum condition,C3161121,Onset (spontaneous) of labor after 37 completed weeks of gestation but before 39 completed weeks gestation- with delivery by (planned) cesarean section- delivered- with or without mention of antepartum condition,narrow,P,PrA,649.81,end_of_pregnancy
Gestation37weeksLB,Gestation 37 weeks LB,ICD9CM,649.82,Onset (spontaneous) of labor after 37 completed weeks of gestation but before 39 completed weeks gestation- with delivery by (planned) cesarean section- delivered- with mention of postpartum complication,C3161122,Onset (spontaneous) of labor after 37 completed weeks of gestation but before 39 completed weeks gestation- with delivery by (planned) cesarean section- delivered- with mention of postpartum complication,narrow,P,PrA,649.82,end_of_pregnancy
Gestation37weeksLB,Gestation 37 weeks LB,MTHICD9,649.8,Delivery by (planned) cesarean section occurring after 37 completed weeks of gestation but before 39 completed weeks gestation due to (spontaneous) onset of labor,C3161218,Delivery by (planned) cesarean section occurring after 37 completed weeks of gestation but before 39 completed weeks gestation due to (spontaneous) onset of labor,narrow,P,PrA,649.8,end_of_pregnancy
Gestation37weeksUNK,Gestation 37 UNK,ICD10CM,Z3A.37,37 weeks gestation of pregnancy,C3264116,37 weeks gestation of pregnancy,narrow,P,PrA,Z3A.37,ongoing_pregnancy
Gestation37weeksUNK,Gestation 37 UNK,SCTSPA,43697006,edad gestacional- 37 semanas,C0233044,Gestation period- 37 weeks,narrow,P,PrA,43697006,ongoing_pregnancy
Gestation37weeksUNK,Gestation 37 UNK,SNOMEDCT_US,43697006,Gestation period- 37 weeks,C0233044,Gestation period- 37 weeks,narrow,P,PrA,43697006,ongoing_pregnancy
Gestationlessthan24weeksU,Gestation less than 24 weeks UNK,ICD10CM,Z3A.0,Weeks of gestation of pregnancy- unspecified or less than 10 weeks,C3264081,Weeks of gestation of pregnancy- unspecified or less than 10 weeks,narrow,P,PrA,Z3A.0,ongoing_pregnancy
Gestationlessthan24weeksU,Gestation less than 24 weeks UNK,ICD10CM,Z3A.01,Less than 8 weeks gestation of pregnancy,C3264083,Less than 8 weeks gestation of pregnancy,narrow,P,PrA,Z3A.01,ongoing_pregnancy
Gestationlessthan24weeksU,Gestation less than 24 weeks UNK,ICD10CM,Z3A.08,8 weeks gestation of pregnancy,C3264084,8 weeks gestation of pregnancy,narrow,P,PrA,Z3A.08,ongoing_pregnancy
Gestationlessthan24weeksU,Gestation less than 24 weeks UNK,ICD10CM,Z3A.09,9 weeks gestation of pregnancy,C3264085,9 weeks gestation of pregnancy,narrow,P,PrA,Z3A.09,ongoing_pregnancy
Gestationlessthan24weeksU,Gestation less than 24 weeks UNK,ICD10CM,Z3A.1,Weeks of gestation of pregnancy- weeks 10-19,C3264086,Weeks of gestation of pregnancy- weeks 10-19,narrow,P,PrA,Z3A.1,ongoing_pregnancy
Gestationlessthan24weeksU,Gestation less than 24 weeks UNK,ICD10CM,Z3A.10,10 weeks gestation of pregnancy,"","",narrow,P,PrA,Z3A.10,ongoing_pregnancy
Gestationlessthan24weeksU,Gestation less than 24 weeks UNK,ICD10CM,Z3A.11,11 weeks gestation of pregnancy,"","",narrow,P,PrA,Z3A.11,ongoing_pregnancy
Gestationlessthan24weeksU,Gestation less than 24 weeks UNK,ICD10CM,Z3A.12,12 weeks gestation of pregnancy,"","",narrow,P,PrA,Z3A.12,ongoing_pregnancy
Gestationlessthan24weeksU,Gestation less than 24 weeks UNK,ICD10CM,Z3A.13,13 weeks gestation of pregnancy,"","",narrow,P,PrA,Z3A.13,ongoing_pregnancy
Gestationlessthan24weeksU,Gestation less than 24 weeks UNK,ICD10CM,Z3A.14,14 weeks gestation of pregnancy,"","",narrow,P,PrA,Z3A.14,ongoing_pregnancy
Gestationlessthan24weeksU,Gestation less than 24 weeks UNK,ICD10CM,Z3A.15,15 weeks gestation of pregnancy,"","",narrow,P,PrA,Z3A.15,ongoing_pregnancy
Gestationlessthan24weeksU,Gestation less than 24 weeks UNK,ICD10CM,Z3A.16,16 weeks gestation of pregnancy,"","",narrow,P,PrA,Z3A.16,ongoing_pregnancy
Gestationlessthan24weeksU,Gestation less than 24 weeks UNK,ICD10CM,Z3A.17,17 weeks gestation of pregnancy,"","",narrow,P,PrA,Z3A.17,ongoing_pregnancy
Gestationlessthan24weeksU,Gestation less than 24 weeks UNK,ICD10CM,Z3A.18,18 weeks gestation of pregnancy,"","",narrow,P,PrA,Z3A.18,ongoing_pregnancy
Gestationlessthan24weeksU,Gestation less than 24 weeks UNK,ICD10CM,Z3A.19,19 weeks gestation of pregnancy,"","",narrow,P,PrA,Z3A.19,ongoing_pregnancy
Gestationlessthan24weeksU,Gestation less than 24 weeks UNK,ICD10CM,Z3A.20,20 weeks gestation of pregnancy,C3264098,20 weeks gestation of pregnancy,narrow,P,PrA,Z3A.20,ongoing_pregnancy
Gestationlessthan24weeksU,Gestation less than 24 weeks UNK,ICD10CM,Z3A.21,21 weeks gestation of pregnancy,C3264099,21 weeks gestation of pregnancy,narrow,P,PrA,Z3A.21,ongoing_pregnancy
Gestationlessthan24weeksU,Gestation less than 24 weeks UNK,ICD10CM,Z3A.22,22 weeks gestation of pregnancy,C3264100,22 weeks gestation of pregnancy,narrow,P,PrA,Z3A.22,ongoing_pregnancy
Gestationlessthan24weeksU,Gestation less than 24 weeks UNK,SCTSPA,15633004,edad gestacional- 16 semanas,C0233023,Gestation period- 16 weeks,narrow,P,PrA,15633004,ongoing_pregnancy
Gestationlessthan24weeksU,Gestation less than 24 weeks UNK,SCTSPA,169668007,ecografía prenatal a las 4 - 8 semanas,C0579035,Antenatal ultrasound scan 4-8 weeks,narrow,P,PrA,169668007,ongoing_pregnancy
Gestationlessthan24weeksU,Gestation less than 24 weeks UNK,SCTSPA,169669004,ecografía prenatal a las 9 - 16 semanas,C0579060,Antenatal ultrasound scan at 9-16 weeks,narrow,P,PrA,169669004,ongoing_pregnancy
Gestationlessthan24weeksU,Gestation less than 24 weeks UNK,SCTSPA,169670003,ecografía prenatal a las 17 - 22 semanas,C0579061,Antenatal ultrasound scan at 17-22 weeks,narrow,P,PrA,169670003,ongoing_pregnancy
Gestationlessthan24weeksU,Gestation less than 24 weeks UNK,SCTSPA,169712008,examen prenatal- 12 semanas,C0419591,Antenatal 12 weeks examination,narrow,P,PrA,169712008,ongoing_pregnancy
Gestationlessthan24weeksU,Gestation less than 24 weeks UNK,SCTSPA,169713003,examen prenatal- 16 semanas,C0419592,Antenatal 16 week examination,narrow,P,PrA,169713003,ongoing_pregnancy
Gestationlessthan24weeksU,Gestation less than 24 weeks UNK,SCTSPA,169714009,examen prenatal- 20 semanas,C0419593,Antenatal 20 week examination,narrow,P,PrA,169714009,ongoing_pregnancy
Gestationlessthan24weeksU,Gestation less than 24 weeks UNK,SCTSPA,23464008,edad gestacional- 20 semanas,C0233027,Gestation period- 20 weeks,narrow,P,PrA,23464008,ongoing_pregnancy
Gestationlessthan24weeksU,Gestation less than 24 weeks UNK,SCTSPA,25026004,Gestation period- 18 weeks,"","",narrow,P,PrA,25026004,ongoing_pregnancy
Gestationlessthan24weeksU,Gestation less than 24 weeks UNK,SCTSPA,26690008,edad gestacional- 8 semanas,C0233015,Gestation period- 8 weeks,narrow,P,PrA,26690008,ongoing_pregnancy
Gestationlessthan24weeksU,Gestation less than 24 weeks UNK,SCTSPA,313178001,gestación de menos de 24 semanas,C0730521,Gestation less than 24 weeks,narrow,P,PrA,313178001,ongoing_pregnancy
Gestationlessthan24weeksU,Gestation less than 24 weeks UNK,SCTSPA,37005007,edad gestacional- 5 semanas,C0233012,Gestation period- 5 weeks,narrow,P,PrA,37005007,ongoing_pregnancy
Gestationlessthan24weeksU,Gestation less than 24 weeks UNK,SCTSPA,38039008,Gestation period- 10 weeks,"","",narrow,P,PrA,38039008,ongoing_pregnancy
Gestationlessthan24weeksU,Gestation less than 24 weeks UNK,SCTSPA,41438001,edad gestacional- 21 semanas,C0233028,Gestation period- 21 weeks,narrow,P,PrA,41438001,ongoing_pregnancy
Gestationlessthan24weeksU,Gestation less than 24 weeks UNK,SCTSPA,428058009,gestación de menos de 9 semanas,C1997445,Gestation less than 9 weeks,narrow,P,PrA,428058009,ongoing_pregnancy
Gestationlessthan24weeksU,Gestation less than 24 weeks UNK,SCTSPA,428566005,gestación de menos de 20 semanas,C1997884,Gestation less than 20 weeks,narrow,P,PrA,428566005,ongoing_pregnancy
Gestationlessthan24weeksU,Gestation less than 24 weeks UNK,SCTSPA,428567001,embarazo entre 14 y 20 semanas,C1997269,Gestation 14 - 20 weeks,narrow,P,PrA,428567001,ongoing_pregnancy
Gestationlessthan24weeksU,Gestation less than 24 weeks UNK,SCTSPA,428930004,gestación de 9 a 13 semanas,C1997421,Gestation 9- 13 weeks,narrow,P,PrA,428930004,ongoing_pregnancy
Gestationlessthan24weeksU,Gestation less than 24 weeks UNK,SCTSPA,44398003,edad gestacional- 4 semanas,C0233011,Gestation period- 4 weeks,narrow,P,PrA,44398003,ongoing_pregnancy
Gestationlessthan24weeksU,Gestation less than 24 weeks UNK,SCTSPA,50367001,Gestation period- 11 weeks,"","",narrow,P,PrA,50367001,ongoing_pregnancy
Gestationlessthan24weeksU,Gestation less than 24 weeks UNK,SCTSPA,54318006,Gestation period- 19 weeks,"","",narrow,P,PrA,54318006,ongoing_pregnancy
Gestationlessthan24weeksU,Gestation less than 24 weeks UNK,SCTSPA,62333002,Gestation period- 13 weeks,"","",narrow,P,PrA,62333002,ongoing_pregnancy
Gestationlessthan24weeksU,Gestation less than 24 weeks UNK,SCTSPA,63110000,edad gestacional- 7 semanas,C0233014,Gestation period- 7 weeks,narrow,P,PrA,63110000,ongoing_pregnancy
Gestationlessthan24weeksU,Gestation less than 24 weeks UNK,SCTSPA,65035007,edad gestacional- 22 semanas,C0233029,Gestation period- 22 weeks,narrow,P,PrA,65035007,ongoing_pregnancy
Gestationlessthan24weeksU,Gestation less than 24 weeks UNK,SCTSPA,65683006,Gestation period- 17 weeks,"","",narrow,P,PrA,65683006,ongoing_pregnancy
Gestationlessthan24weeksU,Gestation less than 24 weeks UNK,SCTSPA,6678005,Gestation period- 15 weeks,"","",narrow,P,PrA,6678005,ongoing_pregnancy
Gestationlessthan24weeksU,Gestation less than 24 weeks UNK,SCTSPA,72846000,edad gestacional- 14 semanas,C0233021,Gestation period- 14 weeks,narrow,P,PrA,72846000,ongoing_pregnancy
Gestationlessthan24weeksU,Gestation less than 24 weeks UNK,SCTSPA,74952004,edad gestacional- 3 semanas,C0233010,Gestation period- 3 weeks,narrow,P,PrA,74952004,ongoing_pregnancy
Gestationlessthan24weeksU,Gestation less than 24 weeks UNK,SCTSPA,79992004,Gestation period- 12 weeks,"","",narrow,P,PrA,79992004,ongoing_pregnancy
Gestationlessthan24weeksU,Gestation less than 24 weeks UNK,SCTSPA,82118009,edad gestacional- 2 semanas,C0233009,Gestation period- 2 weeks,narrow,P,PrA,82118009,ongoing_pregnancy
Gestationlessthan24weeksU,Gestation less than 24 weeks UNK,SCTSPA,840625002,útero grávido de tamaño correspondiente a 12-16 semanas,C5395468,Gravid uterus at 12-16 weeks size,possible,P,PrA,840625002,ongoing_pregnancy
Gestationlessthan24weeksU,Gestation less than 24 weeks UNK,SCTSPA,840626001,útero grávido de tamaño correspondiente a 16-20 semanas,C5395469,Gravid uterus at 16-20 weeks size,possible,P,PrA,840626001,ongoing_pregnancy
Gestationlessthan24weeksU,Gestation less than 24 weeks UNK,SCTSPA,840627005,útero grávido de tamaño correspondiente a 20-24 semanas,C5395470,Gravid uterus at 20-24 weeks size,possible,P,PrA,840627005,ongoing_pregnancy
Gestationlessthan24weeksU,Gestation less than 24 weeks UNK,SCTSPA,86801005,edad gestacional- 6 semanas,C0233013,Gestation period- 6 weeks,narrow,P,PrA,86801005,ongoing_pregnancy
Gestationlessthan24weeksU,Gestation less than 24 weeks UNK,SCTSPA,87178007,Gestation period- 1 week,"","",narrow,P,PrA,87178007,ongoing_pregnancy
Gestationlessthan24weeksU,Gestation less than 24 weeks UNK,SCTSPA,931004,edad gestacional- 9 semanas,C0233016,Gestation period- 9 weeks,narrow,P,PrA,931004,ongoing_pregnancy
Gestationlessthan24weeksU,Gestation less than 24 weeks UNK,SNOMEDCT_US,146899003,Antenatal ultrasound scan 4-8 weeks,C0579035,Antenatal ultrasound scan 4-8 weeks,narrow,P,PrA,146899003,ongoing_pregnancy
Gestationlessthan24weeksU,Gestation less than 24 weeks UNK,SNOMEDCT_US,146900008,Antenatal ultrasound scan at 9-16 weeks,C0579060,Antenatal ultrasound scan at 9-16 weeks,narrow,P,PrA,146900008,ongoing_pregnancy
Gestationlessthan24weeksU,Gestation less than 24 weeks UNK,SNOMEDCT_US,146901007,Antenatal ultrasound scan at 17-22 weeks,C0579061,Antenatal ultrasound scan at 17-22 weeks,narrow,P,PrA,146901007,ongoing_pregnancy
Gestationlessthan24weeksU,Gestation less than 24 weeks UNK,SNOMEDCT_US,146943000,Antenatal 12 weeks examination,C0419591,Antenatal 12 weeks examination,narrow,P,PrA,146943000,ongoing_pregnancy
Gestationlessthan24weeksU,Gestation less than 24 weeks UNK,SNOMEDCT_US,146944006,Antenatal 16 week examination,C0419592,Antenatal 16 week examination,narrow,P,PrA,146944006,ongoing_pregnancy
Gestationlessthan24weeksU,Gestation less than 24 weeks UNK,SNOMEDCT_US,146945007,Antenatal 20 week examination,C0419593,Antenatal 20 week examination,narrow,P,PrA,146945007,ongoing_pregnancy
Gestationlessthan24weeksU,Gestation less than 24 weeks UNK,SNOMEDCT_US,147035002,Gestation <24 weeks,C0730521,Gestation less than 24 weeks,narrow,P,PrA,147035002,ongoing_pregnancy
Gestationlessthan24weeksU,Gestation less than 24 weeks UNK,SNOMEDCT_US,15633004,Gestation period- 16 weeks,C0233023,Gestation period- 16 weeks,narrow,P,PrA,15633004,ongoing_pregnancy
Gestationlessthan24weeksU,Gestation less than 24 weeks UNK,SNOMEDCT_US,169668007,Antenatal ultrasound scan 4-8 weeks,C0579035,Antenatal ultrasound scan 4-8 weeks,narrow,P,PrA,169668007,ongoing_pregnancy
Gestationlessthan24weeksU,Gestation less than 24 weeks UNK,SNOMEDCT_US,169669004,Antenatal ultrasound scan at 9-16 weeks,C0579060,Antenatal ultrasound scan at 9-16 weeks,narrow,P,PrA,169669004,ongoing_pregnancy
Gestationlessthan24weeksU,Gestation less than 24 weeks UNK,SNOMEDCT_US,169670003,Antenatal ultrasound scan at 17-22 weeks,C0579061,Antenatal ultrasound scan at 17-22 weeks,narrow,P,PrA,169670003,ongoing_pregnancy
Gestationlessthan24weeksU,Gestation less than 24 weeks UNK,SNOMEDCT_US,169712008,Antenatal 12 weeks examination,C0419591,Antenatal 12 weeks examination,narrow,P,PrA,169712008,ongoing_pregnancy
Gestationlessthan24weeksU,Gestation less than 24 weeks UNK,SNOMEDCT_US,169713003,Antenatal 16 week examination,C0419592,Antenatal 16 week examination,narrow,P,PrA,169713003,ongoing_pregnancy
Gestationlessthan24weeksU,Gestation less than 24 weeks UNK,SNOMEDCT_US,169714009,Antenatal 20 week examination,C0419593,Antenatal 20 week examination,narrow,P,PrA,169714009,ongoing_pregnancy
Gestationlessthan24weeksU,Gestation less than 24 weeks UNK,SNOMEDCT_US,169806005,Gestation <24 weeks,C0730521,Gestation less than 24 weeks,narrow,P,PrA,169806005,ongoing_pregnancy
Gestationlessthan24weeksU,Gestation less than 24 weeks UNK,SNOMEDCT_US,23464008,Gestation period- 20 weeks,C0233027,Gestation period- 20 weeks,narrow,P,PrA,23464008,ongoing_pregnancy
Gestationlessthan24weeksU,Gestation less than 24 weeks UNK,SNOMEDCT_US,25026004,Gestation period- 18 weeks,"","",narrow,P,PrA,25026004,ongoing_pregnancy
Gestationlessthan24weeksU,Gestation less than 24 weeks UNK,SNOMEDCT_US,26690008,Gestation period- 8 weeks,C0233015,Gestation period- 8 weeks,narrow,P,PrA,26690008,ongoing_pregnancy
Gestationlessthan24weeksU,Gestation less than 24 weeks UNK,SNOMEDCT_US,313178001,Gestation less than 24 weeks,C0730521,Gestation less than 24 weeks,narrow,P,PrA,313178001,ongoing_pregnancy
Gestationlessthan24weeksU,Gestation less than 24 weeks UNK,SNOMEDCT_US,37005007,Gestation period- 5 weeks,C0233012,Gestation period- 5 weeks,narrow,P,PrA,37005007,ongoing_pregnancy
Gestationlessthan24weeksU,Gestation less than 24 weeks UNK,SNOMEDCT_US,38039008,Gestation period- 10 weeks,"","",narrow,P,PrA,38039008,ongoing_pregnancy
Gestationlessthan24weeksU,Gestation less than 24 weeks UNK,SNOMEDCT_US,41438001,Gestation period- 21 weeks,C0233028,Gestation period- 21 weeks,narrow,P,PrA,41438001,ongoing_pregnancy
Gestationlessthan24weeksU,Gestation less than 24 weeks UNK,SNOMEDCT_US,428058009,Gestation less than 9 weeks,C1997445,Gestation less than 9 weeks,narrow,P,PrA,428058009,ongoing_pregnancy
Gestationlessthan24weeksU,Gestation less than 24 weeks UNK,SNOMEDCT_US,428566005,Gestation less than 20 weeks,C1997884,Gestation less than 20 weeks,narrow,P,PrA,428566005,ongoing_pregnancy
Gestationlessthan24weeksU,Gestation less than 24 weeks UNK,SNOMEDCT_US,428567001,Gestation 14 - 20 weeks,C1997269,Gestation 14 - 20 weeks,narrow,P,PrA,428567001,ongoing_pregnancy
Gestationlessthan24weeksU,Gestation less than 24 weeks UNK,SNOMEDCT_US,428930004,Gestation 9- 13 weeks,C1997421,Gestation 9- 13 weeks,narrow,P,PrA,428930004,ongoing_pregnancy
Gestationlessthan24weeksU,Gestation less than 24 weeks UNK,SNOMEDCT_US,44398003,Gestation period- 4 weeks,C0233011,Gestation period- 4 weeks,narrow,P,PrA,44398003,ongoing_pregnancy
Gestationlessthan24weeksU,Gestation less than 24 weeks UNK,SNOMEDCT_US,50367001,Gestation period- 11 weeks,"","",narrow,P,PrA,50367001,ongoing_pregnancy
Gestationlessthan24weeksU,Gestation less than 24 weeks UNK,SNOMEDCT_US,54318006,Gestation period- 19 weeks,"","",narrow,P,PrA,54318006,ongoing_pregnancy
Gestationlessthan24weeksU,Gestation less than 24 weeks UNK,SNOMEDCT_US,62333002,Gestation period- 13 weeks,"","",narrow,P,PrA,62333002,ongoing_pregnancy
Gestationlessthan24weeksU,Gestation less than 24 weeks UNK,SNOMEDCT_US,63110000,Gestation period- 7 weeks,C0233014,Gestation period- 7 weeks,narrow,P,PrA,63110000,ongoing_pregnancy
Gestationlessthan24weeksU,Gestation less than 24 weeks UNK,SNOMEDCT_US,65035007,Gestation period- 22 weeks,C0233029,Gestation period- 22 weeks,narrow,P,PrA,65035007,ongoing_pregnancy
Gestationlessthan24weeksU,Gestation less than 24 weeks UNK,SNOMEDCT_US,65683006,Gestation period- 17 weeks,"","",narrow,P,PrA,65683006,ongoing_pregnancy
Gestationlessthan24weeksU,Gestation less than 24 weeks UNK,SNOMEDCT_US,6678005,Gestation period- 15 weeks,"","",narrow,P,PrA,6678005,ongoing_pregnancy
Gestationlessthan24weeksU,Gestation less than 24 weeks UNK,SNOMEDCT_US,72846000,Gestation period- 14 weeks,C0233021,Gestation period- 14 weeks,narrow,P,PrA,72846000,ongoing_pregnancy
Gestationlessthan24weeksU,Gestation less than 24 weeks UNK,SNOMEDCT_US,74952004,Gestation period- 3 weeks,C0233010,Gestation period- 3 weeks,narrow,P,PrA,74952004,ongoing_pregnancy
Gestationlessthan24weeksU,Gestation less than 24 weeks UNK,SNOMEDCT_US,79992004,Gestation period- 12 weeks,"","",narrow,P,PrA,79992004,ongoing_pregnancy
Gestationlessthan24weeksU,Gestation less than 24 weeks UNK,SNOMEDCT_US,82118009,Gestation period- 2 weeks,C0233009,Gestation period- 2 weeks,narrow,P,PrA,82118009,ongoing_pregnancy
Gestationlessthan24weeksU,Gestation less than 24 weeks UNK,SNOMEDCT_US,840625002,Gravid uterus at 12-16 weeks size,C5395468,Gravid uterus at 12-16 weeks size,possible,P,PrA,840625002,ongoing_pregnancy
Gestationlessthan24weeksU,Gestation less than 24 weeks UNK,SNOMEDCT_US,840626001,Gravid uterus at 16-20 weeks size,C5395469,Gravid uterus at 16-20 weeks size,possible,P,PrA,840626001,ongoing_pregnancy
Gestationlessthan24weeksU,Gestation less than 24 weeks UNK,SNOMEDCT_US,840627005,Gravid uterus at 20-24 weeks size,C5395470,Gravid uterus at 20-24 weeks size,possible,P,PrA,840627005,ongoing_pregnancy
Gestationlessthan24weeksU,Gestation less than 24 weeks UNK,SNOMEDCT_US,86801005,Gestation period- 6 weeks,C0233013,Gestation period- 6 weeks,narrow,P,PrA,86801005,ongoing_pregnancy
Gestationlessthan24weeksU,Gestation less than 24 weeks UNK,SNOMEDCT_US,87178007,Gestation period- 1 week,"","",narrow,P,PrA,87178007,ongoing_pregnancy
Gestationlessthan24weeksU,Gestation less than 24 weeks UNK,SNOMEDCT_US,931004,Gestation period- 9 weeks,C0233016,Gestation period- 9 weeks,narrow,P,PrA,931004,ongoing_pregnancy
OngoingPregnancy1,Ongoing Pregnancy,ICD10,O12.0,Gestational edema,C0341960,"",narrow,P,PrA,O12.0,ongoing_pregnancy
OngoingPregnancy1,Ongoing Pregnancy,ICD10,O12.10,Gestational proteinuria- unspecified trimester,"","",narrow,P,PrA,O12.10,ongoing_pregnancy
OngoingPregnancy1,Ongoing Pregnancy,ICD10,O12.11,Gestational proteinuria- first trimester,"","",narrow,P,PrA,O12.11,ongoing_pregnancy
OngoingPregnancy1,Ongoing Pregnancy,ICD10,O12.12,Gestational proteinuria- second trimester,"","",narrow,P,PrA,O12.12,ongoing_pregnancy
OngoingPregnancy1,Ongoing Pregnancy,ICD10,O12.13,Gestational proteinuria- third trimester,"","",narrow,P,PrA,O12.13,ongoing_pregnancy
OngoingPregnancy1,Ongoing Pregnancy,ICD10,O12.2,Gestational oedema with proteinuria,C0475548,"",narrow,P,PrA,O12.2,ongoing_pregnancy
OngoingPregnancy1,Ongoing Pregnancy,ICD10,O12.20,Gestational edema with proteinuria- unspecified trimester,"","",narrow,P,PrA,O12.20,ongoing_pregnancy
OngoingPregnancy1,Ongoing Pregnancy,ICD10,O12.21,Gestational edema with proteinuria- first trimester,"","",narrow,P,PrA,O12.21,ongoing_pregnancy
OngoingPregnancy1,Ongoing Pregnancy,ICD10,O12.22,Gestational edema with proteinuria- second trimester,"","",narrow,P,PrA,O12.22,ongoing_pregnancy
OngoingPregnancy1,Ongoing Pregnancy,ICD10,O12.23,Gestational edema with proteinuria- third trimester,"","",narrow,P,PrA,O12.23,ongoing_pregnancy
OngoingPregnancy1,Ongoing Pregnancy,ICD10,O14.00,Mild to moderate pre-eclampsia- unspecified trimester,"","",narrow,P,PrA,O14.00,ongoing_pregnancy
OngoingPregnancy1,Ongoing Pregnancy,ICD10,O14.02,Mild to moderate pre-eclampsia- second trimester,"","",narrow,P,PrA,O14.02,ongoing_pregnancy
OngoingPregnancy1,Ongoing Pregnancy,ICD10,O14.03,Mild to moderate pre-eclampsia- third trimester,"","",narrow,P,PrA,O14.03,ongoing_pregnancy
OngoingPregnancy1,Ongoing Pregnancy,ICD10,O14.1,Severe pre-eclampsia,C0341950,Severe pre-eclampsia,narrow,P,PrA,O14.1,ongoing_pregnancy
OngoingPregnancy1,Ongoing Pregnancy,ICD10,O14.10,Severe pre-eclampsia- unspecified trimester,"","",narrow,P,PrA,O14.10,ongoing_pregnancy
OngoingPregnancy1,Ongoing Pregnancy,ICD10,O14.12,Severe pre-eclampsia- second trimester,"","",narrow,P,PrA,O14.12,ongoing_pregnancy
OngoingPregnancy1,Ongoing Pregnancy,ICD10,O14.13,Severe pre-eclampsia- third trimester,"","",narrow,P,PrA,O14.13,ongoing_pregnancy
OngoingPregnancy1,Ongoing Pregnancy,ICD10,O15.00,Eclampsia complicating pregnancy- unspecified trimester,"","",narrow,P,PrA,O15.00,ongoing_pregnancy
OngoingPregnancy1,Ongoing Pregnancy,ICD10,O15.02,Eclampsia complicating pregnancy- second trimester,"","",narrow,P,PrA,O15.02,ongoing_pregnancy
OngoingPregnancy1,Ongoing Pregnancy,ICD10,O15.03,Eclampsia complicating pregnancy- third trimester,"","",narrow,P,PrA,O15.03,ongoing_pregnancy
OngoingPregnancy1,Ongoing Pregnancy,ICD10,O20,Haemorrhage in early pregnancy,C0156604,Hemorrhage in early pregnancy,narrow,P,PrA,O20,ongoing_pregnancy
OngoingPregnancy1,Ongoing Pregnancy,ICD10,O20.0,Threatened abortion,C0000821,Threatened abortion,narrow,P,PrA,O20.0,ongoing_pregnancy
OngoingPregnancy1,Ongoing Pregnancy,ICD10,O20.8,Other hemorrhage in early pregnancy - Other haemorrhage in early pregnancy,"","",narrow,P,PrA,O20.8,ongoing_pregnancy
OngoingPregnancy1,Ongoing Pregnancy,ICD10,O20.9,Haemorrhage in early pregnancy- unspecified,C0156604,Hemorrhage in early pregnancy,narrow,P,PrA,O20.9,ongoing_pregnancy
OngoingPregnancy1,Ongoing Pregnancy,ICD10,O21,Excessive vomiting in pregnancy,C0020450,Hyperemesis Gravidarum,narrow,P,PrA,O21,ongoing_pregnancy
OngoingPregnancy1,Ongoing Pregnancy,ICD10,O21.0,Mild hyperemesis gravidarum,C0020451,Mild hyperemesis gravidarum,narrow,P,PrA,O21.0,ongoing_pregnancy
OngoingPregnancy1,Ongoing Pregnancy,ICD10,O21.1,Hyperemesis gravidarum with metabolic disturbance,C0405080,Hyperemesis gravidarum with metabolic disturbance,narrow,P,PrA,O21.1,ongoing_pregnancy
OngoingPregnancy1,Ongoing Pregnancy,ICD10,O21.2,Late vomiting of pregnancy,C0156699,Late vomiting of pregnancy,narrow,P,PrA,O21.2,ongoing_pregnancy
OngoingPregnancy1,Ongoing Pregnancy,ICD10,O21.8,Other vomiting complicating pregnancy,C0156703,Other vomiting complicating pregnancy,narrow,P,PrA,O21.8,ongoing_pregnancy
OngoingPregnancy1,Ongoing Pregnancy,ICD10,O21.9,Vomiting of pregnancy- unspecified,C0269661,Vomiting of pregnancy,narrow,P,PrA,O21.9,ongoing_pregnancy
OngoingPregnancy1,Ongoing Pregnancy,ICD10,O44,Placenta praevia,C0032046,Placenta Previa,narrow,P,PrA,O44,ongoing_pregnancy
OngoingPregnancy1,Ongoing Pregnancy,ICD10,O44.0,Placenta praevia specified as without haemorrhage,C0156617,Placenta previa without hemorrhage,narrow,P,PrA,O44.0,ongoing_pregnancy
OngoingPregnancy1,Ongoing Pregnancy,ICD10,O44.00,Complete placenta previa NOS or without hemorrhage- unspecified trimester,"","",narrow,P,PrA,O44.00,ongoing_pregnancy
OngoingPregnancy1,Ongoing Pregnancy,ICD10,O44.01,Complete placenta previa NOS or without hemorrhage- first trimester,"","",narrow,P,PrA,O44.01,ongoing_pregnancy
OngoingPregnancy1,Ongoing Pregnancy,ICD10,O44.02,Complete placenta previa NOS or without hemorrhage- second trimester,"","",narrow,P,PrA,O44.02,ongoing_pregnancy
OngoingPregnancy1,Ongoing Pregnancy,ICD10,O44.03,Complete placenta previa NOS or without hemorrhage- third trimester,"","",narrow,P,PrA,O44.03,ongoing_pregnancy
OngoingPregnancy1,Ongoing Pregnancy,ICD10,O44.1,Placenta praevia with haemorrhage,C0156621,Placenta previa with hemorrhage,narrow,P,PrA,O44.1,ongoing_pregnancy
OngoingPregnancy1,Ongoing Pregnancy,ICD10,O44.10,Complete placenta previa with hemorrhage- unspecified trimester,"","",narrow,P,PrA,O44.10,ongoing_pregnancy
OngoingPregnancy1,Ongoing Pregnancy,ICD10,O44.11,Complete placenta previa with hemorrhage- first trimester,"","",narrow,P,PrA,O44.11,ongoing_pregnancy
OngoingPregnancy1,Ongoing Pregnancy,ICD10,O44.12,Complete placenta previa with hemorrhage- second trimester,"","",narrow,P,PrA,O44.12,ongoing_pregnancy
OngoingPregnancy1,Ongoing Pregnancy,ICD10,O44.13,Complete placenta previa with hemorrhage- third trimester,"","",narrow,P,PrA,O44.13,ongoing_pregnancy
OngoingPregnancy1,Ongoing Pregnancy,ICD10,O44.2,Partial placenta previa without hemorrhage,"","",narrow,P,PrA,O44.2,ongoing_pregnancy
OngoingPregnancy1,Ongoing Pregnancy,ICD10,O44.20,Partial placenta previa NOS or without hemorrhage- unspecified trimester,"","",narrow,P,PrA,O44.20,ongoing_pregnancy
OngoingPregnancy1,Ongoing Pregnancy,ICD10,O44.21,Partial placenta previa NOS or without hemorrhage- first trimester,"","",narrow,P,PrA,O44.21,ongoing_pregnancy
OngoingPregnancy1,Ongoing Pregnancy,ICD10,O44.22,Partial placenta previa NOS or without hemorrhage- second trimester,"","",narrow,P,PrA,O44.22,ongoing_pregnancy
OngoingPregnancy1,Ongoing Pregnancy,ICD10,O44.23,Partial placenta previa NOS or without hemorrhage- third trimester,"","",narrow,P,PrA,O44.23,ongoing_pregnancy
OngoingPregnancy1,Ongoing Pregnancy,ICD10,O44.3,Partial placenta previa with hemorrhage,"","",narrow,P,PrA,O44.3,ongoing_pregnancy
OngoingPregnancy1,Ongoing Pregnancy,ICD10,O44.30,Partial placenta previa with hemorrhage- unspecified trimester,"","",narrow,P,PrA,O44.30,ongoing_pregnancy
OngoingPregnancy1,Ongoing Pregnancy,ICD10,O44.31,Partial placenta previa with hemorrhage- first trimester,"","",narrow,P,PrA,O44.31,ongoing_pregnancy
OngoingPregnancy1,Ongoing Pregnancy,ICD10,O44.32,Partial placenta previa with hemorrhage- second trimester,"","",narrow,P,PrA,O44.32,ongoing_pregnancy
OngoingPregnancy1,Ongoing Pregnancy,ICD10,O44.33,Partial placenta previa with hemorrhage- third trimester,"","",narrow,P,PrA,O44.33,ongoing_pregnancy
OngoingPregnancy1,Ongoing Pregnancy,ICD10,O44.4,Low lying placenta NOS or without hemorrhage,"","",narrow,P,PrA,O44.4,ongoing_pregnancy
OngoingPregnancy1,Ongoing Pregnancy,ICD10,O44.40,Low lying placenta NOS or without hemorrhage- unspecified trimester,"","",narrow,P,PrA,O44.40,ongoing_pregnancy
OngoingPregnancy1,Ongoing Pregnancy,ICD10,O44.41,Low lying placenta NOS or without hemorrhage- first trimester,"","",narrow,P,PrA,O44.41,ongoing_pregnancy
OngoingPregnancy1,Ongoing Pregnancy,ICD10,O44.42,Low lying placenta NOS or without hemorrhage- second trimester,"","",narrow,P,PrA,O44.42,ongoing_pregnancy
OngoingPregnancy1,Ongoing Pregnancy,ICD10,O44.43,Low lying placenta NOS or without hemorrhage- third trimester,"","",narrow,P,PrA,O44.43,ongoing_pregnancy
OngoingPregnancy1,Ongoing Pregnancy,ICD10,O44.5,Low lying placenta with hemorrhage,"","",narrow,P,PrA,O44.5,ongoing_pregnancy
OngoingPregnancy1,Ongoing Pregnancy,ICD10,O44.50,Low lying placenta with hemorrhage- unspecified trimester,"","",narrow,P,PrA,O44.50,ongoing_pregnancy
OngoingPregnancy1,Ongoing Pregnancy,ICD10,O44.51,Low lying placenta with hemorrhage- first trimester,"","",narrow,P,PrA,O44.51,ongoing_pregnancy
OngoingPregnancy1,Ongoing Pregnancy,ICD10,O44.52,Low lying placenta with hemorrhage- second trimester,"","",narrow,P,PrA,O44.52,ongoing_pregnancy
OngoingPregnancy1,Ongoing Pregnancy,ICD10,O44.53,Low lying placenta with hemorrhage- third trimester,"","",narrow,P,PrA,O44.53,ongoing_pregnancy
OngoingPregnancy1,Ongoing Pregnancy,ICD10,O45.0,Premature separation of placenta with coagulation defect,C0451794,"",narrow,P,PrA,O45.0,ongoing_pregnancy
OngoingPregnancy1,Ongoing Pregnancy,ICD10,O45.00,Premature separation of placenta with coagulation defect- unspecified,"","",narrow,P,PrA,O45.00,ongoing_pregnancy
OngoingPregnancy1,Ongoing Pregnancy,ICD10,O45.01,Premature separation of placenta with afibrinogenemia,"","",narrow,P,PrA,O45.01,ongoing_pregnancy
OngoingPregnancy1,Ongoing Pregnancy,ICD10,O45.02,Premature separation of placenta with disseminated intravascular coagulation,"","",narrow,P,PrA,O45.02,ongoing_pregnancy
OngoingPregnancy1,Ongoing Pregnancy,ICD10,O45.09,Premature separation of placenta with other coagulation defect,"","",narrow,P,PrA,O45.09,ongoing_pregnancy
OngoingPregnancy1,Ongoing Pregnancy,ICD10,O45.8,Other premature separation of placenta,C0477836,"",narrow,P,PrA,O45.8,ongoing_pregnancy
OngoingPregnancy1,Ongoing Pregnancy,ICD10,O45.8X,Other premature separation of placenta,"","",narrow,P,PrA,O45.8X,ongoing_pregnancy
OngoingPregnancy1,Ongoing Pregnancy,ICD10,O45.90,Premature separation of placenta- unspecified- unspecified trimester,"","",narrow,P,PrA,O45.90,ongoing_pregnancy
OngoingPregnancy1,Ongoing Pregnancy,ICD10,O45.91,Premature separation of placenta- unspecified- first trimester,"","",narrow,P,PrA,O45.91,ongoing_pregnancy
OngoingPregnancy1,Ongoing Pregnancy,ICD10,O45.92,Premature separation of placenta- unspecified- second trimester,"","",narrow,P,PrA,O45.92,ongoing_pregnancy
OngoingPregnancy1,Ongoing Pregnancy,ICD10,O45.93,Premature separation of placenta- unspecified- third trimester,"","",narrow,P,PrA,O45.93,ongoing_pregnancy
OngoingPregnancy1,Ongoing Pregnancy,ICD10,O46.00,Antepartum hemorrhage with coagulation defect- unspecified,"","",narrow,P,PrA,O46.00,ongoing_pregnancy
OngoingPregnancy1,Ongoing Pregnancy,ICD10,O46.01,Antepartum hemorrhage with afibrinogenemia,"","",narrow,P,PrA,O46.01,ongoing_pregnancy
OngoingPregnancy1,Ongoing Pregnancy,ICD10,O46.02,Antepartum hemorrhage with disseminated intravascular coagulation,"","",narrow,P,PrA,O46.02,ongoing_pregnancy
OngoingPregnancy1,Ongoing Pregnancy,ICD10,O46.09,Antepartum hemorrhage with other coagulation defect,"","",narrow,P,PrA,O46.09,ongoing_pregnancy
OngoingPregnancy1,Ongoing Pregnancy,ICD10,O46.8X,Other antepartum hemorrhage,"","",narrow,P,PrA,O46.8X,ongoing_pregnancy
OngoingPregnancy1,Ongoing Pregnancy,ICD10,O46.9,Antepartum haemorrhage- unspecified,C0269608,Antepartum hemorrhage,narrow,P,PrA,O46.9,ongoing_pregnancy
OngoingPregnancy1,Ongoing Pregnancy,ICD10,O46.90,Antepartum hemorrhage- unspecified- unspecified trimester,"","",narrow,P,PrA,O46.90,ongoing_pregnancy
OngoingPregnancy1,Ongoing Pregnancy,ICD10,O46.91,Antepartum hemorrhage- unspecified- first trimester,"","",narrow,P,PrA,O46.91,ongoing_pregnancy
OngoingPregnancy1,Ongoing Pregnancy,ICD10,O46.92,Antepartum hemorrhage- unspecified- second trimester,"","",narrow,P,PrA,O46.92,ongoing_pregnancy
OngoingPregnancy1,Ongoing Pregnancy,ICD10,O46.93,Antepartum hemorrhage- unspecified- third trimester,"","",narrow,P,PrA,O46.93,ongoing_pregnancy
OngoingPregnancy1,Ongoing Pregnancy,ICD10CM,O00.21,Ovarian pregnancy with intrauterine pregnancy,C1135236,Combined intrauterine and ovarian pregnancy,narrow,P,PrA,O00.21,ongoing_pregnancy
OngoingPregnancy1,Ongoing Pregnancy,ICD10CM,O00.91,Unspecified ectopic pregnancy with intrauterine pregnancy,C1135240,Unspecified ectopic pregnancy with intrauterine pregnancy,narrow,P,PrA,O00.91,ongoing_pregnancy
OngoingPregnancy1,Ongoing Pregnancy,ICD10CM,O02.81,Inappropriate change in quantitative human chorionic gonadotropin (hCG) in early pregnancy,C3161120,Inappropriate change in quantitative human chorionic gonadotropin (hCG) in early pregnancy,narrow,P,PrA,O02.81,ongoing_pregnancy
OngoingPregnancy1,Ongoing Pregnancy,ICD10CM,O12.0,Gestational edema,C0341960,"",narrow,P,PrA,O12.0,ongoing_pregnancy
OngoingPregnancy1,Ongoing Pregnancy,ICD10CM,O12.10,Gestational proteinuria- unspecified trimester,C2903563,"",narrow,P,PrA,O12.10,ongoing_pregnancy
OngoingPregnancy1,Ongoing Pregnancy,ICD10CM,O12.11,Gestational proteinuria- first trimester,C2903564,"",narrow,P,PrA,O12.11,ongoing_pregnancy
OngoingPregnancy1,Ongoing Pregnancy,ICD10CM,O12.12,Gestational proteinuria- second trimester,C2903565,"",narrow,P,PrA,O12.12,ongoing_pregnancy
OngoingPregnancy1,Ongoing Pregnancy,ICD10CM,O12.13,Gestational proteinuria- third trimester,C2903566,"",narrow,P,PrA,O12.13,ongoing_pregnancy
OngoingPregnancy1,Ongoing Pregnancy,ICD10CM,O12.2,Gestational edema with proteinuria,C0475548,"",narrow,P,PrA,O12.2,ongoing_pregnancy
OngoingPregnancy1,Ongoing Pregnancy,ICD10CM,O12.20,Gestational edema with proteinuria- unspecified trimester,C2903567,"",narrow,P,PrA,O12.20,ongoing_pregnancy
OngoingPregnancy1,Ongoing Pregnancy,ICD10CM,O12.21,Gestational edema with proteinuria- first trimester,C2903568,"",narrow,P,PrA,O12.21,ongoing_pregnancy
OngoingPregnancy1,Ongoing Pregnancy,ICD10CM,O12.22,Gestational edema with proteinuria- second trimester,C2903569,"",narrow,P,PrA,O12.22,ongoing_pregnancy
OngoingPregnancy1,Ongoing Pregnancy,ICD10CM,O12.23,Gestational edema with proteinuria- third trimester,C2903570,"",narrow,P,PrA,O12.23,ongoing_pregnancy
OngoingPregnancy1,Ongoing Pregnancy,ICD10CM,O13,transient hypertension of pregnancy,C0341934,Transient hypertension of pregnancy,narrow,P,PrA,O13,ongoing_pregnancy
OngoingPregnancy1,Ongoing Pregnancy,ICD10CM,O13.1,Gestational [pregnancy-induced] hypertension without significant proteinuria- first trimester,C2903571,"",narrow,P,PrA,O13.1,ongoing_pregnancy
OngoingPregnancy1,Ongoing Pregnancy,ICD10CM,O13.2,Gestational [pregnancy-induced] hypertension without significant proteinuria- second trimester,C2903572,"",narrow,P,PrA,O13.2,ongoing_pregnancy
OngoingPregnancy1,Ongoing Pregnancy,ICD10CM,O13.3,Gestational [pregnancy-induced] hypertension without significant proteinuria- third trimester,C2903573,"",narrow,P,PrA,O13.3,ongoing_pregnancy
OngoingPregnancy1,Ongoing Pregnancy,ICD10CM,O13.9,Gestational [pregnancy-induced] hypertension without significant proteinuria- unspecified trimester,C0495180,"",narrow,P,PrA,O13.9,ongoing_pregnancy
OngoingPregnancy1,Ongoing Pregnancy,ICD10CM,O14.00,Mild to moderate pre-eclampsia- unspecified trimester,C2977272,"",narrow,P,PrA,O14.00,ongoing_pregnancy
OngoingPregnancy1,Ongoing Pregnancy,ICD10CM,O14.02,Mild to moderate pre-eclampsia- second trimester,C2903574,"",narrow,P,PrA,O14.02,ongoing_pregnancy
OngoingPregnancy1,Ongoing Pregnancy,ICD10CM,O14.03,Mild to moderate pre-eclampsia- third trimester,C2903575,"",narrow,P,PrA,O14.03,ongoing_pregnancy
OngoingPregnancy1,Ongoing Pregnancy,ICD10CM,O14.1,Severe pre-eclampsia,C0341950,Severe pre-eclampsia,narrow,P,PrA,O14.1,ongoing_pregnancy
OngoingPregnancy1,Ongoing Pregnancy,ICD10CM,O14.10,Severe pre-eclampsia- unspecified trimester,"","",narrow,P,PrA,O14.10,ongoing_pregnancy
OngoingPregnancy1,Ongoing Pregnancy,ICD10CM,O14.10,Severe pre-eclampsia- unspecified trimester,C2903576,"",narrow,P,PrA,O14.10,ongoing_pregnancy
OngoingPregnancy1,Ongoing Pregnancy,ICD10CM,O14.12,Severe pre-eclampsia- second trimester,C2903577,"",narrow,P,PrA,O14.12,ongoing_pregnancy
OngoingPregnancy1,Ongoing Pregnancy,ICD10CM,O14.12,severe pre-eclampsia- second trimester,C2903577,"",narrow,P,PrA,O14.12,ongoing_pregnancy
OngoingPregnancy1,Ongoing Pregnancy,ICD10CM,O14.13,Severe pre-eclampsia- third trimester,C2903578,"",narrow,P,PrA,O14.13,ongoing_pregnancy
OngoingPregnancy1,Ongoing Pregnancy,ICD10CM,O14.13,severe pre-eclampsia- third trimester,C2903578,"",narrow,P,PrA,O14.13,ongoing_pregnancy
OngoingPregnancy1,Ongoing Pregnancy,ICD10CM,O15.00,Eclampsia complicating pregnancy- unspecified trimester,C4268996,"",narrow,P,PrA,O15.00,ongoing_pregnancy
OngoingPregnancy1,Ongoing Pregnancy,ICD10CM,O15.02,Eclampsia complicating pregnancy- second trimester,C4268997,"",narrow,P,PrA,O15.02,ongoing_pregnancy
OngoingPregnancy1,Ongoing Pregnancy,ICD10CM,O15.03,Eclampsia complicating pregnancy- third trimester,C4268998,"",narrow,P,PrA,O15.03,ongoing_pregnancy
OngoingPregnancy1,Ongoing Pregnancy,ICD10CM,O20,Hemorrhage in early pregnancy,C0156604,Hemorrhage in early pregnancy,narrow,P,PrA,O20,ongoing_pregnancy
OngoingPregnancy1,Ongoing Pregnancy,ICD10CM,O20.0,Threatened abortion,C0000821,Threatened abortion,narrow,P,PrA,O20.0,ongoing_pregnancy
OngoingPregnancy1,Ongoing Pregnancy,ICD10CM,O20.8,Other hemorrhage in early pregnancy - Other haemorrhage in early pregnancy,"","",narrow,P,PrA,O20.8,ongoing_pregnancy
OngoingPregnancy1,Ongoing Pregnancy,ICD10CM,O20.9,Hemorrhage in early pregnancy- unspecified,C0156604,Hemorrhage in early pregnancy,narrow,P,PrA,O20.9,ongoing_pregnancy
OngoingPregnancy1,Ongoing Pregnancy,ICD10CM,O21,Excessive vomiting in pregnancy,C0020450,Hyperemesis Gravidarum,narrow,P,PrA,O21,ongoing_pregnancy
OngoingPregnancy1,Ongoing Pregnancy,ICD10CM,O21.0,Mild hyperemesis gravidarum,C0020451,Mild hyperemesis gravidarum,narrow,P,PrA,O21.0,ongoing_pregnancy
OngoingPregnancy1,Ongoing Pregnancy,ICD10CM,O21.1,Hyperemesis gravidarum with metabolic disturbance,C0405080,Hyperemesis gravidarum with metabolic disturbance,narrow,P,PrA,O21.1,ongoing_pregnancy
OngoingPregnancy1,Ongoing Pregnancy,ICD10CM,O21.2,Late vomiting of pregnancy,C0156699,Late vomiting of pregnancy,narrow,P,PrA,O21.2,ongoing_pregnancy
OngoingPregnancy1,Ongoing Pregnancy,ICD10CM,O21.8,Other vomiting complicating pregnancy,C0156703,Other vomiting complicating pregnancy,narrow,P,PrA,O21.8,ongoing_pregnancy
OngoingPregnancy1,Ongoing Pregnancy,ICD10CM,O21.9,Vomiting of pregnancy- unspecified,C0269661,Vomiting of pregnancy,narrow,P,PrA,O21.9,ongoing_pregnancy
OngoingPregnancy1,Ongoing Pregnancy,ICD10CM,O44,Placenta previa,C0032046,Placenta Previa,narrow,P,PrA,O44,ongoing_pregnancy
OngoingPregnancy1,Ongoing Pregnancy,ICD10CM,O44.0,Placenta previa NOS,C0032046,Placenta Previa,narrow,P,PrA,O44.0,ongoing_pregnancy
OngoingPregnancy1,Ongoing Pregnancy,ICD10CM,O44.00,Complete placenta previa NOS or without hemorrhage- unspecified trimester,"","",narrow,P,PrA,O44.00,ongoing_pregnancy
OngoingPregnancy1,Ongoing Pregnancy,ICD10CM,O44.01,Complete placenta previa NOS or without hemorrhage- first trimester,"","",narrow,P,PrA,O44.01,ongoing_pregnancy
OngoingPregnancy1,Ongoing Pregnancy,ICD10CM,O44.02,Complete placenta previa NOS or without hemorrhage- second trimester,"","",narrow,P,PrA,O44.02,ongoing_pregnancy
OngoingPregnancy1,Ongoing Pregnancy,ICD10CM,O44.03,Complete placenta previa NOS or without hemorrhage- third trimester,"","",narrow,P,PrA,O44.03,ongoing_pregnancy
OngoingPregnancy1,Ongoing Pregnancy,ICD10CM,O44.10,Complete placenta previa with hemorrhage- unspecified trimester,"","",narrow,P,PrA,O44.10,ongoing_pregnancy
OngoingPregnancy1,Ongoing Pregnancy,ICD10CM,O44.11,Complete placenta previa with hemorrhage- first trimester,"","",narrow,P,PrA,O44.11,ongoing_pregnancy
OngoingPregnancy1,Ongoing Pregnancy,ICD10CM,O44.12,Complete placenta previa with hemorrhage- second trimester,"","",narrow,P,PrA,O44.12,ongoing_pregnancy
OngoingPregnancy1,Ongoing Pregnancy,ICD10CM,O44.13,Complete placenta previa with hemorrhage- third trimester,"","",narrow,P,PrA,O44.13,ongoing_pregnancy
OngoingPregnancy1,Ongoing Pregnancy,ICD10CM,O44.2,Partial placenta previa without hemorrhage,"","",narrow,P,PrA,O44.2,ongoing_pregnancy
OngoingPregnancy1,Ongoing Pregnancy,ICD10CM,O44.20,Partial placenta previa NOS or without hemorrhage- unspecified trimester,"","",narrow,P,PrA,O44.20,ongoing_pregnancy
OngoingPregnancy1,Ongoing Pregnancy,ICD10CM,O44.21,Partial placenta previa NOS or without hemorrhage- first trimester,"","",narrow,P,PrA,O44.21,ongoing_pregnancy
OngoingPregnancy1,Ongoing Pregnancy,ICD10CM,O44.22,Partial placenta previa NOS or without hemorrhage- second trimester,"","",narrow,P,PrA,O44.22,ongoing_pregnancy
OngoingPregnancy1,Ongoing Pregnancy,ICD10CM,O44.23,Partial placenta previa NOS or without hemorrhage- third trimester,"","",narrow,P,PrA,O44.23,ongoing_pregnancy
OngoingPregnancy1,Ongoing Pregnancy,ICD10CM,O44.3,Partial placenta previa with hemorrhage,"","",narrow,P,PrA,O44.3,ongoing_pregnancy
OngoingPregnancy1,Ongoing Pregnancy,ICD10CM,O44.30,Partial placenta previa with hemorrhage- unspecified trimester,"","",narrow,P,PrA,O44.30,ongoing_pregnancy
OngoingPregnancy1,Ongoing Pregnancy,ICD10CM,O44.31,Partial placenta previa with hemorrhage- first trimester,"","",narrow,P,PrA,O44.31,ongoing_pregnancy
OngoingPregnancy1,Ongoing Pregnancy,ICD10CM,O44.32,Partial placenta previa with hemorrhage- second trimester,"","",narrow,P,PrA,O44.32,ongoing_pregnancy
OngoingPregnancy1,Ongoing Pregnancy,ICD10CM,O44.33,Partial placenta previa with hemorrhage- third trimester,"","",narrow,P,PrA,O44.33,ongoing_pregnancy
OngoingPregnancy1,Ongoing Pregnancy,ICD10CM,O44.4,Low lying placenta NOS or without hemorrhage,"","",narrow,P,PrA,O44.4,ongoing_pregnancy
OngoingPregnancy1,Ongoing Pregnancy,ICD10CM,O44.40,Low lying placenta NOS or without hemorrhage- unspecified trimester,"","",narrow,P,PrA,O44.40,ongoing_pregnancy
OngoingPregnancy1,Ongoing Pregnancy,ICD10CM,O44.41,Low lying placenta NOS or without hemorrhage- first trimester,"","",narrow,P,PrA,O44.41,ongoing_pregnancy
OngoingPregnancy1,Ongoing Pregnancy,ICD10CM,O44.42,Low lying placenta NOS or without hemorrhage- second trimester,"","",narrow,P,PrA,O44.42,ongoing_pregnancy
OngoingPregnancy1,Ongoing Pregnancy,ICD10CM,O44.43,Low lying placenta NOS or without hemorrhage- third trimester,"","",narrow,P,PrA,O44.43,ongoing_pregnancy
OngoingPregnancy1,Ongoing Pregnancy,ICD10CM,O44.5,Low lying placenta with hemorrhage,"","",narrow,P,PrA,O44.5,ongoing_pregnancy
OngoingPregnancy1,Ongoing Pregnancy,ICD10CM,O44.50,Low lying placenta with hemorrhage- unspecified trimester,"","",narrow,P,PrA,O44.50,ongoing_pregnancy
OngoingPregnancy1,Ongoing Pregnancy,ICD10CM,O44.51,Low lying placenta with hemorrhage- first trimester,"","",narrow,P,PrA,O44.51,ongoing_pregnancy
OngoingPregnancy1,Ongoing Pregnancy,ICD10CM,O44.52,Low lying placenta with hemorrhage- second trimester,"","",narrow,P,PrA,O44.52,ongoing_pregnancy
OngoingPregnancy1,Ongoing Pregnancy,ICD10CM,O44.53,Low lying placenta with hemorrhage- third trimester,"","",narrow,P,PrA,O44.53,ongoing_pregnancy
OngoingPregnancy1,Ongoing Pregnancy,ICD10CM,O45.0,Premature separation of placenta with coagulation defect,C0451794,"",narrow,P,PrA,O45.0,ongoing_pregnancy
OngoingPregnancy1,Ongoing Pregnancy,ICD10CM,O45.00,Premature separation of placenta with coagulation defect- unspecified,C0451794,"",narrow,P,PrA,O45.00,ongoing_pregnancy
OngoingPregnancy1,Ongoing Pregnancy,ICD10CM,O45.01,Premature separation of placenta with afibrinogenemia,C2909090,"",narrow,P,PrA,O45.01,ongoing_pregnancy
OngoingPregnancy1,Ongoing Pregnancy,ICD10CM,O45.02,Premature separation of placenta with disseminated intravascular coagulation,C2909094,"",narrow,P,PrA,O45.02,ongoing_pregnancy
OngoingPregnancy1,Ongoing Pregnancy,ICD10CM,O45.09,Premature separation of placenta with other coagulation defect,C2909098,"",narrow,P,PrA,O45.09,ongoing_pregnancy
OngoingPregnancy1,Ongoing Pregnancy,ICD10CM,O45.8,Other premature separation of placenta,C0477836,"",narrow,P,PrA,O45.8,ongoing_pregnancy
OngoingPregnancy1,Ongoing Pregnancy,ICD10CM,O45.8X,Other premature separation of placenta,C0477836,"",narrow,P,PrA,O45.8X,ongoing_pregnancy
OngoingPregnancy1,Ongoing Pregnancy,ICD10CM,O45.90,Premature separation of placenta- unspecified- unspecified trimester,C0000832,"",narrow,P,PrA,O45.90,ongoing_pregnancy
OngoingPregnancy1,Ongoing Pregnancy,ICD10CM,O45.91,Premature separation of placenta- unspecified- first trimester,C2909105,"",narrow,P,PrA,O45.91,ongoing_pregnancy
OngoingPregnancy1,Ongoing Pregnancy,ICD10CM,O45.92,Premature separation of placenta- unspecified- second trimester,C2909106,"",narrow,P,PrA,O45.92,ongoing_pregnancy
OngoingPregnancy1,Ongoing Pregnancy,ICD10CM,O45.93,Premature separation of placenta- unspecified- third trimester,C2909107,"",narrow,P,PrA,O45.93,ongoing_pregnancy
OngoingPregnancy1,Ongoing Pregnancy,ICD10CM,O46.00,Antepartum hemorrhage with coagulation defect- unspecified,C0156631,"",narrow,P,PrA,O46.00,ongoing_pregnancy
OngoingPregnancy1,Ongoing Pregnancy,ICD10CM,O46.01,Antepartum hemorrhage with afibrinogenemia,C0473372,"",narrow,P,PrA,O46.01,ongoing_pregnancy
OngoingPregnancy1,Ongoing Pregnancy,ICD10CM,O46.02,Antepartum hemorrhage with disseminated intravascular coagulation,C2909116,"",narrow,P,PrA,O46.02,ongoing_pregnancy
OngoingPregnancy1,Ongoing Pregnancy,ICD10CM,O46.09,Antepartum hemorrhage with other coagulation defect,C2909121,"",narrow,P,PrA,O46.09,ongoing_pregnancy
OngoingPregnancy1,Ongoing Pregnancy,ICD10CM,O46.8X,Other antepartum hemorrhage,C0156635,"",narrow,P,PrA,O46.8X,ongoing_pregnancy
OngoingPregnancy1,Ongoing Pregnancy,ICD10CM,O46.9,Antepartum hemorrhage- unspecified,C0269608,Antepartum hemorrhage,narrow,P,PrA,O46.9,ongoing_pregnancy
OngoingPregnancy1,Ongoing Pregnancy,ICD10CM,O46.90,Antepartum hemorrhage- unspecified- unspecified trimester,"","",narrow,P,PrA,O46.90,ongoing_pregnancy
OngoingPregnancy1,Ongoing Pregnancy,ICD10CM,O46.90,Antepartum hemorrhage- unspecified- unspecified trimester,C2909129,"",narrow,P,PrA,O46.90,ongoing_pregnancy
OngoingPregnancy1,Ongoing Pregnancy,ICD10CM,O46.91,Antepartum hemorrhage- unspecified- first trimester,"","",narrow,P,PrA,O46.91,ongoing_pregnancy
OngoingPregnancy1,Ongoing Pregnancy,ICD10CM,O46.91,Antepartum hemorrhage- unspecified- first trimester,C2909130,"",narrow,P,PrA,O46.91,ongoing_pregnancy
OngoingPregnancy1,Ongoing Pregnancy,ICD10CM,O46.92,Antepartum hemorrhage- unspecified- second trimester,"","",narrow,P,PrA,O46.92,ongoing_pregnancy
OngoingPregnancy1,Ongoing Pregnancy,ICD10CM,O46.92,Antepartum hemorrhage- unspecified- second trimester,C2909131,"",narrow,P,PrA,O46.92,ongoing_pregnancy
OngoingPregnancy1,Ongoing Pregnancy,ICD10CM,O46.93,Antepartum hemorrhage- unspecified- third trimester,"","",narrow,P,PrA,O46.93,ongoing_pregnancy
OngoingPregnancy1,Ongoing Pregnancy,ICD10CM,O46.93,Antepartum hemorrhage- unspecified- third trimester,C2909132,"",narrow,P,PrA,O46.93,ongoing_pregnancy
OngoingPregnancy1,Ongoing Pregnancy,ICD9CM,631.0,Inappropriate change in quantitative human chorionic gonadotropin (hCG) in early pregnancy,C3161120,Inappropriate change in quantitative human chorionic gonadotropin (hCG) in early pregnancy,narrow,P,PrA,631.0,ongoing_pregnancy
OngoingPregnancy1,Ongoing Pregnancy,ICD9CM,633.21,Ovarian pregnancy with intrauterine pregnancy,C1135236,Combined intrauterine and ovarian pregnancy,narrow,P,PrA,633.21,ongoing_pregnancy
OngoingPregnancy1,Ongoing Pregnancy,ICD9CM,633.91,Unspecified ectopic pregnancy with intrauterine pregnancy,C1135240,Unspecified ectopic pregnancy with intrauterine pregnancy,narrow,P,PrA,633.91,ongoing_pregnancy
OngoingPregnancy1,Ongoing Pregnancy,ICD9CM,640,Hemorrhage in early pregnancy,C0156604,Hemorrhage in early pregnancy,narrow,P,PrA,640,ongoing_pregnancy
OngoingPregnancy1,Ongoing Pregnancy,ICD9CM,640.0,Threatened abortion,C0000821,Threatened abortion,narrow,P,PrA,640.0,ongoing_pregnancy
OngoingPregnancy1,Ongoing Pregnancy,ICD9CM,640.03,Threatened abortion- antepartum condition or complication,C0000821,Threatened abortion,narrow,P,PrA,640.03,ongoing_pregnancy
OngoingPregnancy1,Ongoing Pregnancy,ICD9CM,640.8,Other specified hemorrhage in early pregnancy,C0156608,Other specified hemorrhage in early pregnancy,narrow,P,PrA,640.8,ongoing_pregnancy
OngoingPregnancy1,Ongoing Pregnancy,ICD9CM,640.80,Other specified hemorrhage in early pregnancy- unspecified as to episode of care or not applicable,C0156609,Other specified hemorrhage in early pregnancy- unspecified as to episode of care or not applicable,narrow,P,PrA,640.80,ongoing_pregnancy
OngoingPregnancy1,Ongoing Pregnancy,ICD9CM,640.83,Other specified hemorrhage in early pregnancy- antepartum condition or complication,C0269607,Other specified hemorrhage in early pregnancy- antepartum condition or complication,narrow,P,PrA,640.83,ongoing_pregnancy
OngoingPregnancy1,Ongoing Pregnancy,ICD9CM,640.9,Unspecified hemorrhage in early pregnancy,C0156604,Hemorrhage in early pregnancy,narrow,P,PrA,640.9,ongoing_pregnancy
OngoingPregnancy1,Ongoing Pregnancy,ICD9CM,640.90,Unspecified hemorrhage in early pregnancy- unspecified as to episode of care or not applicable,C0156613,Unspecified hemorrhage in early pregnancy- unspecified as to episode of care,narrow,P,PrA,640.90,ongoing_pregnancy
OngoingPregnancy1,Ongoing Pregnancy,ICD9CM,640.93,Unspecified hemorrhage in early pregnancy- antepartum condition or complication,C0269599,Hemorrhage in early pregnancy- antepartum,narrow,P,PrA,640.93,ongoing_pregnancy
OngoingPregnancy1,Ongoing Pregnancy,ICD9CM,641,Antepartum hemorrhage- abruptio placentae- and placenta previa,C0156616,Antepartum hemorrhage- abruptio placentae and placenta previa,narrow,P,PrA,641,ongoing_pregnancy
OngoingPregnancy1,Ongoing Pregnancy,ICD9CM,641,Placenta previa without hemorrhage,C0156617,"",narrow,P,PrA,641,ongoing_pregnancy
OngoingPregnancy1,Ongoing Pregnancy,ICD9CM,641.0,Placenta previa without hemorrhage,C0156617,Placenta previa without hemorrhage,narrow,P,PrA,641.0,ongoing_pregnancy
OngoingPregnancy1,Ongoing Pregnancy,ICD9CM,641.00,Placenta previa without hemorrhage- unspecified as to episode of care or not applicable,C0156618,"",narrow,P,PrA,641.00,ongoing_pregnancy
OngoingPregnancy1,Ongoing Pregnancy,ICD9CM,641.00,Placenta previa without hemorrhage- unspecified as to episode of care or not applicable,C0156618,Placenta praevia without haemorrhage- unspecified as to episode of care,narrow,P,PrA,641.00,ongoing_pregnancy
OngoingPregnancy1,Ongoing Pregnancy,ICD9CM,641.03,Placenta previa without hemorrhage- antepartum condition or complication,C0156620,"",narrow,P,PrA,641.03,ongoing_pregnancy
OngoingPregnancy1,Ongoing Pregnancy,ICD9CM,641.03,Placenta previa without hemorrhage- antepartum condition or complication,C0156620,Placenta praevia without haemorrhage- antepartum,narrow,P,PrA,641.03,ongoing_pregnancy
OngoingPregnancy1,Ongoing Pregnancy,ICD9CM,641.23,Premature separation of placenta- antepartum condition or complication,C0156627,"",narrow,P,PrA,641.23,ongoing_pregnancy
OngoingPregnancy1,Ongoing Pregnancy,ICD9CM,641.23,Premature separation of placenta- antepartum condition or complication,C0156627,Premature separation of placenta- antepartum,narrow,P,PrA,641.23,ongoing_pregnancy
OngoingPregnancy1,Ongoing Pregnancy,ICD9CM,641.30,Antepartum hemorrhage associated with coagulation defects- unspecified as to episode of care or not applicable,C0156629,Antepartum hemorrhage associated with coagulation defects- unspecified as to episode of care or not applicable,narrow,P,PrA,641.30,ongoing_pregnancy
OngoingPregnancy1,Ongoing Pregnancy,ICD9CM,641.80,Other antepartum hemorrhage- unspecified as to episode of care or not applicable,"","",narrow,P,PrA,641.80,ongoing_pregnancy
OngoingPregnancy1,Ongoing Pregnancy,ICD9CM,641.80,Other antepartum hemorrhage- unspecified as to episode of care or not applicable,C0156633,Other antepartum hemorrhage- unspecified as to episode of care or not applicable,narrow,P,PrA,641.80,ongoing_pregnancy
OngoingPregnancy1,Ongoing Pregnancy,ICD9CM,641.9,Unspecified antepartum hemorrhage,C0269608,Antepartum hemorrhage,narrow,P,PrA,641.9,ongoing_pregnancy
OngoingPregnancy1,Ongoing Pregnancy,ICD9CM,641.90,Unspecified antepartum hemorrhage- unspecified as to episode of care or not applicable,"","",narrow,P,PrA,641.90,ongoing_pregnancy
OngoingPregnancy1,Ongoing Pregnancy,ICD9CM,641.90,Unspecified antepartum hemorrhage- unspecified as to episode of care or not applicable,C0156637,Unspecified antepartum haemorrhage- unspecified as to episode of care,narrow,P,PrA,641.90,ongoing_pregnancy
OngoingPregnancy1,Ongoing Pregnancy,ICD9CM,641.93,Unspecified antepartum hemorrhage- antepartum condition or complication,C0269608,Antepartum hemorrhage,narrow,P,PrA,641.93,ongoing_pregnancy
OngoingPregnancy1,Ongoing Pregnancy,ICD9CM,642.03,Benign essential hypertension complicating pregnancy- childbirth- and the puerperium- antepartum condition or complication,C0156645,Benign essential hypertension antepartum,narrow,P,PrA,642.03,ongoing_pregnancy
OngoingPregnancy1,Ongoing Pregnancy,ICD9CM,642.13,Hypertension secondary to renal disease- complicating pregnancy- childbirth- and the puerperium- antepartum condition or complication,C0156651,Hypertension secondary to renal disease- antepartum,narrow,P,PrA,642.13,ongoing_pregnancy
OngoingPregnancy1,Ongoing Pregnancy,ICD9CM,642.3,Transient hypertension of pregnancy,C0341934,Transient hypertension of pregnancy,narrow,P,PrA,642.3,ongoing_pregnancy
OngoingPregnancy1,Ongoing Pregnancy,ICD9CM,642.30,Transient hypertension of pregnancy- unspecified as to episode of care or not applicable,C0156659,Transient hypertension of pregnancy- unspecified as to episode of care,narrow,P,PrA,642.30,ongoing_pregnancy
OngoingPregnancy1,Ongoing Pregnancy,ICD9CM,642.33,Transient hypertension of pregnancy- antepartum condition or complication,C0156662,Transient hypertension of pregnancy- antepartum,narrow,P,PrA,642.33,ongoing_pregnancy
OngoingPregnancy1,Ongoing Pregnancy,ICD9CM,642.4,Mild or unspecified pre-eclampsia,C0269658,Mild pre-eclampsia,narrow,P,PrA,642.4,ongoing_pregnancy
OngoingPregnancy1,Ongoing Pregnancy,ICD9CM,642.40,Mild or unspecified pre-eclampsia- unspecified as to episode of care or not applicable,C0156664,Mild or unspecified pre-eclampsia- unspecified as to episode of care or not applicable,narrow,P,PrA,642.40,ongoing_pregnancy
OngoingPregnancy1,Ongoing Pregnancy,ICD9CM,642.43,Mild or unspecified pre-eclampsia- antepartum condition or complication,C0156667,Mild or unspecified pre-eclampsia- antepartum condition or complication,narrow,P,PrA,642.43,ongoing_pregnancy
OngoingPregnancy1,Ongoing Pregnancy,ICD9CM,642.5,Severe pre-eclampsia,C0341950,Severe pre-eclampsia,narrow,P,PrA,642.5,ongoing_pregnancy
OngoingPregnancy1,Ongoing Pregnancy,ICD9CM,642.50,Severe pre-eclampsia- unspecified as to episode of care or not applicable,"","",narrow,P,PrA,642.50,ongoing_pregnancy
OngoingPregnancy1,Ongoing Pregnancy,ICD9CM,642.53,Severe pre-eclampsia- antepartum condition or complication,C0156672,Severe pre-eclampsia- antepartum condition or complication,narrow,P,PrA,642.53,ongoing_pregnancy
OngoingPregnancy1,Ongoing Pregnancy,ICD9CM,642.60,Eclampsia- unspecified as to episode of care or not applicable,C0156674,Eclampsia- unspecified as to episode of care or not applicable,narrow,P,PrA,642.60,ongoing_pregnancy
OngoingPregnancy1,Ongoing Pregnancy,ICD9CM,642.7,Pre-eclampsia or eclampsia superimposed on pre-existing hypertension,C0156679,Pre-eclampsia or eclampsia superimposed on pre-existing hypertension,narrow,P,PrA,642.7,ongoing_pregnancy
OngoingPregnancy1,Ongoing Pregnancy,ICD9CM,642.70,Pre-eclampsia or eclampsia superimposed on pre-existing hypertension- unspecified as to episode of care or not applicable,C0156680,Pre-eclampsia or eclampsia superimposed on pre-existing hypertension- unspecified as to episode of care or not applicable,narrow,P,PrA,642.70,ongoing_pregnancy
OngoingPregnancy1,Ongoing Pregnancy,ICD9CM,642.73,Pre-eclampsia or eclampsia superimposed on pre-existing hypertension- antepartum condition or complication,C0156683,Pre-eclampsia or eclampsia superimposed on pre-existing hypertension- antepartum condition or complication,narrow,P,PrA,642.73,ongoing_pregnancy
OngoingPregnancy1,Ongoing Pregnancy,ICD9CM,642.93,Unspecified hypertension complicating pregnancy- childbirth- or the puerperium- antepartum condition or complication,C0156689,Unspecified antepartum hypertension,narrow,P,PrA,642.93,ongoing_pregnancy
OngoingPregnancy1,Ongoing Pregnancy,ICD9CM,643,Excessive vomiting in pregnancy,C0020450,Hyperemesis Gravidarum,narrow,P,PrA,643,ongoing_pregnancy
OngoingPregnancy1,Ongoing Pregnancy,ICD9CM,643.0,Mild hyperemesis gravidarum,C0020451,Mild hyperemesis gravidarum,narrow,P,PrA,643.0,ongoing_pregnancy
OngoingPregnancy1,Ongoing Pregnancy,ICD9CM,643.00,Mild hyperemesis gravidarum- unspecified as to episode of care or not applicable,C0156692,Mild hyperemesis gravidarum- unspecified as to episode of care or not applicable,narrow,P,PrA,643.00,ongoing_pregnancy
OngoingPregnancy1,Ongoing Pregnancy,ICD9CM,643.03,Mild hyperemesis gravidarum- antepartum condition or complication,C0156694,Mild hyperemesis gravidarum- antepartum condition or complication,narrow,P,PrA,643.03,ongoing_pregnancy
OngoingPregnancy1,Ongoing Pregnancy,ICD9CM,643.1,Hyperemesis gravidarum with metabolic disturbance,C0405080,Hyperemesis gravidarum with metabolic disturbance,narrow,P,PrA,643.1,ongoing_pregnancy
OngoingPregnancy1,Ongoing Pregnancy,ICD9CM,643.10,Hyperemesis gravidarum with metabolic disturbance- unspecified as to episode of care or not applicable,C0156696,Hyperemesis gravidarum with metabolic disturbance- unspecified as to episode of care or not applicable,narrow,P,PrA,643.10,ongoing_pregnancy
OngoingPregnancy1,Ongoing Pregnancy,ICD9CM,643.13,Hyperemesis gravidarum with metabolic disturbance- antepartum condition or complication,C0156698,Hyperemesis gravidarum with metabolic disturbance- antepartum,narrow,P,PrA,643.13,ongoing_pregnancy
OngoingPregnancy1,Ongoing Pregnancy,ICD9CM,643.2,Late vomiting of pregnancy,C0156699,Late vomiting of pregnancy,narrow,P,PrA,643.2,ongoing_pregnancy
OngoingPregnancy1,Ongoing Pregnancy,ICD9CM,643.20,Late vomiting of pregnancy- unspecified as to episode of care or not applicable,C0156700,Late vomiting of pregnancy- unspecified as to episode of care,narrow,P,PrA,643.20,ongoing_pregnancy
OngoingPregnancy1,Ongoing Pregnancy,ICD9CM,643.23,Late vomiting of pregnancy- antepartum condition or complication,"","",narrow,P,PrA,643.23,ongoing_pregnancy
OngoingPregnancy1,Ongoing Pregnancy,ICD9CM,643.8,Other vomiting complicating pregnancy,C0156703,Other vomiting complicating pregnancy,narrow,P,PrA,643.8,ongoing_pregnancy
OngoingPregnancy1,Ongoing Pregnancy,ICD9CM,643.80,Other vomiting complicating pregnancy- unspecified as to episode of care or not applicable,C0156704,Other vomiting complicating pregnancy- unspecified as to episode of care or not applicable,narrow,P,PrA,643.80,ongoing_pregnancy
OngoingPregnancy1,Ongoing Pregnancy,ICD9CM,643.83,Other vomiting complicating pregnancy- antepartum condition or complication,C0156706,Other vomiting complicating pregnancy- antepartum condition or complication,narrow,P,PrA,643.83,ongoing_pregnancy
OngoingPregnancy1,Ongoing Pregnancy,ICD9CM,643.9,Unspecified vomiting of pregnancy,C0269661,Vomiting of pregnancy,narrow,P,PrA,643.9,ongoing_pregnancy
OngoingPregnancy1,Ongoing Pregnancy,ICD9CM,643.90,Unspecified vomiting of pregnancy- unspecified as to episode of care or not applicable,C0156708,Unspecified vomiting of pregnancy- unspecified as to episode of care,narrow,P,PrA,643.90,ongoing_pregnancy
OngoingPregnancy1,Ongoing Pregnancy,ICD9CM,643.93,Unspecified vomiting of pregnancy- antepartum condition or complication,C0156710,Unspecified vomiting of pregnancy- antepartum,narrow,P,PrA,643.93,ongoing_pregnancy
OngoingPregnancy1,Ongoing Pregnancy,ICD9CM,644.0,Threatened premature labor,C0473390,Threatened premature labor,narrow,P,PrA,644.0,ongoing_pregnancy
OngoingPregnancy1,Ongoing Pregnancy,ICD9CM,644.00,Threatened premature labor- unspecified as to episode of care or not applicable,C0156713,Threatened premature labour- unspecified as to episode of care,narrow,P,PrA,644.00,ongoing_pregnancy
OngoingPregnancy1,Ongoing Pregnancy,ICD9CM,644.03,Threatened premature labor- antepartum condition or complication,C0156714,Threatened premature labour- antepartum,narrow,P,PrA,644.03,ongoing_pregnancy
OngoingPregnancy1,Ongoing Pregnancy,ICD9CM,645.13,Post term pregnancy- antepartum condition or complication,C1176345,Post term pregnancy- antepartum condition or complication,narrow,P,PrA,645.13,ongoing_pregnancy
OngoingPregnancy1,Ongoing Pregnancy,ICD9CM,645.23,Prolonged pregnancy- antepartum condition or complication,C1176348,Prolonged pregnancy- antepartum condition or complication,narrow,P,PrA,645.23,ongoing_pregnancy
OngoingPregnancy1,Ongoing Pregnancy,ICD9CM,647.93,Unspecified infection or infestation of mother- antepartum condition or complication,C0156827,Unspecified infection or infestation of mother- antepartum condition or complication,narrow,P,PrA,647.93,ongoing_pregnancy
OngoingPregnancy1,Ongoing Pregnancy,ICD9CM,652.00,Unstable lie- unspecified as to episode of care or not applicable,C0156926,Unstable lie- unspecified as to episode of care or not applicable,narrow,P,PrA,652.00,ongoing_pregnancy
OngoingPregnancy1,Ongoing Pregnancy,ICD9CM,653.03,Major abnormality of bony pelvis- not further specified- antepartum condition or complication,C0156968,Major abnormality of bony pelvis- not further specified- antepartum,narrow,P,PrA,653.03,ongoing_pregnancy
OngoingPregnancy1,Ongoing Pregnancy,ICD9CM,653.43,Fetopelvic disproportion- antepartum condition or complication,C1142292,Foetopelvic disproportion- antepartum,narrow,P,PrA,653.43,ongoing_pregnancy
OngoingPregnancy1,Ongoing Pregnancy,ICD9CM,663.93,Unspecified umbilical cord complication complicating labor and delivery- antepartum condition or complication,"","",narrow,P,PrA,663.93,ongoing_pregnancy
OngoingPregnancy1,Ongoing Pregnancy,ICD9CM,673.13,Amniotic fluid embolism- antepartum condition or complication,C0157550,Amniotic fluid embolism- antepartum condition or complication,narrow,P,PrA,673.13,ongoing_pregnancy
OngoingPregnancy1,Ongoing Pregnancy,ICD9CM,673.23,Obstetrical blood-clot embolism- antepartum condition or complication,C0157556,Obstetrical blood-clot embolism- antepartum,narrow,P,PrA,673.23,ongoing_pregnancy
OngoingPregnancy1,Ongoing Pregnancy,ICD9CM,673.8,Other obstetrical pulmonary embolism,C0157564,Other obstetrical pulmonary embolism,narrow,P,PrA,673.8,ongoing_pregnancy
OngoingPregnancy1,Ongoing Pregnancy,ICD9CM,673.80,Other obstetrical pulmonary embolism- unspecified as to episode of care or not applicable,C0157565,Other obstetrical pulmonary embolism- unspecified as to episode of care or not applicable,narrow,P,PrA,673.80,ongoing_pregnancy
OngoingPregnancy1,Ongoing Pregnancy,ICD9CM,673.83,Other obstetrical pulmonary embolism- antepartum condition or complication,"","",narrow,P,PrA,673.83,ongoing_pregnancy
OngoingPregnancy1,Ongoing Pregnancy,ICPC,W03,Antepartum bleeding,C0269608,Antepartum hemorrhage,narrow,P,PrA,W03,ongoing_pregnancy
OngoingPregnancy1,Ongoing Pregnancy,ICPC2P,W03001,Bleeding-antepartum,C0269608,Antepartum hemorrhage,narrow,P,PrA,W03001,ongoing_pregnancy
OngoingPregnancy1,Ongoing Pregnancy,ICPC2P,W03004,Haemorrhage-antepartum,C0269608,Antepartum hemorrhage,narrow,P,PrA,W03004,ongoing_pregnancy
OngoingPregnancy1,Ongoing Pregnancy,ICPC2P,W05003,Vomiting-pregnancy,C0269661,Vomiting of pregnancy,narrow,P,PrA,W05003,ongoing_pregnancy
OngoingPregnancy1,Ongoing Pregnancy,ICPC2P,W05004,Hyperemesis gravidarum,C0020450,Hyperemesis Gravidarum,narrow,P,PrA,W05004,ongoing_pregnancy
OngoingPregnancy1,Ongoing Pregnancy,ICPC2P,W82,Abortion-threatened,C0000821,Threatened abortion,narrow,P,PrA,W82,ongoing_pregnancy
OngoingPregnancy1,Ongoing Pregnancy,ICPC2P,W82,Miscarriage-threatened,C0000821,Threatened abortion,narrow,P,PrA,W82,ongoing_pregnancy
OngoingPregnancy1,Ongoing Pregnancy,ICPC2P,W82003,Abortion-threatened,C0000821,Threatened abortion,narrow,P,PrA,W82003,ongoing_pregnancy
OngoingPregnancy1,Ongoing Pregnancy,ICPC2P,W82006,Miscarriage-threatened,C0000821,Threatened abortion,narrow,P,PrA,W82006,ongoing_pregnancy
OngoingPregnancy1,Ongoing Pregnancy,ICPC2P,W99005,Placenta praevia,C0032046,Placenta Previa,narrow,P,PrA,W99005,ongoing_pregnancy
OngoingPregnancy1,Ongoing Pregnancy,MTHICD9,640.03,Threatened abortion- antepartum,C0000821,Threatened abortion,narrow,P,PrA,640.03,ongoing_pregnancy
OngoingPregnancy1,Ongoing Pregnancy,MTHICD9,640.80,Other specified hemorrhage in early pregnancy- unspecified as to episode of care,C0156609,Other specified hemorrhage in early pregnancy- unspecified as to episode of care or not applicable,narrow,P,PrA,640.80,ongoing_pregnancy
OngoingPregnancy1,Ongoing Pregnancy,MTHICD9,640.83,Other specified hemorrhage in early pregnancy- antepartum,C0269607,Other specified hemorrhage in early pregnancy- antepartum condition or complication,narrow,P,PrA,640.83,ongoing_pregnancy
OngoingPregnancy1,Ongoing Pregnancy,MTHICD9,640.90,Unspecified hemorrhage in early pregnancy- unspecified as to episode of care,C0156613,Unspecified hemorrhage in early pregnancy- unspecified as to episode of care,narrow,P,PrA,640.90,ongoing_pregnancy
OngoingPregnancy1,Ongoing Pregnancy,MTHICD9,640.93,Unspecified hemorrhage in early pregnancy- antepartum,C0269599,Hemorrhage in early pregnancy- antepartum,narrow,P,PrA,640.93,ongoing_pregnancy
OngoingPregnancy1,Ongoing Pregnancy,MTHICD9,641.0,Low implantation of placenta without hemorrhage,C0156617,Placenta previa without hemorrhage,narrow,P,PrA,641.0,ongoing_pregnancy
OngoingPregnancy1,Ongoing Pregnancy,MTHICD9,641.00,Placenta previa without hemorrhage- unspecified as to episode of care,C0156618,Placenta praevia without haemorrhage- unspecified as to episode of care,narrow,P,PrA,641.00,ongoing_pregnancy
OngoingPregnancy1,Ongoing Pregnancy,MTHICD9,641.03,Placenta previa without hemorrhage- antepartum,C0156620,Placenta praevia without haemorrhage- antepartum,narrow,P,PrA,641.03,ongoing_pregnancy
OngoingPregnancy1,Ongoing Pregnancy,MTHICD9,641.2,Ablatio placentae,C0000832,Abruptio Placentae,narrow,P,PrA,641.2,ongoing_pregnancy
OngoingPregnancy1,Ongoing Pregnancy,MTHICD9,641.20,Premature separation of placenta- unspecified as to episode of care,C0000832,Abruptio Placentae,narrow,P,PrA,641.20,ongoing_pregnancy
OngoingPregnancy1,Ongoing Pregnancy,MTHICD9,641.23,Premature separation of placenta- antepartum,C0156627,Premature separation of placenta- antepartum,narrow,P,PrA,641.23,ongoing_pregnancy
OngoingPregnancy1,Ongoing Pregnancy,MTHICD9,641.30,Antepartum hemorrhage associated with coagulation defects- unspecified as to episode of care,C0156629,Antepartum hemorrhage associated with coagulation defects- unspecified as to episode of care or not applicable,narrow,P,PrA,641.30,ongoing_pregnancy
OngoingPregnancy1,Ongoing Pregnancy,MTHICD9,641.80,Other antepartum hemorrhage- unspecified as to episode of care,C0156633,Other antepartum hemorrhage- unspecified as to episode of care or not applicable,narrow,P,PrA,641.80,ongoing_pregnancy
OngoingPregnancy1,Ongoing Pregnancy,MTHICD9,641.9,Antepartum hemorrhage NOS,C0269608,Antepartum hemorrhage,narrow,P,PrA,641.9,ongoing_pregnancy
OngoingPregnancy1,Ongoing Pregnancy,MTHICD9,641.90,Unspecified antepartum hemorrhage- unspecified as to episode of care,C0156637,Unspecified antepartum haemorrhage- unspecified as to episode of care,narrow,P,PrA,641.90,ongoing_pregnancy
OngoingPregnancy1,Ongoing Pregnancy,MTHICD9,641.93,Unspecified antepartum hemorrhage- antepartum,C0269608,Antepartum hemorrhage,narrow,P,PrA,641.93,ongoing_pregnancy
OngoingPregnancy1,Ongoing Pregnancy,MTHICD9,642.03,Benign essential hypertension antepartum,C0156645,Benign essential hypertension antepartum,narrow,P,PrA,642.03,ongoing_pregnancy
OngoingPregnancy1,Ongoing Pregnancy,MTHICD9,642.13,Hypertension secondary to renal disease- antepartum,C0156651,Hypertension secondary to renal disease- antepartum,narrow,P,PrA,642.13,ongoing_pregnancy
OngoingPregnancy1,Ongoing Pregnancy,MTHICD9,642.30,Transient hypertension of pregnancy- unspecified as to episode of care,C0156659,Transient hypertension of pregnancy- unspecified as to episode of care,narrow,P,PrA,642.30,ongoing_pregnancy
OngoingPregnancy1,Ongoing Pregnancy,MTHICD9,642.33,Transient hypertension of pregnancy- antepartum,C0156662,Transient hypertension of pregnancy- antepartum,narrow,P,PrA,642.33,ongoing_pregnancy
OngoingPregnancy1,Ongoing Pregnancy,MTHICD9,642.4,Mild pre-eclampsia,C0269658,Mild pre-eclampsia,narrow,P,PrA,642.4,ongoing_pregnancy
OngoingPregnancy1,Ongoing Pregnancy,MTHICD9,642.40,Mild or unspecified pre-eclampsia- unspecified as to episode of care,C0156664,Mild or unspecified pre-eclampsia- unspecified as to episode of care or not applicable,narrow,P,PrA,642.40,ongoing_pregnancy
OngoingPregnancy1,Ongoing Pregnancy,MTHICD9,642.43,Mild or unspecified pre-eclampsia- antepartum,C0156667,Mild or unspecified pre-eclampsia- antepartum condition or complication,narrow,P,PrA,642.43,ongoing_pregnancy
OngoingPregnancy1,Ongoing Pregnancy,MTHICD9,642.5,Pre-eclampsia- severe,C0341950,Severe pre-eclampsia,narrow,P,PrA,642.5,ongoing_pregnancy
OngoingPregnancy1,Ongoing Pregnancy,MTHICD9,642.50,Severe pre-eclampsia- unspecified as to episode of care,C0156669,Severe pre-eclampsia- unspecified as to episode of care or not applicable,narrow,P,PrA,642.50,ongoing_pregnancy
OngoingPregnancy1,Ongoing Pregnancy,MTHICD9,642.53,Severe pre-eclampsia- antepartum,C0156672,Severe pre-eclampsia- antepartum condition or complication,narrow,P,PrA,642.53,ongoing_pregnancy
OngoingPregnancy1,Ongoing Pregnancy,MTHICD9,642.60,Eclampsia complicating pregnancy- childbirth or the puerperium- unspecified as to episode of care,C0156674,Eclampsia- unspecified as to episode of care or not applicable,narrow,P,PrA,642.60,ongoing_pregnancy
OngoingPregnancy1,Ongoing Pregnancy,MTHICD9,642.70,Pre-eclampsia or eclampsia superimposed on pre-existing hypertension- complicating pregnancy- childbirth- or the puerperium- unspecified as to episode of care,C0156680,Pre-eclampsia or eclampsia superimposed on pre-existing hypertension- unspecified as to episode of care or not applicable,narrow,P,PrA,642.70,ongoing_pregnancy
OngoingPregnancy1,Ongoing Pregnancy,MTHICD9,642.73,Pre-eclampsia or eclampsia superimposed on pre-existing hypertension- antepartum,C0156683,Pre-eclampsia or eclampsia superimposed on pre-existing hypertension- antepartum condition or complication,narrow,P,PrA,642.73,ongoing_pregnancy
OngoingPregnancy1,Ongoing Pregnancy,MTHICD9,642.93,Unspecified antepartum hypertension,C0156689,Unspecified antepartum hypertension,narrow,P,PrA,642.93,ongoing_pregnancy
OngoingPregnancy1,Ongoing Pregnancy,MTHICD9,643.00,Mild hyperemesis gravidarum- unspecified as to episode of care,C0156692,Mild hyperemesis gravidarum- unspecified as to episode of care or not applicable,narrow,P,PrA,643.00,ongoing_pregnancy
OngoingPregnancy1,Ongoing Pregnancy,MTHICD9,643.03,Mild hyperemesis gravidarum- antepartum,C0156694,Mild hyperemesis gravidarum- antepartum condition or complication,narrow,P,PrA,643.03,ongoing_pregnancy
OngoingPregnancy1,Ongoing Pregnancy,MTHICD9,643.10,Hyperemesis gravidarum with metabolic disturbance- unspecified as to episode of care,C0156696,Hyperemesis gravidarum with metabolic disturbance- unspecified as to episode of care or not applicable,narrow,P,PrA,643.10,ongoing_pregnancy
OngoingPregnancy1,Ongoing Pregnancy,MTHICD9,643.13,Hyperemesis gravidarum with metabolic disturbance- antepartum,C0156698,Hyperemesis gravidarum with metabolic disturbance- antepartum,narrow,P,PrA,643.13,ongoing_pregnancy
OngoingPregnancy1,Ongoing Pregnancy,MTHICD9,643.2,Excessive vomiting starting after 22 completed weeks of gestation,C0156699,Late vomiting of pregnancy,narrow,P,PrA,643.2,ongoing_pregnancy
OngoingPregnancy1,Ongoing Pregnancy,MTHICD9,643.20,Late vomiting of pregnancy- unspecified as to episode of care,C0156700,Late vomiting of pregnancy- unspecified as to episode of care,narrow,P,PrA,643.20,ongoing_pregnancy
OngoingPregnancy1,Ongoing Pregnancy,MTHICD9,643.80,Other vomiting complicating pregnancy- unspecified as to episode of care,C0156704,Other vomiting complicating pregnancy- unspecified as to episode of care or not applicable,narrow,P,PrA,643.80,ongoing_pregnancy
OngoingPregnancy1,Ongoing Pregnancy,MTHICD9,643.83,Other vomiting complicating pregnancy- antepartum,C0156706,Other vomiting complicating pregnancy- antepartum condition or complication,narrow,P,PrA,643.83,ongoing_pregnancy
OngoingPregnancy1,Ongoing Pregnancy,MTHICD9,643.90,Unspecified vomiting of pregnancy- unspecified as to episode of care,C0156708,Unspecified vomiting of pregnancy- unspecified as to episode of care,narrow,P,PrA,643.90,ongoing_pregnancy
OngoingPregnancy1,Ongoing Pregnancy,MTHICD9,643.93,Unspecified vomiting of pregnancy- antepartum,C0156710,Unspecified vomiting of pregnancy- antepartum,narrow,P,PrA,643.93,ongoing_pregnancy
OngoingPregnancy1,Ongoing Pregnancy,MTHICD9,644.0,Premature labor after 22 weeks- but before 37 completed weeks of gestation without delivery,C0473390,Threatened premature labor,narrow,P,PrA,644.0,ongoing_pregnancy
OngoingPregnancy1,Ongoing Pregnancy,MTHICD9,644.00,Threatened premature labor- unspecified as to episode of care,C0156713,Threatened premature labour- unspecified as to episode of care,narrow,P,PrA,644.00,ongoing_pregnancy
OngoingPregnancy1,Ongoing Pregnancy,MTHICD9,644.03,Threatened premature labor- antepartum,C0156714,Threatened premature labour- antepartum,narrow,P,PrA,644.03,ongoing_pregnancy
OngoingPregnancy1,Ongoing Pregnancy,MTHICD9,647.93,Unspecified infection or infestation of mother- antepartum,C0156827,Unspecified infection or infestation of mother- antepartum condition or complication,narrow,P,PrA,647.93,ongoing_pregnancy
OngoingPregnancy1,Ongoing Pregnancy,MTHICD9,653.4,Cephalopelvic disproportion NOS,C0085988,Cephalopelvic Disproportion,narrow,P,PrA,653.4,ongoing_pregnancy
OngoingPregnancy1,Ongoing Pregnancy,MTHICD9,653.43,Fetopelvic disproportion- antepartum,C1142292,Foetopelvic disproportion- antepartum,narrow,P,PrA,653.43,ongoing_pregnancy
OngoingPregnancy1,Ongoing Pregnancy,MTHICD9,673.23,Obstetrical blood-clot embolism- antepartum,C0157556,Obstetrical blood-clot embolism- antepartum,narrow,P,PrA,673.23,ongoing_pregnancy
OngoingPregnancy1,Ongoing Pregnancy,MTHICD9,673.80,Other obstetrical pulmonary embolism- unspecified as to episode of care,C0157565,Other obstetrical pulmonary embolism- unspecified as to episode of care or not applicable,narrow,P,PrA,673.80,ongoing_pregnancy
OngoingPregnancy1,Ongoing Pregnancy,MTHICD9,777.6,Meconium peritonitis,C0270250,Meconium peritonitis,possible,P,PrA,777.6,ongoing_pregnancy
OngoingPregnancy1,Ongoing Pregnancy,MTHICD9,779.9,Congenital debility NOS,C0270077,Congenital debility of fetus,narrow,P,PrA,779.9,ongoing_pregnancy
OngoingPregnancy1,Ongoing Pregnancy,RCD2,L10..,Haemorrhage in early pregnancy,C0156604,Hemorrhage in early pregnancy,narrow,P,PrA,L10..,ongoing_pregnancy
OngoingPregnancy1,Ongoing Pregnancy,RCD2,L100.,Threatened abortion,C0000821,Threatened abortion,narrow,P,PrA,L100.,ongoing_pregnancy
OngoingPregnancy1,Ongoing Pregnancy,RCD2,L1000,Threatened abortion-unspecif.,C0000821,Threatened abortion,narrow,P,PrA,L1000,ongoing_pregnancy
OngoingPregnancy1,Ongoing Pregnancy,RCD2,L100z,Threatened abortion NOS,C0000821,Threatened abortion,narrow,P,PrA,L100z,ongoing_pregnancy
OngoingPregnancy1,Ongoing Pregnancy,RCD2,L10z.,Early pregnancy haemorrh. NOS,C0156604,Hemorrhage in early pregnancy,narrow,P,PrA,L10z.,ongoing_pregnancy
OngoingPregnancy1,Ongoing Pregnancy,RCD2,L10z0,Early pregnancy h-ge NOS unsp.,C0156604,Hemorrhage in early pregnancy,narrow,P,PrA,L10z0,ongoing_pregnancy
OngoingPregnancy1,Ongoing Pregnancy,RCD2,L110.,Placenta praevia + no haem-ge,C0156617,Placenta previa without hemorrhage,narrow,P,PrA,L110.,ongoing_pregnancy
OngoingPregnancy1,Ongoing Pregnancy,RCD2,L1100,Placenta praev.+no h-ge unspec,C0156617,Placenta previa without hemorrhage,narrow,P,PrA,L1100,ongoing_pregnancy
OngoingPregnancy1,Ongoing Pregnancy,RCD2,L110z,Placenta praevia + no h-ge NOS,C0156617,Placenta previa without hemorrhage,narrow,P,PrA,L110z,ongoing_pregnancy
OngoingPregnancy1,Ongoing Pregnancy,RCD2,L111.,Placenta praevia + haemorrhage,C0156621,Placenta previa with hemorrhage,narrow,P,PrA,L111.,ongoing_pregnancy
OngoingPregnancy1,Ongoing Pregnancy,RCD2,L1110,Placenta praevia+h-ge unspec.,C0156621,Placenta previa with hemorrhage,narrow,P,PrA,L1110,ongoing_pregnancy
OngoingPregnancy1,Ongoing Pregnancy,RCD2,L111z,Placenta praevia + haem-ge NOS,C0156621,Placenta previa with hemorrhage,narrow,P,PrA,L111z,ongoing_pregnancy
OngoingPregnancy1,Ongoing Pregnancy,RCD2,L11z0,Antepartum h-ge NOS unspec.,C0269608,Antepartum hemorrhage,narrow,P,PrA,L11z0,ongoing_pregnancy
OngoingPregnancy1,Ongoing Pregnancy,RCD2,L11zz,Antepartum h-ge NOS,C0269608,Antepartum hemorrhage,narrow,P,PrA,L11zz,ongoing_pregnancy
OngoingPregnancy1,Ongoing Pregnancy,RCD2,L1230,Gestational hypertension unsp.,C0341934,Transient hypertension of pregnancy,narrow,P,PrA,L1230,ongoing_pregnancy
OngoingPregnancy1,Ongoing Pregnancy,RCD2,L1236,Transient hypertension of preg,C0341934,Transient hypertension of pregnancy,narrow,P,PrA,L1236,ongoing_pregnancy
OngoingPregnancy1,Ongoing Pregnancy,RCD2,L123z,Gestational hypertension NOS,C0341934,Transient hypertension of pregnancy,narrow,P,PrA,L123z,ongoing_pregnancy
OngoingPregnancy1,Ongoing Pregnancy,RCD2,L1240,Mild pre-eclampsia unspecified,C0269658,Mild pre-eclampsia,narrow,P,PrA,L1240,ongoing_pregnancy
OngoingPregnancy1,Ongoing Pregnancy,RCD2,L124z,Mild-unspec.pre-eclampsia NOS,C0269658,Mild pre-eclampsia,narrow,P,PrA,L124z,ongoing_pregnancy
OngoingPregnancy1,Ongoing Pregnancy,RCD2,L125.,Severe pre-eclampsia,C0341950,Severe pre-eclampsia,narrow,P,PrA,L125.,ongoing_pregnancy
OngoingPregnancy1,Ongoing Pregnancy,RCD2,L1250,Severe pre-eclampsia unspecif.,C0341950,Severe pre-eclampsia,narrow,P,PrA,L1250,ongoing_pregnancy
OngoingPregnancy1,Ongoing Pregnancy,RCD2,L125z,Severe pre-eclampsia NOS,C0341950,Severe pre-eclampsia,narrow,P,PrA,L125z,ongoing_pregnancy
OngoingPregnancy1,Ongoing Pregnancy,RCD2,L13..,Excessive pregnancy vomiting,C0020450,Hyperemesis Gravidarum,narrow,P,PrA,L13..,ongoing_pregnancy
OngoingPregnancy1,Ongoing Pregnancy,RCD2,L130z,Mild hyperemesis gravid. NOS,C0020451,Mild hyperemesis gravidarum,narrow,P,PrA,L130z,ongoing_pregnancy
OngoingPregnancy1,Ongoing Pregnancy,RCD2,L131.,Hyperemesis gravid.+metab.dist,C0405080,Hyperemesis gravidarum with metabolic disturbance,narrow,P,PrA,L131.,ongoing_pregnancy
OngoingPregnancy1,Ongoing Pregnancy,RCD2,L1310,Hyperemesis+metab.dist.unspec.,C0405080,Hyperemesis gravidarum with metabolic disturbance,narrow,P,PrA,L1310,ongoing_pregnancy
OngoingPregnancy1,Ongoing Pregnancy,RCD2,L131z,Hyperem.gravid.+metab.dist.NOS,C0405080,Hyperemesis gravidarum with metabolic disturbance,narrow,P,PrA,L131z,ongoing_pregnancy
OngoingPregnancy1,Ongoing Pregnancy,RCD2,L132.,Late vomiting of pregnancy,C0156699,Late vomiting of pregnancy,narrow,P,PrA,L132.,ongoing_pregnancy
OngoingPregnancy1,Ongoing Pregnancy,RCD2,L1320,Late preg.vomiting unspecif.,C0156699,Late vomiting of pregnancy,narrow,P,PrA,L1320,ongoing_pregnancy
OngoingPregnancy1,Ongoing Pregnancy,RCD2,L132z,Late pregnancy vomiting NOS,C0156699,Late vomiting of pregnancy,narrow,P,PrA,L132z,ongoing_pregnancy
OngoingPregnancy1,Ongoing Pregnancy,RCD2,L13z.,Unspecified pregnancy vomiting,C0269661,Vomiting of pregnancy,narrow,P,PrA,L13z.,ongoing_pregnancy
OngoingPregnancy1,Ongoing Pregnancy,RCD2,L13z0,Unspec.preg.vomiting unspec.,C0269661,Vomiting of pregnancy,narrow,P,PrA,L13z0,ongoing_pregnancy
OngoingPregnancy1,Ongoing Pregnancy,RCD2,L13zz,Unspec.pregnancy vomiting NOS,C0269661,Vomiting of pregnancy,narrow,P,PrA,L13zz,ongoing_pregnancy
OngoingPregnancy1,Ongoing Pregnancy,RCD2,L140.,Threatened premature labour,C0473390,Threatened premature labor,narrow,P,PrA,L140.,ongoing_pregnancy
OngoingPregnancy1,Ongoing Pregnancy,RCD2,L1400,Threatened prem.labour unspec.,C0473390,Threatened premature labor,narrow,P,PrA,L1400,ongoing_pregnancy
OngoingPregnancy1,Ongoing Pregnancy,RCD2,L140z,Threatened prem.labour NOS,C0473390,Threatened premature labor,narrow,P,PrA,L140z,ongoing_pregnancy
OngoingPregnancy1,Ongoing Pregnancy,RCD2,L43y0,Other obst.pulm.embol.unspec.,C0157564,Other obstetrical pulmonary embolism,narrow,P,PrA,L43y0,ongoing_pregnancy
OngoingPregnancy1,Ongoing Pregnancy,RCD2,L43yz,Other obst.pulmonary embol.NOS,C0157564,Other obstetrical pulmonary embolism,narrow,P,PrA,L43yz,ongoing_pregnancy
OngoingPregnancy1,Ongoing Pregnancy,RCD2,Lyu21,[X]Oth vomiting complicat preg,C0156703,Other vomiting complicating pregnancy,narrow,P,PrA,Lyu21,ongoing_pregnancy
OngoingPregnancy1,Ongoing Pregnancy,SCTSPA,10231000132102,embarazo por fertilización in vitro (hallazgo),"","",narrow,P,PrA,10231000132102,ongoing_pregnancy
OngoingPregnancy1,Ongoing Pregnancy,SCTSPA,10749641000119106,trastorno de la coagulación sanguínea que complica el embarazo (trastorno),"","",narrow,P,PrA,10749641000119106,ongoing_pregnancy
OngoingPregnancy1,Ongoing Pregnancy,SCTSPA,111433003,hemorragia no especificada en el embarazo temprano- no considerada como un episodio importante - RETIRADO -,C0156613,Unspecified hemorrhage in early pregnancy- unspecified as to episode of care,narrow,P,PrA,111433003,ongoing_pregnancy
OngoingPregnancy1,Ongoing Pregnancy,SCTSPA,111435005,otros tipos de hemorragias especificadas en el embarazo temprano- no consideradas como un episodio importante - RETIRADO -,C0156609,Other specified hemorrhage in early pregnancy- unspecified as to episode of care or not applicable,narrow,P,PrA,111435005,ongoing_pregnancy
OngoingPregnancy1,Ongoing Pregnancy,SCTSPA,111437002,otros tipos de hemorragias especificadas en el embarazo temprano- con una condición o complicación preparto - RETIRADO -,C0269607,Other specified hemorrhage in early pregnancy- antepartum condition or complication,narrow,P,PrA,111437002,ongoing_pregnancy
OngoingPregnancy1,Ongoing Pregnancy,SCTSPA,1148848009,embarazo múltiple posterior a fertilización asistida (trastorno),"","",narrow,P,PrA,1148848009,ongoing_pregnancy
OngoingPregnancy1,Ongoing Pregnancy,SCTSPA,1149345007,aumento de peso excesivo medido durante la gestación (hallazgo),"","",narrow,P,PrA,1149345007,ongoing_pregnancy
OngoingPregnancy1,Ongoing Pregnancy,SCTSPA,11751000122101,informe de seguimiento del embarazo (elemento de registro),"","",narrow,P,PrA,11751000122101,ongoing_pregnancy
OngoingPregnancy1,Ongoing Pregnancy,SCTSPA,118185001,hallazgo relacionado con el embarazo (hallazgo),"","",narrow,P,PrA,118185001,ongoing_pregnancy
OngoingPregnancy1,Ongoing Pregnancy,SCTSPA,128604004,trastorno de los productos de la concepción (trastorno),"","",narrow,P,PrA,128604004,ongoing_pregnancy
OngoingPregnancy1,Ongoing Pregnancy,SCTSPA,1323351000000104,sangrado en el primer trimestre de embarazo (trastorno),"","",narrow,P,PrA,1323351000000104,ongoing_pregnancy
OngoingPregnancy1,Ongoing Pregnancy,SCTSPA,134781000119106,embarazo de alto riesgo debido a abortos espontáneos recurrentes (hallazgo),"","",narrow,P,PrA,134781000119106,ongoing_pregnancy
OngoingPregnancy1,Ongoing Pregnancy,SCTSPA,13763000,edad gestacional- 34 semanas (hallazgo),"","",narrow,P,PrA,13763000,ongoing_pregnancy
OngoingPregnancy1,Ongoing Pregnancy,SCTSPA,13798002,edad gestacional- 38 semanas (hallazgo),"","",narrow,P,PrA,13798002,ongoing_pregnancy
OngoingPregnancy1,Ongoing Pregnancy,SCTSPA,14094001,hiperemesis gravídica,C0020450,Hyperemesis Gravidarum,narrow,P,PrA,14094001,ongoing_pregnancy
OngoingPregnancy1,Ongoing Pregnancy,SCTSPA,15028002,presentación fetal anómala (hallazgo),"","",narrow,P,PrA,15028002,ongoing_pregnancy
OngoingPregnancy1,Ongoing Pregnancy,SCTSPA,15196006,hematoma intraplacentario (trastorno),"","",narrow,P,PrA,15196006,ongoing_pregnancy
OngoingPregnancy1,Ongoing Pregnancy,SCTSPA,156104008,Antepartum haemorrhage NOS,C0269608,Antepartum hemorrhage,narrow,P,PrA,156104008,ongoing_pregnancy
OngoingPregnancy1,Ongoing Pregnancy,SCTSPA,156117006,Vomiting of pregnancy NOS,C0269661,Vomiting of pregnancy,narrow,P,PrA,156117006,ongoing_pregnancy
OngoingPregnancy1,Ongoing Pregnancy,SCTSPA,15633004,edad gestacional- 16 semanas (hallazgo),"","",narrow,P,PrA,15633004,ongoing_pregnancy
OngoingPregnancy1,Ongoing Pregnancy,SCTSPA,15643101000119103,enfermedad por reflujo gastroesofágico en el embarazo (trastorno),"","",narrow,P,PrA,15643101000119103,ongoing_pregnancy
OngoingPregnancy1,Ongoing Pregnancy,SCTSPA,15663008,placenta previa oclusiva total (trastorno),"","",narrow,P,PrA,15663008,ongoing_pregnancy
OngoingPregnancy1,Ongoing Pregnancy,SCTSPA,161732006,grávida (entidad observable),"","",narrow,P,PrA,161732006,ongoing_pregnancy
OngoingPregnancy1,Ongoing Pregnancy,SCTSPA,1639007,anomalía de órganos Y-O partes blandas de la pelvis que afecta el embarazo (trastorno),"","",narrow,P,PrA,1639007,ongoing_pregnancy
OngoingPregnancy1,Ongoing Pregnancy,SCTSPA,185226003,atendido en un consultorio de atención prenatal (hallazgo),"","",possible,P,PrA,185226003,ongoing_pregnancy
OngoingPregnancy1,Ongoing Pregnancy,SCTSPA,19569008,hiperemesis gravídica leve,C0020451,Mild hyperemesis gravidarum,narrow,P,PrA,19569008,ongoing_pregnancy
OngoingPregnancy1,Ongoing Pregnancy,SCTSPA,19882008,hemorragia por placenta previa,C0156621,Placenta previa with hemorrhage,narrow,P,PrA,19882008,ongoing_pregnancy
OngoingPregnancy1,Ongoing Pregnancy,SCTSPA,198891005,hemorragia del comienzo del embarazo- SAI,C0156604,Hemorrhage in early pregnancy,narrow,P,PrA,198891005,ongoing_pregnancy
OngoingPregnancy1,Ongoing Pregnancy,SCTSPA,198892003,hemorragia del comienzo del embarazo- SAI- no especificada,C0156604,Hemorrhage in early pregnancy,narrow,P,PrA,198892003,ongoing_pregnancy
OngoingPregnancy1,Ongoing Pregnancy,SCTSPA,198897009,placenta previa sin hemorragia [dup],C0156617,Placenta previa without hemorrhage,narrow,P,PrA,198897009,ongoing_pregnancy
OngoingPregnancy1,Ongoing Pregnancy,SCTSPA,198898004,placenta previa sin hemorragia- no especificada,C0156617,Placenta previa without hemorrhage,narrow,P,PrA,198898004,ongoing_pregnancy
OngoingPregnancy1,Ongoing Pregnancy,SCTSPA,198902005,placenta previa sin hemorragia- SAI,C0156617,Placenta previa without hemorrhage,narrow,P,PrA,198902005,ongoing_pregnancy
OngoingPregnancy1,Ongoing Pregnancy,SCTSPA,198903000,placenta previa con hemorragia,C0156621,Placenta previa with hemorrhage,narrow,P,PrA,198903000,ongoing_pregnancy
OngoingPregnancy1,Ongoing Pregnancy,SCTSPA,198904006,placenta previa con hemorragia- no especificada,C0156621,Placenta previa with hemorrhage,narrow,P,PrA,198904006,ongoing_pregnancy
OngoingPregnancy1,Ongoing Pregnancy,SCTSPA,198907004,placenta previa con hemorragia- SAI,C0156621,Placenta previa with hemorrhage,narrow,P,PrA,198907004,ongoing_pregnancy
OngoingPregnancy1,Ongoing Pregnancy,SCTSPA,198911005,desprendimiento prematuro de placenta - no nacido (trastorno),"","",narrow,P,PrA,198911005,ongoing_pregnancy
OngoingPregnancy1,Ongoing Pregnancy,SCTSPA,198936004,Antepartum haemorrhage NOS,C0269608,Antepartum hemorrhage,narrow,P,PrA,198936004,ongoing_pregnancy
OngoingPregnancy1,Ongoing Pregnancy,SCTSPA,198937008,hemorragia preparto- SAI- no especificada,C0269608,Antepartum hemorrhage,narrow,P,PrA,198937008,ongoing_pregnancy
OngoingPregnancy1,Ongoing Pregnancy,SCTSPA,198940008,hemorragia preparto- SAI,C0269608,Antepartum hemorrhage,narrow,P,PrA,198940008,ongoing_pregnancy
OngoingPregnancy1,Ongoing Pregnancy,SCTSPA,198964009,hipertensión transitoria del embarazo- no especificada,C0341934,Transient hypertension of pregnancy,narrow,P,PrA,198964009,ongoing_pregnancy
OngoingPregnancy1,Ongoing Pregnancy,SCTSPA,198971004,hipertensión transitoria del embarazo- SAI,C0341934,Transient hypertension of pregnancy,narrow,P,PrA,198971004,ongoing_pregnancy
OngoingPregnancy1,Ongoing Pregnancy,SCTSPA,198973001,Mild or unspecified pre-eclampsia unspecified,C0269658,Mild pre-eclampsia,narrow,P,PrA,198973001,ongoing_pregnancy
OngoingPregnancy1,Ongoing Pregnancy,SCTSPA,198980004,preeclampsia leve o no especificada- SAI,C0269658,Mild pre-eclampsia,narrow,P,PrA,198980004,ongoing_pregnancy
OngoingPregnancy1,Ongoing Pregnancy,SCTSPA,198981000,hipertensión proteinúrica severa del embarazo,C0341950,Severe pre-eclampsia,narrow,P,PrA,198981000,ongoing_pregnancy
OngoingPregnancy1,Ongoing Pregnancy,SCTSPA,198982007,preeclampsia grave no especificada,C0341950,Severe pre-eclampsia,narrow,P,PrA,198982007,ongoing_pregnancy
OngoingPregnancy1,Ongoing Pregnancy,SCTSPA,198987001,preeclampsia grave- SAI,C0341950,Severe pre-eclampsia,narrow,P,PrA,198987001,ongoing_pregnancy
OngoingPregnancy1,Ongoing Pregnancy,SCTSPA,199024002,hiperemesis gravídica leve- SAI,C0020451,Mild hyperemesis gravidarum,narrow,P,PrA,199024002,ongoing_pregnancy
OngoingPregnancy1,Ongoing Pregnancy,SCTSPA,199025001,hiperemesis gravídica con trastorno metabólico,C0405080,Hyperemesis gravidarum with metabolic disturbance,narrow,P,PrA,199025001,ongoing_pregnancy
OngoingPregnancy1,Ongoing Pregnancy,SCTSPA,199026000,hiperemesis gravídica con alteración metabólica- no especificada,C0405080,Hyperemesis gravidarum with metabolic disturbance,narrow,P,PrA,199026000,ongoing_pregnancy
OngoingPregnancy1,Ongoing Pregnancy,SCTSPA,199029007,hiperemesis gravídica con alteración metabólica- SAI,C0405080,Hyperemesis gravidarum with metabolic disturbance,narrow,P,PrA,199029007,ongoing_pregnancy
OngoingPregnancy1,Ongoing Pregnancy,SCTSPA,199031003,vómitos durante el final del embarazo no especificados,C0156699,Late vomiting of pregnancy,narrow,P,PrA,199031003,ongoing_pregnancy
OngoingPregnancy1,Ongoing Pregnancy,SCTSPA,199034006,vómito durante el final del embarazo- SAI,C0156699,Late vomiting of pregnancy,narrow,P,PrA,199034006,ongoing_pregnancy
OngoingPregnancy1,Ongoing Pregnancy,SCTSPA,199040004,vómitos del embarazo no especificados,C0269661,Vomiting of pregnancy,narrow,P,PrA,199040004,ongoing_pregnancy
OngoingPregnancy1,Ongoing Pregnancy,SCTSPA,199041000,vómitos durante el embarazo- no especificados,C0269661,Vomiting of pregnancy,narrow,P,PrA,199041000,ongoing_pregnancy
OngoingPregnancy1,Ongoing Pregnancy,SCTSPA,199045009,vómitos durante el embarazo no especificados- SAI,C0269661,Vomiting of pregnancy,narrow,P,PrA,199045009,ongoing_pregnancy
OngoingPregnancy1,Ongoing Pregnancy,SCTSPA,199048006,amenaza de parto pretérmino- no especificado,C0473390,Threatened premature labor,narrow,P,PrA,199048006,ongoing_pregnancy
OngoingPregnancy1,Ongoing Pregnancy,SCTSPA,199050003,falso trabajo de parto a las 37 semanas de gestación completas o después,"","",narrow,P,PrA,199050003,ongoing_pregnancy
OngoingPregnancy1,Ongoing Pregnancy,SCTSPA,199051004,amenaza de parto pretérmino- SAI,C0473390,Threatened premature labor,narrow,P,PrA,199051004,ongoing_pregnancy
OngoingPregnancy1,Ongoing Pregnancy,SCTSPA,199732004,hallazgos anormales en el cribado prenatal de la madre (trastorno),"","",narrow,P,PrA,199732004,ongoing_pregnancy
OngoingPregnancy1,Ongoing Pregnancy,SCTSPA,200314008,otra embolia pulmonar de causa obstétrica- no especificada,C0157564,Other obstetrical pulmonary embolism,narrow,P,PrA,200314008,ongoing_pregnancy
OngoingPregnancy1,Ongoing Pregnancy,SCTSPA,200319003,otra embolia pulmonar de causa obstétrica- SAI,C0157564,Other obstetrical pulmonary embolism,narrow,P,PrA,200319003,ongoing_pregnancy
OngoingPregnancy1,Ongoing Pregnancy,SCTSPA,200497001,[X]otros vómitos que complican el embarazo,C0156703,Other vomiting complicating pregnancy,narrow,P,PrA,200497001,ongoing_pregnancy
OngoingPregnancy1,Ongoing Pregnancy,SCTSPA,22281000119101,embarazo postérmino de 40 a 42 semanas (hallazgo),"","",narrow,P,PrA,22281000119101,ongoing_pregnancy
OngoingPregnancy1,Ongoing Pregnancy,SCTSPA,22637007,hiperemesis gravídica con alteración metabólica,C0405080,Hyperemesis gravidarum with metabolic disturbance,narrow,P,PrA,22637007,ongoing_pregnancy
OngoingPregnancy1,Ongoing Pregnancy,SCTSPA,23464008,edad gestacional- 20 semanas (hallazgo),"","",narrow,P,PrA,23464008,ongoing_pregnancy
OngoingPregnancy1,Ongoing Pregnancy,SCTSPA,235888006,colestasis del embarazo (trastorno),"","",narrow,P,PrA,235888006,ongoing_pregnancy
OngoingPregnancy1,Ongoing Pregnancy,SCTSPA,237279007,hipertensión transitoria durante el embarazo,C0341934,Transient hypertension of pregnancy,narrow,P,PrA,237279007,ongoing_pregnancy
OngoingPregnancy1,Ongoing Pregnancy,SCTSPA,237292005,insuficiencia placentaria (trastorno),"","",narrow,P,PrA,237292005,ongoing_pregnancy
OngoingPregnancy1,Ongoing Pregnancy,SCTSPA,239103006,prurigo del embarazo (trastorno),"","",narrow,P,PrA,239103006,ongoing_pregnancy
OngoingPregnancy1,Ongoing Pregnancy,SCTSPA,24095001,placenta previa oclusiva parcial (trastorno),"","",narrow,P,PrA,24095001,ongoing_pregnancy
OngoingPregnancy1,Ongoing Pregnancy,SCTSPA,25026004,edad gestacional- 18 semanas (hallazgo),"","",narrow,P,PrA,25026004,ongoing_pregnancy
OngoingPregnancy1,Ongoing Pregnancy,SCTSPA,25825004,hemorragia antes de la semana 22 de gestación,C0156604,Hemorrhage in early pregnancy,narrow,P,PrA,25825004,ongoing_pregnancy
OngoingPregnancy1,Ongoing Pregnancy,SCTSPA,265635006,amniocentesis diagnóstica (procedimiento),"","",narrow,P,PrA,265635006,ongoing_pregnancy
OngoingPregnancy1,Ongoing Pregnancy,SCTSPA,26690008,edad gestacional- 8 semanas (hallazgo),"","",narrow,P,PrA,26690008,ongoing_pregnancy
OngoingPregnancy1,Ongoing Pregnancy,SCTSPA,267197003,hemorragia preparto- desprendimiento prematuro de placenta y placenta previa,C0156616,Antepartum hemorrhage- abruptio placentae and placenta previa,narrow,P,PrA,267197003,ongoing_pregnancy
OngoingPregnancy1,Ongoing Pregnancy,SCTSPA,267200002,preeclampsia leve o no especificada,C0269658,Mild pre-eclampsia,narrow,P,PrA,267200002,ongoing_pregnancy
OngoingPregnancy1,Ongoing Pregnancy,SCTSPA,267285009,otra embolia pulmonar obstétrica,C0157564,Other obstetrical pulmonary embolism,narrow,P,PrA,267285009,ongoing_pregnancy
OngoingPregnancy1,Ongoing Pregnancy,SCTSPA,267309004,vómitos durante el embarazo- SAI,C0269661,Vomiting of pregnancy,narrow,P,PrA,267309004,ongoing_pregnancy
OngoingPregnancy1,Ongoing Pregnancy,SCTSPA,270926000,anticuerpos anti - hematíes Rh negativos (procedimiento),"","",narrow,P,PrA,270926000,ongoing_pregnancy
OngoingPregnancy1,Ongoing Pregnancy,SCTSPA,276986009,preparto (calificador),"","",narrow,P,PrA,276986009,ongoing_pregnancy
OngoingPregnancy1,Ongoing Pregnancy,SCTSPA,280732008,trastorno obstétrico del útero (trastorno),"","",narrow,P,PrA,280732008,ongoing_pregnancy
OngoingPregnancy1,Ongoing Pregnancy,SCTSPA,289267004,hallazgo relacionado con la integridad de la placenta (hallazgo),"","",narrow,P,PrA,289267004,ongoing_pregnancy
OngoingPregnancy1,Ongoing Pregnancy,SCTSPA,289748004,útero grávido normal (hallazgo),"","",narrow,P,PrA,289748004,ongoing_pregnancy
OngoingPregnancy1,Ongoing Pregnancy,SCTSPA,289749007,problema del útero grávido (hallazgo),"","",narrow,P,PrA,289749007,ongoing_pregnancy
OngoingPregnancy1,Ongoing Pregnancy,SCTSPA,30354006,hipertensión transitoria del embarazo,C0341934,Transient hypertension of pregnancy,narrow,P,PrA,30354006,ongoing_pregnancy
OngoingPregnancy1,Ongoing Pregnancy,SCTSPA,30850008,hemorragia a principios del embarazo- prenatal,C0269599,Hemorrhage in early pregnancy- antepartum,narrow,P,PrA,30850008,ongoing_pregnancy
OngoingPregnancy1,Ongoing Pregnancy,SCTSPA,309737007,dolor abdominal en el embarazo (hallazgo),"","",narrow,P,PrA,309737007,ongoing_pregnancy
OngoingPregnancy1,Ongoing Pregnancy,SCTSPA,310529003,recién nacido prematuro- 37 semanas (hallazgo),"","",narrow,P,PrA,310529003,ongoing_pregnancy
OngoingPregnancy1,Ongoing Pregnancy,SCTSPA,313178001,gestación de menos de 24 semanas (hallazgo),"","",narrow,P,PrA,313178001,ongoing_pregnancy
OngoingPregnancy1,Ongoing Pregnancy,SCTSPA,313179009,edad de gestación- 24 semanas (hallazgo),"","",narrow,P,PrA,313179009,ongoing_pregnancy
OngoingPregnancy1,Ongoing Pregnancy,SCTSPA,313180007,gestación mayor de 24 semanas (hallazgo),"","",narrow,P,PrA,313180007,ongoing_pregnancy
OngoingPregnancy1,Ongoing Pregnancy,SCTSPA,31801000146106,enfermedad materna preexistente que complica el embarazo (trastorno),"","",narrow,P,PrA,31801000146106,ongoing_pregnancy
OngoingPregnancy1,Ongoing Pregnancy,SCTSPA,31805001,desproporción fetal (trastorno),"","",narrow,P,PrA,31805001,ongoing_pregnancy
OngoingPregnancy1,Ongoing Pregnancy,SCTSPA,33481000122107,hemorragia genital en el primer trimestre de gestación (trastorno),"","",narrow,P,PrA,33481000122107,ongoing_pregnancy
OngoingPregnancy1,Ongoing Pregnancy,SCTSPA,34430009,ruptura del útero (trastorno),"","",narrow,P,PrA,34430009,ongoing_pregnancy
OngoingPregnancy1,Ongoing Pregnancy,SCTSPA,34536000,amniocentesis (procedimiento),"","",narrow,P,PrA,34536000,ongoing_pregnancy
OngoingPregnancy1,Ongoing Pregnancy,SCTSPA,34842007,hemorragia preparto,C0269608,Antepartum hemorrhage,narrow,P,PrA,34842007,ongoing_pregnancy
OngoingPregnancy1,Ongoing Pregnancy,SCTSPA,36428009,edad gestacional- 42 semanas (hallazgo),"","",narrow,P,PrA,36428009,ongoing_pregnancy
OngoingPregnancy1,Ongoing Pregnancy,SCTSPA,366323009,hallazgo relacionado con la duración de la gestación,"","",narrow,P,PrA,366323009,ongoing_pregnancy
OngoingPregnancy1,Ongoing Pregnancy,SCTSPA,36813001,placenta previa,C0032046,Placenta Previa,narrow,P,PrA,36813001,ongoing_pregnancy
OngoingPregnancy1,Ongoing Pregnancy,SCTSPA,37005007,edad gestacional- 5 semanas (hallazgo),"","",narrow,P,PrA,37005007,ongoing_pregnancy
OngoingPregnancy1,Ongoing Pregnancy,SCTSPA,38039008,edad gestacional- 10 semanas (hallazgo),"","",narrow,P,PrA,38039008,ongoing_pregnancy
OngoingPregnancy1,Ongoing Pregnancy,SCTSPA,38331001,vómito excesivo luego de la semana 22 de gestación,C0156699,Late vomiting of pregnancy,narrow,P,PrA,38331001,ongoing_pregnancy
OngoingPregnancy1,Ongoing Pregnancy,SCTSPA,40801000119106,diabetes mellitus gestacional que complica el embarazo (trastorno),"","",narrow,P,PrA,40801000119106,ongoing_pregnancy
OngoingPregnancy1,Ongoing Pregnancy,SCTSPA,41114007,preeclampsia leve,C0269658,Mild pre-eclampsia,narrow,P,PrA,41114007,ongoing_pregnancy
OngoingPregnancy1,Ongoing Pregnancy,SCTSPA,41438001,edad gestacional- 21 semanas (hallazgo),"","",narrow,P,PrA,41438001,ongoing_pregnancy
OngoingPregnancy1,Ongoing Pregnancy,SCTSPA,41587001,tercer trimestre del embarazo (hallazgo),"","",narrow,P,PrA,41587001,ongoing_pregnancy
OngoingPregnancy1,Ongoing Pregnancy,SCTSPA,428058009,gestación de menos de 9 semanas (hallazgo),"","",narrow,P,PrA,428058009,ongoing_pregnancy
OngoingPregnancy1,Ongoing Pregnancy,SCTSPA,428252001,vaginitis en el embarazo (trastorno),"","",narrow,P,PrA,428252001,ongoing_pregnancy
OngoingPregnancy1,Ongoing Pregnancy,SCTSPA,428566005,gestación de menos de 20 semanas (hallazgo),"","",narrow,P,PrA,428566005,ongoing_pregnancy
OngoingPregnancy1,Ongoing Pregnancy,SCTSPA,428567001,embarazo entre 14 y 20 semanas (hallazgo),"","",narrow,P,PrA,428567001,ongoing_pregnancy
OngoingPregnancy1,Ongoing Pregnancy,SCTSPA,428930004,gestación de 9 a 13 semanas (hallazgo),"","",narrow,P,PrA,428930004,ongoing_pregnancy
OngoingPregnancy1,Ongoing Pregnancy,SCTSPA,429240000,gestación en el tercer trimestre- antes de las 36 semanas,"","",narrow,P,PrA,429240000,ongoing_pregnancy
OngoingPregnancy1,Ongoing Pregnancy,SCTSPA,429715006,gestación de más de 20 semanas (hallazgo),"","",narrow,P,PrA,429715006,ongoing_pregnancy
OngoingPregnancy1,Ongoing Pregnancy,SCTSPA,43697006,edad gestacional- 37 semanas (hallazgo),"","",narrow,P,PrA,43697006,ongoing_pregnancy
OngoingPregnancy1,Ongoing Pregnancy,SCTSPA,441924001,edad gestacional desconocida (hallazgo),"","",narrow,P,PrA,441924001,ongoing_pregnancy
OngoingPregnancy1,Ongoing Pregnancy,SCTSPA,44398003,edad gestacional- 4 semanas (hallazgo),"","",narrow,P,PrA,44398003,ongoing_pregnancy
OngoingPregnancy1,Ongoing Pregnancy,SCTSPA,444661007,embarazo de alto riesgo debido a antecedente de parto pretérmino (hallazgo),"","",narrow,P,PrA,444661007,ongoing_pregnancy
OngoingPregnancy1,Ongoing Pregnancy,SCTSPA,445086005,embarazo químico (trastorno),"","",narrow,P,PrA,445086005,ongoing_pregnancy
OngoingPregnancy1,Ongoing Pregnancy,SCTSPA,45139008,edad gestacional- 29 semanas (hallazgo),"","",narrow,P,PrA,45139008,ongoing_pregnancy
OngoingPregnancy1,Ongoing Pregnancy,SCTSPA,459166009,embarazo gemelar bicoriónico- biamniótico (trastorno),"","",narrow,P,PrA,459166009,ongoing_pregnancy
OngoingPregnancy1,Ongoing Pregnancy,SCTSPA,459168005,embarazo gemelar monocoriónico diamniótico (trastorno),"","",narrow,P,PrA,459168005,ongoing_pregnancy
OngoingPregnancy1,Ongoing Pregnancy,SCTSPA,46230007,edad gestacional- 40 semanas (hallazgo),"","",narrow,P,PrA,46230007,ongoing_pregnancy
OngoingPregnancy1,Ongoing Pregnancy,SCTSPA,46764007,preeclampsia severa,C0341950,Severe pre-eclampsia,narrow,P,PrA,46764007,ongoing_pregnancy
OngoingPregnancy1,Ongoing Pregnancy,SCTSPA,46906003,edad gestacional- 27 semanas (hallazgo),"","",narrow,P,PrA,46906003,ongoing_pregnancy
OngoingPregnancy1,Ongoing Pregnancy,SCTSPA,47200007,embarazo de alto riesgo (hallazgo),"","",narrow,P,PrA,47200007,ongoing_pregnancy
OngoingPregnancy1,Ongoing Pregnancy,SCTSPA,48287005,complicación del cordón umbilical (trastorno),"","",narrow,P,PrA,48287005,ongoing_pregnancy
OngoingPregnancy1,Ongoing Pregnancy,SCTSPA,48688005,edad gestacional- 26 semanas (hallazgo),"","",narrow,P,PrA,48688005,ongoing_pregnancy
OngoingPregnancy1,Ongoing Pregnancy,SCTSPA,4946002,amenaza de parto prematuro,C0473390,Threatened premature labor,narrow,P,PrA,4946002,ongoing_pregnancy
OngoingPregnancy1,Ongoing Pregnancy,SCTSPA,50367001,edad gestacional- 11 semanas (hallazgo),"","",narrow,P,PrA,50367001,ongoing_pregnancy
OngoingPregnancy1,Ongoing Pregnancy,SCTSPA,54318006,edad gestacional- 19 semanas (hallazgo),"","",narrow,P,PrA,54318006,ongoing_pregnancy
OngoingPregnancy1,Ongoing Pregnancy,SCTSPA,56160003,hidrorrea gravídica (hallazgo),"","",narrow,P,PrA,56160003,ongoing_pregnancy
OngoingPregnancy1,Ongoing Pregnancy,SCTSPA,57341009,peritonitis meconial,C0270250,Meconium peritonitis,possible,P,PrA,57341009,ongoing_pregnancy
OngoingPregnancy1,Ongoing Pregnancy,SCTSPA,57630001,primer trimestre del embarazo (hallazgo),"","",narrow,P,PrA,57630001,ongoing_pregnancy
OngoingPregnancy1,Ongoing Pregnancy,SCTSPA,57907009,edad gestacional- 36 semanas (hallazgo),"","",narrow,P,PrA,57907009,ongoing_pregnancy
OngoingPregnancy1,Ongoing Pregnancy,SCTSPA,59466002,segundo trimestre del embarazo (hallazgo),"","",narrow,P,PrA,59466002,ongoing_pregnancy
OngoingPregnancy1,Ongoing Pregnancy,SCTSPA,609563008,diabetes mellitus preexistente en el embarazo (trastorno),"","",narrow,P,PrA,609563008,ongoing_pregnancy
OngoingPregnancy1,Ongoing Pregnancy,SCTSPA,6096002,presentación pélvica (hallazgo),"","",narrow,P,PrA,6096002,ongoing_pregnancy
OngoingPregnancy1,Ongoing Pregnancy,SCTSPA,62333002,edad gestacional- 13 semanas (hallazgo),"","",narrow,P,PrA,62333002,ongoing_pregnancy
OngoingPregnancy1,Ongoing Pregnancy,SCTSPA,62531004,placenta previa marginal (trastorno),"","",narrow,P,PrA,62531004,ongoing_pregnancy
OngoingPregnancy1,Ongoing Pregnancy,SCTSPA,63110000,edad gestacional- 7 semanas (hallazgo),"","",narrow,P,PrA,63110000,ongoing_pregnancy
OngoingPregnancy1,Ongoing Pregnancy,SCTSPA,63503002,edad gestacional- 41 semanas (hallazgo),"","",narrow,P,PrA,63503002,ongoing_pregnancy
OngoingPregnancy1,Ongoing Pregnancy,SCTSPA,64920003,edad gestacional- 31 semanas (hallazgo),"","",narrow,P,PrA,64920003,ongoing_pregnancy
OngoingPregnancy1,Ongoing Pregnancy,SCTSPA,65035007,edad gestacional- 22 semanas (hallazgo),"","",narrow,P,PrA,65035007,ongoing_pregnancy
OngoingPregnancy1,Ongoing Pregnancy,SCTSPA,65683006,edad gestacional- 17 semanas (hallazgo),"","",narrow,P,PrA,65683006,ongoing_pregnancy
OngoingPregnancy1,Ongoing Pregnancy,SCTSPA,6678005,edad gestacional- 15 semanas (hallazgo),"","",narrow,P,PrA,6678005,ongoing_pregnancy
OngoingPregnancy1,Ongoing Pregnancy,SCTSPA,698632006,edema inducido por el embarazo (trastorno),"","",narrow,P,PrA,698632006,ongoing_pregnancy
OngoingPregnancy1,Ongoing Pregnancy,SCTSPA,69909000,eclampsia sobreagregada a hipertensión preexistente (trastorno),"","",narrow,P,PrA,69909000,ongoing_pregnancy
OngoingPregnancy1,Ongoing Pregnancy,SCTSPA,699240001,embarazo intrauterino y ovárico combinado,C1135236,Combined intrauterine and ovarian pregnancy,narrow,P,PrA,699240001,ongoing_pregnancy
OngoingPregnancy1,Ongoing Pregnancy,SCTSPA,70129008,placenta acreta (trastorno),"","",narrow,P,PrA,70129008,ongoing_pregnancy
OngoingPregnancy1,Ongoing Pregnancy,SCTSPA,702737001,supervisión de embarazo de alto riesgo con antecedente de diabetes mellitus gestacional (régimen-tratamiento),"","",narrow,P,PrA,702737001,ongoing_pregnancy
OngoingPregnancy1,Ongoing Pregnancy,SCTSPA,702738006,supervisión de embarazo de alto riesgo (régimen-tratamiento),"","",narrow,P,PrA,702738006,ongoing_pregnancy
OngoingPregnancy1,Ongoing Pregnancy,SCTSPA,707254000,adherencia amniótica (trastorno),"","",narrow,P,PrA,707254000,ongoing_pregnancy
OngoingPregnancy1,Ongoing Pregnancy,SCTSPA,71355009,edad gestacional- 30 semanas (hallazgo),"","",narrow,P,PrA,71355009,ongoing_pregnancy
OngoingPregnancy1,Ongoing Pregnancy,SCTSPA,72271000119100,hipertiroidismo en el embarazo (trastorno),"","",narrow,P,PrA,72271000119100,ongoing_pregnancy
OngoingPregnancy1,Ongoing Pregnancy,SCTSPA,723665008,sangrado vaginal que complica el comienzo del embarazo (trastorno),"","",narrow,P,PrA,723665008,ongoing_pregnancy
OngoingPregnancy1,Ongoing Pregnancy,SCTSPA,724486009,complicación venosa del embarazo (trastorno),"","",narrow,P,PrA,724486009,ongoing_pregnancy
OngoingPregnancy1,Ongoing Pregnancy,SCTSPA,72544005,edad gestacional- 25 semanas (hallazgo),"","",narrow,P,PrA,72544005,ongoing_pregnancy
OngoingPregnancy1,Ongoing Pregnancy,SCTSPA,72846000,edad gestacional- 14 semanas (hallazgo),"","",narrow,P,PrA,72846000,ongoing_pregnancy
OngoingPregnancy1,Ongoing Pregnancy,SCTSPA,74952004,edad gestacional- 3 semanas (hallazgo),"","",narrow,P,PrA,74952004,ongoing_pregnancy
OngoingPregnancy1,Ongoing Pregnancy,SCTSPA,7707000,edad gestacional- 32 semanas (hallazgo),"","",narrow,P,PrA,7707000,ongoing_pregnancy
OngoingPregnancy1,Ongoing Pregnancy,SCTSPA,7792000,placenta previa sin hemorragia,C0156617,Placenta previa without hemorrhage,narrow,P,PrA,7792000,ongoing_pregnancy
OngoingPregnancy1,Ongoing Pregnancy,SCTSPA,78395001,edad gestacional- 33 semanas (hallazgo),"","",narrow,P,PrA,78395001,ongoing_pregnancy
OngoingPregnancy1,Ongoing Pregnancy,SCTSPA,79992004,edad gestacional- 12 semanas (hallazgo),"","",narrow,P,PrA,79992004,ongoing_pregnancy
OngoingPregnancy1,Ongoing Pregnancy,SCTSPA,80487005,edad gestacional- 39 semanas (hallazgo),"","",narrow,P,PrA,80487005,ongoing_pregnancy
OngoingPregnancy1,Ongoing Pregnancy,SCTSPA,82118009,edad gestacional- 2 semanas (hallazgo),"","",narrow,P,PrA,82118009,ongoing_pregnancy
OngoingPregnancy1,Ongoing Pregnancy,SCTSPA,82771000119102,hipertensión que complica el embarazo (trastorno),"","",narrow,P,PrA,82771000119102,ongoing_pregnancy
OngoingPregnancy1,Ongoing Pregnancy,SCTSPA,84132007,edad gestacional- 35 semanas (hallazgo),"","",narrow,P,PrA,84132007,ongoing_pregnancy
OngoingPregnancy1,Ongoing Pregnancy,SCTSPA,84880007,efecto de complicación de la placenta- cordón umbilical y-o membranas sobre el feto o recién nacido (trastorno),"","",narrow,P,PrA,84880007,ongoing_pregnancy
OngoingPregnancy1,Ongoing Pregnancy,SCTSPA,86801005,edad gestacional- 6 semanas (hallazgo),"","",narrow,P,PrA,86801005,ongoing_pregnancy
OngoingPregnancy1,Ongoing Pregnancy,SCTSPA,86883006,edad gestacional- 23 semanas (hallazgo),"","",narrow,P,PrA,86883006,ongoing_pregnancy
OngoingPregnancy1,Ongoing Pregnancy,SCTSPA,87178007,edad gestacional- 1 semana (hallazgo),"","",narrow,P,PrA,87178007,ongoing_pregnancy
OngoingPregnancy1,Ongoing Pregnancy,SCTSPA,87527008,embarazo a término (hallazgo),"","",narrow,P,PrA,87527008,ongoing_pregnancy
OngoingPregnancy1,Ongoing Pregnancy,SCTSPA,88697005,dermatitis papulosa del embarazo (trastorno),"","",narrow,P,PrA,88697005,ongoing_pregnancy
OngoingPregnancy1,Ongoing Pregnancy,SCTSPA,88895004,fatiga durante el embarazo (trastorno),"","",narrow,P,PrA,88895004,ongoing_pregnancy
OngoingPregnancy1,Ongoing Pregnancy,SCTSPA,88924008,reacción de incompatibilidad Rh (trastorno),"","",narrow,P,PrA,88924008,ongoing_pregnancy
OngoingPregnancy1,Ongoing Pregnancy,SCTSPA,90325002,hiperemesis gravídica,C0020450,Hyperemesis Gravidarum,narrow,P,PrA,90325002,ongoing_pregnancy
OngoingPregnancy1,Ongoing Pregnancy,SCTSPA,90797000,edad gestacional- 28 semanas (hallazgo),"","",narrow,P,PrA,90797000,ongoing_pregnancy
OngoingPregnancy1,Ongoing Pregnancy,SCTSPA,931004,edad gestacional- 9 semanas (hallazgo),"","",narrow,P,PrA,931004,ongoing_pregnancy
OngoingPregnancy1,Ongoing Pregnancy,SNOMEDCT_US,111433003,Unspecified haemorrhage in early pregnancy- unspecified as to episode of care,C0156613,Unspecified hemorrhage in early pregnancy- unspecified as to episode of care,narrow,P,PrA,111433003,ongoing_pregnancy
OngoingPregnancy1,Ongoing Pregnancy,SNOMEDCT_US,111435005,Other specified haemorrhage in early pregnancy- unspecified as to episode of care,C0156609,Other specified hemorrhage in early pregnancy- unspecified as to episode of care or not applicable,narrow,P,PrA,111435005,ongoing_pregnancy
OngoingPregnancy1,Ongoing Pregnancy,SNOMEDCT_US,111437002,Other specified haemorrhage in early pregnancy- antepartum condition or complication,C0269607,Other specified hemorrhage in early pregnancy- antepartum condition or complication,narrow,P,PrA,111437002,ongoing_pregnancy
OngoingPregnancy1,Ongoing Pregnancy,SNOMEDCT_US,14094001,Hyperemesis gravidarum,C0020450,Hyperemesis Gravidarum,narrow,P,PrA,14094001,ongoing_pregnancy
OngoingPregnancy1,Ongoing Pregnancy,SNOMEDCT_US,156098004,Threatened miscarriage,C0000821,Threatened abortion,narrow,P,PrA,156098004,ongoing_pregnancy
OngoingPregnancy1,Ongoing Pregnancy,SNOMEDCT_US,156099007,Placenta praevia without haemorrhage,C0156617,Placenta previa without hemorrhage,narrow,P,PrA,156099007,ongoing_pregnancy
OngoingPregnancy1,Ongoing Pregnancy,SNOMEDCT_US,156100004,Antepartum haemorrhage,C0269608,Antepartum hemorrhage,narrow,P,PrA,156100004,ongoing_pregnancy
OngoingPregnancy1,Ongoing Pregnancy,SNOMEDCT_US,156101000,Placenta praevia with haemorrhage,C0156621,Placenta previa with hemorrhage,narrow,P,PrA,156101000,ongoing_pregnancy
OngoingPregnancy1,Ongoing Pregnancy,SNOMEDCT_US,156104008,Antepartum haemorrhage NOS,C0269608,Antepartum hemorrhage,narrow,P,PrA,156104008,ongoing_pregnancy
OngoingPregnancy1,Ongoing Pregnancy,SNOMEDCT_US,156107001,Transient hypertension of pregnancy,C0341934,Transient hypertension of pregnancy,narrow,P,PrA,156107001,ongoing_pregnancy
OngoingPregnancy1,Ongoing Pregnancy,SNOMEDCT_US,156108006,Mild pre-eclampsia,C0269658,Mild pre-eclampsia,narrow,P,PrA,156108006,ongoing_pregnancy
OngoingPregnancy1,Ongoing Pregnancy,SNOMEDCT_US,156110008,Severe proteinuric hypertension of pregnancy,C0341950,Severe pre-eclampsia,narrow,P,PrA,156110008,ongoing_pregnancy
OngoingPregnancy1,Ongoing Pregnancy,SNOMEDCT_US,156113005,Excess vomiting in pregnancy,C0020450,Hyperemesis Gravidarum,narrow,P,PrA,156113005,ongoing_pregnancy
OngoingPregnancy1,Ongoing Pregnancy,SNOMEDCT_US,156114004,Mild hyperemesis gravidarum,C0020451,Mild hyperemesis gravidarum,narrow,P,PrA,156114004,ongoing_pregnancy
OngoingPregnancy1,Ongoing Pregnancy,SNOMEDCT_US,156116002,Late vomiting of pregnancy,C0156699,Late vomiting of pregnancy,narrow,P,PrA,156116002,ongoing_pregnancy
OngoingPregnancy1,Ongoing Pregnancy,SNOMEDCT_US,156117006,Vomiting of pregnancy NOS,C0269661,Vomiting of pregnancy,narrow,P,PrA,156117006,ongoing_pregnancy
OngoingPregnancy1,Ongoing Pregnancy,SNOMEDCT_US,157059004,Placenta praevia,C0032046,Placenta Previa,narrow,P,PrA,157059004,ongoing_pregnancy
OngoingPregnancy1,Ongoing Pregnancy,SNOMEDCT_US,157060009,Antepartum haemorrhage,C0269608,Antepartum hemorrhage,narrow,P,PrA,157060009,ongoing_pregnancy
OngoingPregnancy1,Ongoing Pregnancy,SNOMEDCT_US,19569008,Mild hyperemesis gravidarum,C0020451,Mild hyperemesis gravidarum,narrow,P,PrA,19569008,ongoing_pregnancy
OngoingPregnancy1,Ongoing Pregnancy,SNOMEDCT_US,19882008,Haemorrhage from placenta praevia,C0156621,Placenta previa with hemorrhage,narrow,P,PrA,19882008,ongoing_pregnancy
OngoingPregnancy1,Ongoing Pregnancy,SNOMEDCT_US,198882006,Threatened abortion unspecified,C0000821,Threatened abortion,narrow,P,PrA,198882006,ongoing_pregnancy
OngoingPregnancy1,Ongoing Pregnancy,SNOMEDCT_US,198885008,Threatened abortion NOS,C0000821,Threatened abortion,narrow,P,PrA,198885008,ongoing_pregnancy
OngoingPregnancy1,Ongoing Pregnancy,SNOMEDCT_US,198886009,Bleeding in early pregnancy,C0156604,Hemorrhage in early pregnancy,narrow,P,PrA,198886009,ongoing_pregnancy
OngoingPregnancy1,Ongoing Pregnancy,SNOMEDCT_US,198891005,Early pregnancy haemorrhage NOS,C0156604,Hemorrhage in early pregnancy,narrow,P,PrA,198891005,ongoing_pregnancy
OngoingPregnancy1,Ongoing Pregnancy,SNOMEDCT_US,198892003,Early pregnancy haemorrhage NOS unspecified,C0156604,Hemorrhage in early pregnancy,narrow,P,PrA,198892003,ongoing_pregnancy
OngoingPregnancy1,Ongoing Pregnancy,SNOMEDCT_US,198895001,Early pregnancy haemorrhage NOS,C0156604,Hemorrhage in early pregnancy,narrow,P,PrA,198895001,ongoing_pregnancy
OngoingPregnancy1,Ongoing Pregnancy,SNOMEDCT_US,198896000,Antepartum haemorrhage- abruptio placentae and placenta praevia,C0156616,Antepartum hemorrhage- abruptio placentae and placenta previa,narrow,P,PrA,198896000,ongoing_pregnancy
OngoingPregnancy1,Ongoing Pregnancy,SNOMEDCT_US,198897009,Placenta praevia without haemorrhage,C0156617,Placenta previa without hemorrhage,narrow,P,PrA,198897009,ongoing_pregnancy
OngoingPregnancy1,Ongoing Pregnancy,SNOMEDCT_US,198898004,Placenta praevia without haemorrhage unspecified,C0156617,Placenta previa without hemorrhage,narrow,P,PrA,198898004,ongoing_pregnancy
OngoingPregnancy1,Ongoing Pregnancy,SNOMEDCT_US,198902005,Placenta praevia without haemorrhage NOS,C0156617,Placenta previa without hemorrhage,narrow,P,PrA,198902005,ongoing_pregnancy
OngoingPregnancy1,Ongoing Pregnancy,SNOMEDCT_US,198903000,Placenta previa with hemorrhage,C0156621,Placenta previa with hemorrhage,narrow,P,PrA,198903000,ongoing_pregnancy
OngoingPregnancy1,Ongoing Pregnancy,SNOMEDCT_US,198904006,Placenta praevia with haemorrhage unspecified,C0156621,Placenta previa with hemorrhage,narrow,P,PrA,198904006,ongoing_pregnancy
OngoingPregnancy1,Ongoing Pregnancy,SNOMEDCT_US,198907004,Placenta praevia with haemorrhage NOS,C0156621,Placenta previa with hemorrhage,narrow,P,PrA,198907004,ongoing_pregnancy
OngoingPregnancy1,Ongoing Pregnancy,SNOMEDCT_US,198930005,Placenta praevia,C0032046,Placenta Previa,narrow,P,PrA,198930005,ongoing_pregnancy
OngoingPregnancy1,Ongoing Pregnancy,SNOMEDCT_US,198936004,Antepartum haemorrhage NOS,C0269608,Antepartum hemorrhage,narrow,P,PrA,198936004,ongoing_pregnancy
OngoingPregnancy1,Ongoing Pregnancy,SNOMEDCT_US,198937008,Antepartum haemorrhage NOS- unspecified,C0269608,Antepartum hemorrhage,narrow,P,PrA,198937008,ongoing_pregnancy
OngoingPregnancy1,Ongoing Pregnancy,SNOMEDCT_US,198940008,Antepartum haemorrhage NOS,C0269608,Antepartum hemorrhage,narrow,P,PrA,198940008,ongoing_pregnancy
OngoingPregnancy1,Ongoing Pregnancy,SNOMEDCT_US,198963003,Transient hypertension of pregnancy,C0341934,Transient hypertension of pregnancy,narrow,P,PrA,198963003,ongoing_pregnancy
OngoingPregnancy1,Ongoing Pregnancy,SNOMEDCT_US,198964009,Transient hypertension of pregnancy unspecified,C0341934,Transient hypertension of pregnancy,narrow,P,PrA,198964009,ongoing_pregnancy
OngoingPregnancy1,Ongoing Pregnancy,SNOMEDCT_US,198970003,Transient hypertension of pregnancy,C0341934,Transient hypertension of pregnancy,narrow,P,PrA,198970003,ongoing_pregnancy
OngoingPregnancy1,Ongoing Pregnancy,SNOMEDCT_US,198971004,Transient hypertension of pregnancy NOS,C0341934,Transient hypertension of pregnancy,narrow,P,PrA,198971004,ongoing_pregnancy
OngoingPregnancy1,Ongoing Pregnancy,SNOMEDCT_US,198972006,Mild or unspecified pre-eclampsia,C0269658,Mild pre-eclampsia,narrow,P,PrA,198972006,ongoing_pregnancy
OngoingPregnancy1,Ongoing Pregnancy,SNOMEDCT_US,198973001,Mild or unspecified pre-eclampsia unspecified,C0269658,Mild pre-eclampsia,narrow,P,PrA,198973001,ongoing_pregnancy
OngoingPregnancy1,Ongoing Pregnancy,SNOMEDCT_US,198978005,Mild pre-eclampsia,C0269658,Mild pre-eclampsia,narrow,P,PrA,198978005,ongoing_pregnancy
OngoingPregnancy1,Ongoing Pregnancy,SNOMEDCT_US,198980004,Mild or unspecified pre-eclampsia NOS,C0269658,Mild pre-eclampsia,narrow,P,PrA,198980004,ongoing_pregnancy
OngoingPregnancy1,Ongoing Pregnancy,SNOMEDCT_US,198981000,PET - Severe pre-eclamptic toxaemia,C0341950,Severe pre-eclampsia,narrow,P,PrA,198981000,ongoing_pregnancy
OngoingPregnancy1,Ongoing Pregnancy,SNOMEDCT_US,198982007,Severe pre-eclampsia unspecified,C0341950,Severe pre-eclampsia,narrow,P,PrA,198982007,ongoing_pregnancy
OngoingPregnancy1,Ongoing Pregnancy,SNOMEDCT_US,198987001,Severe pre-eclampsia NOS,C0341950,Severe pre-eclampsia,narrow,P,PrA,198987001,ongoing_pregnancy
OngoingPregnancy1,Ongoing Pregnancy,SNOMEDCT_US,199020006,Mild hyperemesis gravidarum,C0020451,Mild hyperemesis gravidarum,narrow,P,PrA,199020006,ongoing_pregnancy
OngoingPregnancy1,Ongoing Pregnancy,SNOMEDCT_US,199024002,Mild hyperemesis gravidarum NOS,C0020451,Mild hyperemesis gravidarum,narrow,P,PrA,199024002,ongoing_pregnancy
OngoingPregnancy1,Ongoing Pregnancy,SNOMEDCT_US,199025001,Hyperemesis gravidarum with metabolic disturbance,C0405080,Hyperemesis gravidarum with metabolic disturbance,narrow,P,PrA,199025001,ongoing_pregnancy
OngoingPregnancy1,Ongoing Pregnancy,SNOMEDCT_US,199026000,Hyperemesis gravidarum with metabolic disturbance unspecified,C0405080,Hyperemesis gravidarum with metabolic disturbance,narrow,P,PrA,199026000,ongoing_pregnancy
OngoingPregnancy1,Ongoing Pregnancy,SNOMEDCT_US,199029007,Hyperemesis gravidarum with metabolic disturbance NOS,C0405080,Hyperemesis gravidarum with metabolic disturbance,narrow,P,PrA,199029007,ongoing_pregnancy
OngoingPregnancy1,Ongoing Pregnancy,SNOMEDCT_US,199030002,Late vomiting of pregnancy,C0156699,Late vomiting of pregnancy,narrow,P,PrA,199030002,ongoing_pregnancy
OngoingPregnancy1,Ongoing Pregnancy,SNOMEDCT_US,199031003,Late pregnancy vomiting unspecified,C0156699,Late vomiting of pregnancy,narrow,P,PrA,199031003,ongoing_pregnancy
OngoingPregnancy1,Ongoing Pregnancy,SNOMEDCT_US,199034006,Late pregnancy vomiting NOS,C0156699,Late vomiting of pregnancy,narrow,P,PrA,199034006,ongoing_pregnancy
OngoingPregnancy1,Ongoing Pregnancy,SNOMEDCT_US,199040004,Unspecified pregnancy vomiting,C0269661,Vomiting of pregnancy,narrow,P,PrA,199040004,ongoing_pregnancy
OngoingPregnancy1,Ongoing Pregnancy,SNOMEDCT_US,199041000,Unspecified pregnancy vomiting unspecified,C0269661,Vomiting of pregnancy,narrow,P,PrA,199041000,ongoing_pregnancy
OngoingPregnancy1,Ongoing Pregnancy,SNOMEDCT_US,199045009,Unspecified pregnancy vomiting NOS,C0269661,Vomiting of pregnancy,narrow,P,PrA,199045009,ongoing_pregnancy
OngoingPregnancy1,Ongoing Pregnancy,SNOMEDCT_US,199047001,Threatened premature labor,C0473390,Threatened premature labor,narrow,P,PrA,199047001,ongoing_pregnancy
OngoingPregnancy1,Ongoing Pregnancy,SNOMEDCT_US,199048006,Threatened premature labor unspecified,C0473390,Threatened premature labor,narrow,P,PrA,199048006,ongoing_pregnancy
OngoingPregnancy1,Ongoing Pregnancy,SNOMEDCT_US,199051004,Threatened premature labor NOS,C0473390,Threatened premature labor,narrow,P,PrA,199051004,ongoing_pregnancy
OngoingPregnancy1,Ongoing Pregnancy,SNOMEDCT_US,200313002,Other obstetric pulmonary embolism,C0157564,Other obstetrical pulmonary embolism,narrow,P,PrA,200313002,ongoing_pregnancy
OngoingPregnancy1,Ongoing Pregnancy,SNOMEDCT_US,200314008,Other obstetric pulmonary embolism unspecified,C0157564,Other obstetrical pulmonary embolism,narrow,P,PrA,200314008,ongoing_pregnancy
OngoingPregnancy1,Ongoing Pregnancy,SNOMEDCT_US,200319003,Other obstetric pulmonary embolism NOS,C0157564,Other obstetrical pulmonary embolism,narrow,P,PrA,200319003,ongoing_pregnancy
OngoingPregnancy1,Ongoing Pregnancy,SNOMEDCT_US,200497001,[X]Other vomiting complicating pregnancy,C0156703,Other vomiting complicating pregnancy,narrow,P,PrA,200497001,ongoing_pregnancy
OngoingPregnancy1,Ongoing Pregnancy,SNOMEDCT_US,22637007,Hyperemesis gravidarum with metabolic disturbance,C0405080,Hyperemesis gravidarum with metabolic disturbance,narrow,P,PrA,22637007,ongoing_pregnancy
OngoingPregnancy1,Ongoing Pregnancy,SNOMEDCT_US,22689002,Threatened abortion (antepartum),C0000821,Threatened abortion,narrow,P,PrA,22689002,ongoing_pregnancy
OngoingPregnancy1,Ongoing Pregnancy,SNOMEDCT_US,237279007,Transient hypertension of pregnancy,C0341934,Transient hypertension of pregnancy,narrow,P,PrA,237279007,ongoing_pregnancy
OngoingPregnancy1,Ongoing Pregnancy,SNOMEDCT_US,25825004,Bleeding in early pregnancy,C0156604,Hemorrhage in early pregnancy,narrow,P,PrA,25825004,ongoing_pregnancy
OngoingPregnancy1,Ongoing Pregnancy,SNOMEDCT_US,267197003,Antepartum hemorrhage- abruptio placentae and placenta previa,C0156616,Antepartum hemorrhage- abruptio placentae and placenta previa,narrow,P,PrA,267197003,ongoing_pregnancy
OngoingPregnancy1,Ongoing Pregnancy,SNOMEDCT_US,267200002,Mild or unspecified pre-eclampsia,C0269658,Mild pre-eclampsia,narrow,P,PrA,267200002,ongoing_pregnancy
OngoingPregnancy1,Ongoing Pregnancy,SNOMEDCT_US,267285009,Other obstetric pulmonary embolism,C0157564,Other obstetrical pulmonary embolism,narrow,P,PrA,267285009,ongoing_pregnancy
OngoingPregnancy1,Ongoing Pregnancy,SNOMEDCT_US,267308007,Excess vomiting in pregnancy,C0020450,Hyperemesis Gravidarum,narrow,P,PrA,267308007,ongoing_pregnancy
OngoingPregnancy1,Ongoing Pregnancy,SNOMEDCT_US,267309004,Vomiting of pregnancy NOS,C0269661,Vomiting of pregnancy,narrow,P,PrA,267309004,ongoing_pregnancy
OngoingPregnancy1,Ongoing Pregnancy,SNOMEDCT_US,30354006,Transient hypertension of pregnancy,C0341934,Transient hypertension of pregnancy,narrow,P,PrA,30354006,ongoing_pregnancy
OngoingPregnancy1,Ongoing Pregnancy,SNOMEDCT_US,30850008,Haemorrhage in early pregnancy- antepartum,C0269599,Hemorrhage in early pregnancy- antepartum,narrow,P,PrA,30850008,ongoing_pregnancy
OngoingPregnancy1,Ongoing Pregnancy,SNOMEDCT_US,34842007,Antepartum hemorrhage,C0269608,Antepartum hemorrhage,narrow,P,PrA,34842007,ongoing_pregnancy
OngoingPregnancy1,Ongoing Pregnancy,SNOMEDCT_US,36813001,Placenta previa,C0032046,Placenta Previa,narrow,P,PrA,36813001,ongoing_pregnancy
OngoingPregnancy1,Ongoing Pregnancy,SNOMEDCT_US,38331001,Excessive vomiting after 22 weeks of gestation,C0156699,Late vomiting of pregnancy,narrow,P,PrA,38331001,ongoing_pregnancy
OngoingPregnancy1,Ongoing Pregnancy,SNOMEDCT_US,41114007,Mild pre-eclampsia,C0269658,Mild pre-eclampsia,narrow,P,PrA,41114007,ongoing_pregnancy
OngoingPregnancy1,Ongoing Pregnancy,SNOMEDCT_US,46764007,Severe pre-eclampsia,C0341950,Severe pre-eclampsia,narrow,P,PrA,46764007,ongoing_pregnancy
OngoingPregnancy1,Ongoing Pregnancy,SNOMEDCT_US,4946002,Premature labor after 22 weeks but before 37 completed weeks of gestation without delivery,C0473390,Threatened premature labor,narrow,P,PrA,4946002,ongoing_pregnancy
OngoingPregnancy1,Ongoing Pregnancy,SNOMEDCT_US,54048003,Threatened miscarriage,C0000821,Threatened abortion,narrow,P,PrA,54048003,ongoing_pregnancy
OngoingPregnancy1,Ongoing Pregnancy,SNOMEDCT_US,57341009,Meconium peritonitis,C0270250,Meconium peritonitis,possible,P,PrA,57341009,ongoing_pregnancy
OngoingPregnancy1,Ongoing Pregnancy,SNOMEDCT_US,699240001,Combined intrauterine and ovarian pregnancy,C1135236,Combined intrauterine and ovarian pregnancy,narrow,P,PrA,699240001,ongoing_pregnancy
OngoingPregnancy1,Ongoing Pregnancy,SNOMEDCT_US,7792000,Placenta previa without hemorrhage,C0156617,Placenta previa without hemorrhage,narrow,P,PrA,7792000,ongoing_pregnancy
OngoingPregnancy1,Ongoing Pregnancy,SNOMEDCT_US,82022002,Congenital debility of fetus,C0270077,Congenital debility of fetus,narrow,P,PrA,82022002,ongoing_pregnancy
OngoingPregnancy1,Ongoing Pregnancy,SNOMEDCT_US,90325002,Vomiting of pregnancy,C0269661,Vomiting of pregnancy,narrow,P,PrA,90325002,ongoing_pregnancy
OngoingPregnancy2,Ongoing Pregnancy,ICD10,O24,Diabetes mellitus in pregnancy,C0032969,Pregnancy in Diabetics,narrow,P,PrA,O24,ongoing_pregnancy
OngoingPregnancy2,Ongoing Pregnancy,ICD10,O24.01,Pre-existing type 1 diabetes mellitus- in pregnancy,"","",narrow,P,PrA,O24.01,ongoing_pregnancy
OngoingPregnancy2,Ongoing Pregnancy,ICD10,O24.11,Pre-existing type 2 diabetes mellitus- in pregnancy,"","",narrow,P,PrA,O24.11,ongoing_pregnancy
OngoingPregnancy2,Ongoing Pregnancy,ICD10,O24.2,Diabetes mellitus in pregnancy- Pre-existing malnutrition-related diabetes mellitus,"","",narrow,P,PrA,O24.2,ongoing_pregnancy
OngoingPregnancy2,Ongoing Pregnancy,ICD10,O24.31,Unspecified pre-existing diabetes mellitus in pregnancy,"","",narrow,P,PrA,O24.31,ongoing_pregnancy
OngoingPregnancy2,Ongoing Pregnancy,ICD10,O24.41,Gestational diabetes mellitus in pregnancy,"","",narrow,P,PrA,O24.41,ongoing_pregnancy
OngoingPregnancy2,Ongoing Pregnancy,ICD10,O24.81,Other pre-existing diabetes mellitus in pregnancy,"","",narrow,P,PrA,O24.81,ongoing_pregnancy
OngoingPregnancy2,Ongoing Pregnancy,ICD10,O24.9,Diabetes mellitus in pregnancy- unspecified,C0032969,Pregnancy in Diabetics,narrow,P,PrA,O24.9,ongoing_pregnancy
OngoingPregnancy2,Ongoing Pregnancy,ICD10,O24.91,Unspecified diabetes mellitus in pregnancy,"","",narrow,P,PrA,O24.91,ongoing_pregnancy
OngoingPregnancy2,Ongoing Pregnancy,ICD10CM,O24.41,Gestational diabetes mellitus in pregnancy,"","",narrow,P,PrA,O24.41,ongoing_pregnancy
OngoingPregnancy2,Ongoing Pregnancy,ICD10CM,O24.91,Unspecified diabetes mellitus in pregnancy,C0032969,Pregnancy in Diabetics,narrow,P,PrA,O24.91,ongoing_pregnancy
OngoingPregnancy2,Ongoing Pregnancy,ICD10CM,O24.919,Unspecified diabetes mellitus in pregnancy- unspecified trimester,C0032969,Pregnancy in Diabetics,narrow,P,PrA,O24.919,ongoing_pregnancy
OngoingPregnancy2,Ongoing Pregnancy,ICD10CM,O26.61,Liver and biliary tract disorders in pregnancy,C3161439,Liver and biliary tract disorders in pregnancy,narrow,P,PrA,O26.61,ongoing_pregnancy
OngoingPregnancy2,Ongoing Pregnancy,ICD10CM,O26.85,Spotting complicating pregnancy,C1719595,Spotting complicating pregnancy- unspecified trimester,narrow,P,PrA,O26.85,ongoing_pregnancy
OngoingPregnancy2,Ongoing Pregnancy,ICD10CM,O26.859,Spotting complicating pregnancy- unspecified trimester,C1719595,Spotting complicating pregnancy- unspecified trimester,narrow,P,PrA,O26.859,ongoing_pregnancy
OngoingPregnancy2,Ongoing Pregnancy,ICD10CM,O26.87,Cervical shortening,C2349587,Cervical shortening in pregnancy,narrow,P,PrA,O26.87,ongoing_pregnancy
OngoingPregnancy2,Ongoing Pregnancy,ICD9CM,646,Other complications of pregnancy- not elsewhere classified,C0869265,Other complications of pregnancy- NEC in ICD9CM,narrow,P,PrA,646,ongoing_pregnancy
OngoingPregnancy2,Ongoing Pregnancy,ICD9CM,646.1,Edema or excessive weight gain in pregnancy- without mention of hypertension,C0156728,Edema or excessive weight gain in pregnancy- without mention of hypertension,narrow,P,PrA,646.1,ongoing_pregnancy
OngoingPregnancy2,Ongoing Pregnancy,ICD9CM,646.10,Edema or excessive weight gain in pregnancy- without mention of hypertension- unspecified as to episode of care or not applicable,C0156729,Edema or excessive weight gain in pregnancy- without mention of hypertension- unspecified as to episode of care or not applicable,narrow,P,PrA,646.10,ongoing_pregnancy
OngoingPregnancy2,Ongoing Pregnancy,ICD9CM,646.13,Edema or excessive weight gain in pregnancy- without mention of hypertension- antepartum condition or complication,C0815336,Edema or excessive weight gain in pregnancy- without mention of hypertension- antepartum condition or complication,narrow,P,PrA,646.13,ongoing_pregnancy
OngoingPregnancy2,Ongoing Pregnancy,ICD9CM,646.2,Unspecified renal disease in pregnancy- without mention of hypertension,"","",narrow,P,PrA,646.2,ongoing_pregnancy
OngoingPregnancy2,Ongoing Pregnancy,ICD9CM,646.3,Recurrent pregnancy loss,"","",narrow,P,PrA,646.3,ongoing_pregnancy
OngoingPregnancy2,Ongoing Pregnancy,ICD9CM,646.30,Recurrent pregnancy loss- unspecified as to episode of care or not applicable,"","",narrow,P,PrA,646.30,ongoing_pregnancy
OngoingPregnancy2,Ongoing Pregnancy,ICD9CM,646.33,Recurrent pregnancy loss- antepartum condition or complication,"","",narrow,P,PrA,646.33,ongoing_pregnancy
OngoingPregnancy2,Ongoing Pregnancy,ICD9CM,646.4,Peripheral neuritis in pregnancy,C0405072,Peripheral neuritis in pregnancy,narrow,P,PrA,646.4,ongoing_pregnancy
OngoingPregnancy2,Ongoing Pregnancy,ICD9CM,646.40,Peripheral neuritis in pregnancy- unspecified as to episode of care or not applicable,C0156745,Peripheral neuritis in pregnancy- unspecified as to episode of care,narrow,P,PrA,646.40,ongoing_pregnancy
OngoingPregnancy2,Ongoing Pregnancy,ICD9CM,646.43,Peripheral neuritis in pregnancy- antepartum condition or complication,C0405072,Peripheral neuritis in pregnancy,narrow,P,PrA,646.43,ongoing_pregnancy
OngoingPregnancy2,Ongoing Pregnancy,ICD9CM,646.7,Liver and biliary tract disorders in pregnancy,C3161439,Liver and biliary tract disorders in pregnancy,narrow,P,PrA,646.7,ongoing_pregnancy
OngoingPregnancy2,Ongoing Pregnancy,ICD9CM,646.79999999999995,Other specified complications of pregnancy,"","",narrow,P,PrA,646.79999999999995,ongoing_pregnancy
OngoingPregnancy2,Ongoing Pregnancy,ICD9CM,646.79999999999995,Other specified complications of pregnancy- unspecified as to episode of care or not applicable,"","",narrow,P,PrA,646.79999999999995,ongoing_pregnancy
OngoingPregnancy2,Ongoing Pregnancy,ICD9CM,646.83000000000004,Other specified complications of pregnancy- antepartum condition or complication,"","",narrow,P,PrA,646.83000000000004,ongoing_pregnancy
OngoingPregnancy2,Ongoing Pregnancy,ICD9CM,646.9,Unspecified complication of pregnancy- unspecified as to episode of care or not applicable,"","",narrow,P,PrA,646.9,ongoing_pregnancy
OngoingPregnancy2,Ongoing Pregnancy,ICD9CM,646.92999999999995,Unspecified complication of pregnancy- antepartum condition or complication,"","",narrow,P,PrA,646.92999999999995,ongoing_pregnancy
OngoingPregnancy2,Ongoing Pregnancy,ICD9CM,647.03,Syphilis of mother- complicating pregnancy- childbirth- or the puerperium- antepartum condition or complication,C0747833,Syphilis- antepartum,narrow,P,PrA,647.03,ongoing_pregnancy
OngoingPregnancy2,Ongoing Pregnancy,ICD9CM,647.13,Gonorrhea of mother- complicating pregnancy- childbirth- or the puerperium- antepartum condition or complication,C0747817,Gonorrhea- antepartum,narrow,P,PrA,647.13,ongoing_pregnancy
OngoingPregnancy2,Ongoing Pregnancy,ICD9CM,647.33,Tuberculosis of mother- complicating pregnancy- childbirth- or the puerperium- antepartum condition or complication,C0156797,Tuberculosis- antepartum,narrow,P,PrA,647.33,ongoing_pregnancy
OngoingPregnancy2,Ongoing Pregnancy,ICD9CM,647.43,Malaria in the mother- antepartum condition or complication,C0747820,Malaria- antepartum,narrow,P,PrA,647.43,ongoing_pregnancy
OngoingPregnancy2,Ongoing Pregnancy,ICD9CM,647.53,Rubella in the mother- antepartum condition or complication,C0156809,Rubella in pregnancy,narrow,P,PrA,647.53,ongoing_pregnancy
OngoingPregnancy2,Ongoing Pregnancy,ICD9CM,647.60,Other viral diseases in the mother- unspecified as to episode of care or not applicable,C0156812,Other viral diseases in the mother- unspecified as to episode of care or not applicable,narrow,P,PrA,647.60,ongoing_pregnancy
OngoingPregnancy2,Ongoing Pregnancy,ICD9CM,647.63,Other viral diseases in the mother- antepartum condition or complication,C0156815,Other viral diseases in the mother- antepartum condition or complication,narrow,P,PrA,647.63,ongoing_pregnancy
OngoingPregnancy2,Ongoing Pregnancy,ICD9CM,647.80,Other specified infectious and parasitic diseases of mother- unspecified as to episode of care or not applicable,C0156818,Other specified infectious and parasitic diseases of mother- unspecified as to episode of care or not applicable,narrow,P,PrA,647.80,ongoing_pregnancy
OngoingPregnancy2,Ongoing Pregnancy,ICD9CM,647.83,Other specified infectious and parasitic diseases of mother- antepartum condition or complication,C0156821,Other specified infectious and parasitic diseases of mother- antepartum condition or complication,narrow,P,PrA,647.83,ongoing_pregnancy
OngoingPregnancy2,Ongoing Pregnancy,ICD9CM,647.90,Unspecified infection or infestation of mother- unspecified as to episode of care or not applicable,C0156824,Unspecified infection or infestation of mother- unspecified as to episode of care or not applicable,narrow,P,PrA,647.90,ongoing_pregnancy
OngoingPregnancy2,Ongoing Pregnancy,ICD9CM,647.93,Unspecified infection or infestation of mother- antepartum condition or complication,C0156827,Unspecified infection or infestation of mother- antepartum condition or complication,narrow,P,PrA,647.93,ongoing_pregnancy
OngoingPregnancy2,Ongoing Pregnancy,ICD9CM,648.03,Diabetes mellitus of mother- complicating pregnancy- childbirth- or the puerperium- antepartum condition or complication,C0032969,Pregnancy in Diabetics,narrow,P,PrA,648.03,ongoing_pregnancy
OngoingPregnancy2,Ongoing Pregnancy,ICD9CM,648.10,Thyroid dysfunction of mother- unspecified as to episode of care or not applicable,C0156837,Thyroid dysfunction of mother- unspecified as to episode of care or not applicable,narrow,P,PrA,648.10,ongoing_pregnancy
OngoingPregnancy2,Ongoing Pregnancy,ICD9CM,648.13,Thyroid dysfunction of mother- antepartum condition or complication,C0747834,Thyroid dysfunction in pregnancy,narrow,P,PrA,648.13,ongoing_pregnancy
OngoingPregnancy2,Ongoing Pregnancy,ICD9CM,648.23,Anemia of mother- antepartum condition or complication,C0271930,Anemia of pregnancy,narrow,P,PrA,648.23,ongoing_pregnancy
OngoingPregnancy2,Ongoing Pregnancy,ICD9CM,648.33,Drug dependence of mother- antepartum condition or complication,C0156852,Pregnancy and drug dependence,narrow,P,PrA,648.33,ongoing_pregnancy
OngoingPregnancy2,Ongoing Pregnancy,ICD9CM,648.40,Mental disorders of mother- unspecified as to episode of care or not applicable,C0156855,Mental disorders of mother- unspecified as to episode of care or not applicable,narrow,P,PrA,648.40,ongoing_pregnancy
OngoingPregnancy2,Ongoing Pregnancy,ICD9CM,648.43,Mental disorders of mother- antepartum condition or complication,C0156858,Mental disorders of mother- antepartum,narrow,P,PrA,648.43,ongoing_pregnancy
OngoingPregnancy2,Ongoing Pregnancy,ICD9CM,648.50,Congenital cardiovascular disorders of mother- unspecified as to episode of care or not applicable,C0156861,Congenital cardiovascular disorders of mother- unspecified as to episode of care or not applicable,narrow,P,PrA,648.50,ongoing_pregnancy
OngoingPregnancy2,Ongoing Pregnancy,ICD9CM,648.53,Congenital cardiovascular disorders of mother- antepartum condition or complication,C0156864,Congenital cardiovascular disorders of mother- antepartum condition or complication,narrow,P,PrA,648.53,ongoing_pregnancy
OngoingPregnancy2,Ongoing Pregnancy,ICD9CM,648.60,Other cardiovascular diseases of mother- unspecified as to episode of care or not applicable,C0156867,Other cardiovascular diseases of mother- unspecified as to episode of care or not applicable,narrow,P,PrA,648.60,ongoing_pregnancy
OngoingPregnancy2,Ongoing Pregnancy,ICD9CM,648.63,Other cardiovascular diseases of mother- antepartum condition or complication,C0156870,Other cardiovascular diseases of mother- antepartum condition or complication,narrow,P,PrA,648.63,ongoing_pregnancy
OngoingPregnancy2,Ongoing Pregnancy,ICD9CM,648.73,Bone and joint disorders of back- pelvis- and lower limbs of mother- antepartum condition or complication,C0156876,Bone and joint disorders of back- pelvis- and lower limbs of mother- antepartum condition or complication,narrow,P,PrA,648.73,ongoing_pregnancy
OngoingPregnancy2,Ongoing Pregnancy,ICD9CM,648.90,Other current conditions classifiable elsewhere of mother- unspecified as to episode of care or not applicable,C0156885,Other current conditions classifiable elsewhere of mother- unspecified as to episode of care or not applicable,narrow,P,PrA,648.90,ongoing_pregnancy
OngoingPregnancy2,Ongoing Pregnancy,ICD9CM,648.93,Other current conditions classifiable elsewhere of mother- antepartum condition or complication,C0156888,Other current conditions classifiable elsewhere of mother- antepartum condition or complication,narrow,P,PrA,648.93,ongoing_pregnancy
OngoingPregnancy2,Ongoing Pregnancy,ICD9CM,649.5,Spotting complicating pregnancy,C1719595,Spotting complicating pregnancy- unspecified trimester,narrow,P,PrA,649.5,ongoing_pregnancy
OngoingPregnancy2,Ongoing Pregnancy,ICD9CM,649.50,Spotting complicating pregnancy- unspecified as to episode of care or not applicable,C1719592,Spotting complicating pregnancy- unspecified as to episode of care or not applicable,narrow,P,PrA,649.50,ongoing_pregnancy
OngoingPregnancy2,Ongoing Pregnancy,ICD9CM,649.53,Spotting complicating pregnancy- antepartum condition or complication,C1719594,Spotting complicating pregnancy- antepartum condition or complication,narrow,P,PrA,649.53,ongoing_pregnancy
OngoingPregnancy2,Ongoing Pregnancy,ICD9CM,649.6,Uterine size date discrepancy,C1719601,Uterine size for dates discrepancy,narrow,P,PrA,649.6,ongoing_pregnancy
OngoingPregnancy2,Ongoing Pregnancy,ICD9CM,649.60,Uterine size date discrepancy- unspecified as to episode of care or not applicable,C1719596,Uterine size date discrepancy- unspecified as to episode of care or not applicable,narrow,P,PrA,649.60,ongoing_pregnancy
OngoingPregnancy2,Ongoing Pregnancy,ICD9CM,649.63,Uterine size date discrepancy- antepartum condition or complication,C1719599,Uterine size date discrepancy- antepartum condition or complication,narrow,P,PrA,649.63,ongoing_pregnancy
OngoingPregnancy2,Ongoing Pregnancy,ICD9CM,649.7,Cervical shortening,C2349587,Cervical shortening in pregnancy,narrow,P,PrA,649.7,ongoing_pregnancy
OngoingPregnancy2,Ongoing Pregnancy,ICD9CM,649.70,Cervical shortening- unspecified as to episode of care or not applicable,C2349584,Cervical shortening- unspecified as to episode of care or not applicable,narrow,P,PrA,649.70,ongoing_pregnancy
OngoingPregnancy2,Ongoing Pregnancy,ICD9CM,649.73,Cervical shortening- antepartum condition or complication,C2349586,Cervical shortening- antepartum condition or complication,narrow,P,PrA,649.73,ongoing_pregnancy
OngoingPregnancy2,Ongoing Pregnancy,ICPC2P,W84020,Anaemia (in)-pregnancy,C0271930,Anemia of pregnancy,narrow,P,PrA,W84020,ongoing_pregnancy
OngoingPregnancy2,Ongoing Pregnancy,MTHICD9,646.10,Edema or excessive weight gain in pregnancy- unspecified as to episode of care,C0156729,Edema or excessive weight gain in pregnancy- without mention of hypertension- unspecified as to episode of care or not applicable,narrow,P,PrA,646.10,ongoing_pregnancy
OngoingPregnancy2,Ongoing Pregnancy,MTHICD9,646.13,Edema or excessive weight gain- antepartum,C0815336,Edema or excessive weight gain in pregnancy- without mention of hypertension- antepartum condition or complication,narrow,P,PrA,646.13,ongoing_pregnancy
OngoingPregnancy2,Ongoing Pregnancy,MTHICD9,646.40,Peripheral neuritis in pregnancy- unspecified as to episode of care,C0156745,Peripheral neuritis in pregnancy- unspecified as to episode of care,narrow,P,PrA,646.40,ongoing_pregnancy
OngoingPregnancy2,Ongoing Pregnancy,MTHICD9,646.43,Peripheral neuritis antepartum,C0405072,Peripheral neuritis in pregnancy,narrow,P,PrA,646.43,ongoing_pregnancy
OngoingPregnancy2,Ongoing Pregnancy,MTHICD9,647.03,Syphilis- antepartum,C0747833,Syphilis- antepartum,narrow,P,PrA,647.03,ongoing_pregnancy
OngoingPregnancy2,Ongoing Pregnancy,MTHICD9,647.13,Gonorrhea- antepartum,C0747817,Gonorrhea- antepartum,narrow,P,PrA,647.13,ongoing_pregnancy
OngoingPregnancy2,Ongoing Pregnancy,MTHICD9,647.33,Tuberculosis- antepartum,C0156797,Tuberculosis- antepartum,narrow,P,PrA,647.33,ongoing_pregnancy
OngoingPregnancy2,Ongoing Pregnancy,MTHICD9,647.43,Malaria- antepartum,C0747820,Malaria- antepartum,narrow,P,PrA,647.43,ongoing_pregnancy
OngoingPregnancy2,Ongoing Pregnancy,MTHICD9,647.53,Rubella- antepartum,C0156809,Rubella in pregnancy,narrow,P,PrA,647.53,ongoing_pregnancy
OngoingPregnancy2,Ongoing Pregnancy,MTHICD9,647.60,Other viral diseases of mother- complicating pregnancy- childbirth- or the puerperium- unspecified as to episode of care,C0156812,Other viral diseases in the mother- unspecified as to episode of care or not applicable,narrow,P,PrA,647.60,ongoing_pregnancy
OngoingPregnancy2,Ongoing Pregnancy,MTHICD9,647.63,Other viral diseases- antepartum,C0156815,Other viral diseases in the mother- antepartum condition or complication,narrow,P,PrA,647.63,ongoing_pregnancy
OngoingPregnancy2,Ongoing Pregnancy,MTHICD9,647.80,Other specified infectious and parasitic diseases of mother- complicating pregnancy- childbirth- or the puerperium- unspecified as to episode of care,C0156818,Other specified infectious and parasitic diseases of mother- unspecified as to episode of care or not applicable,narrow,P,PrA,647.80,ongoing_pregnancy
OngoingPregnancy2,Ongoing Pregnancy,MTHICD9,647.83,Other specified infectious and parasitic diseases of mother- antepartum,C0156821,Other specified infectious and parasitic diseases of mother- antepartum condition or complication,narrow,P,PrA,647.83,ongoing_pregnancy
OngoingPregnancy2,Ongoing Pregnancy,MTHICD9,647.93,Unspecified infection or infestation of mother- antepartum,C0156827,Unspecified infection or infestation of mother- antepartum condition or complication,narrow,P,PrA,647.93,ongoing_pregnancy
OngoingPregnancy2,Ongoing Pregnancy,MTHICD9,648.03,Diabetes mellitus- antepartum,C0032969,Pregnancy in Diabetics,narrow,P,PrA,648.03,ongoing_pregnancy
OngoingPregnancy2,Ongoing Pregnancy,MTHICD9,648.10,Thyroid dysfunction of mother- complicating pregnancy- childbirth- or the puerperium- unspecified as to episode of care,C0156837,Thyroid dysfunction of mother- unspecified as to episode of care or not applicable,narrow,P,PrA,648.10,ongoing_pregnancy
OngoingPregnancy2,Ongoing Pregnancy,MTHICD9,648.13,Thyroid dysfunction- antepartum,C0747834,Thyroid dysfunction in pregnancy,narrow,P,PrA,648.13,ongoing_pregnancy
OngoingPregnancy2,Ongoing Pregnancy,MTHICD9,648.23,Anemia- antepartum,C0271930,Anemia of pregnancy,narrow,P,PrA,648.23,ongoing_pregnancy
OngoingPregnancy2,Ongoing Pregnancy,MTHICD9,648.33,Drug dependence- antepartum,C0156852,Pregnancy and drug dependence,narrow,P,PrA,648.33,ongoing_pregnancy
OngoingPregnancy2,Ongoing Pregnancy,MTHICD9,648.40,Mental disorders of mother- complicating pregnancy- childbirth- or the puerperium- unspecified as to episode of care,C0156855,Mental disorders of mother- unspecified as to episode of care or not applicable,narrow,P,PrA,648.40,ongoing_pregnancy
OngoingPregnancy2,Ongoing Pregnancy,MTHICD9,648.43,Mental disorders of mother- antepartum,C0156858,Mental disorders of mother- antepartum,narrow,P,PrA,648.43,ongoing_pregnancy
OngoingPregnancy2,Ongoing Pregnancy,MTHICD9,648.50,Congenital cardiovascular disorders of mother- complicating pregnancy- childbirth- or the puerperium- unspecified as to episode of care,C0156861,Congenital cardiovascular disorders of mother- unspecified as to episode of care or not applicable,narrow,P,PrA,648.50,ongoing_pregnancy
OngoingPregnancy2,Ongoing Pregnancy,MTHICD9,648.53,Congenital cardiovascular disorders of mother- antepartum,C0156864,Congenital cardiovascular disorders of mother- antepartum condition or complication,narrow,P,PrA,648.53,ongoing_pregnancy
OngoingPregnancy2,Ongoing Pregnancy,MTHICD9,648.60,Other cardiovascular diseases of mother complicating pregnancy- childbirth- or the puerperium- unspecified as to episode of care,C0156867,Other cardiovascular diseases of mother- unspecified as to episode of care or not applicable,narrow,P,PrA,648.60,ongoing_pregnancy
OngoingPregnancy2,Ongoing Pregnancy,MTHICD9,648.63,Other cardiovascular diseases of mother- antepartum,C0156870,Other cardiovascular diseases of mother- antepartum condition or complication,narrow,P,PrA,648.63,ongoing_pregnancy
OngoingPregnancy2,Ongoing Pregnancy,MTHICD9,648.73,Bone and joint disorders of back- pelvis and lower limbs of mother- antepartum,C0156876,Bone and joint disorders of back- pelvis- and lower limbs of mother- antepartum condition or complication,narrow,P,PrA,648.73,ongoing_pregnancy
OngoingPregnancy2,Ongoing Pregnancy,MTHICD9,648.93,Other current conditions classifiable elsewhere of mother- antepartum,C0156888,Other current conditions classifiable elsewhere of mother- antepartum condition or complication,narrow,P,PrA,648.93,ongoing_pregnancy
OngoingPregnancy2,Ongoing Pregnancy,RCD2,L164.,Peripheral neuritis+pregnancy,C0405072,Peripheral neuritis in pregnancy,narrow,P,PrA,L164.,ongoing_pregnancy
OngoingPregnancy2,Ongoing Pregnancy,RCD2,L1640,Periph.neurit.+preg.-unspecif.,C0405072,Peripheral neuritis in pregnancy,narrow,P,PrA,L1640,ongoing_pregnancy
OngoingPregnancy2,Ongoing Pregnancy,RCD2,L164z,Periph.neuritis+pregnancy NOS,C0405072,Peripheral neuritis in pregnancy,narrow,P,PrA,L164z,ongoing_pregnancy
OngoingPregnancy2,Ongoing Pregnancy,RCD2,L183.,Pregnancy+drug dependence,C0156852,Pregnancy and drug dependence,narrow,P,PrA,L183.,ongoing_pregnancy
OngoingPregnancy2,Ongoing Pregnancy,SCTSPA,17787002,neuritis periférica en el embarazo,C0405072,Peripheral neuritis in pregnancy,narrow,P,PrA,17787002,ongoing_pregnancy
OngoingPregnancy2,Ongoing Pregnancy,SCTSPA,199092008,neuritis periférica durante el embarazo- no especificada,C0405072,Peripheral neuritis in pregnancy,narrow,P,PrA,199092008,ongoing_pregnancy
OngoingPregnancy2,Ongoing Pregnancy,SCTSPA,199097002,neuritis periférica durante el embarazo- SAI,C0405072,Peripheral neuritis in pregnancy,narrow,P,PrA,199097002,ongoing_pregnancy
OngoingPregnancy2,Ongoing Pregnancy,SCTSPA,237228001,embarazo y drogadependencia,C0156852,Pregnancy and drug dependence,narrow,P,PrA,237228001,ongoing_pregnancy
OngoingPregnancy2,Ongoing Pregnancy,SCTSPA,267202005,edema o aumento excesivo de peso en el embarazo- sin mención de hipertensión,C0156728,Edema or excessive weight gain in pregnancy- without mention of hypertension,narrow,P,PrA,267202005,ongoing_pregnancy
OngoingPregnancy2,Ongoing Pregnancy,SCTSPA,27342004,anemia del embarazo,C0271930,Anemia of pregnancy,narrow,P,PrA,27342004,ongoing_pregnancy
OngoingPregnancy2,Ongoing Pregnancy,SCTSPA,274119009,rubéola en el embarazo,C0156809,Rubella in pregnancy,narrow,P,PrA,274119009,ongoing_pregnancy
OngoingPregnancy2,Ongoing Pregnancy,SCTSPA,430933008,tamaño de útero gestante en discrepancia con la edad gestacional,C1719601,Uterine size for dates discrepancy,narrow,P,PrA,430933008,ongoing_pregnancy
OngoingPregnancy2,Ongoing Pregnancy,SNOMEDCT_US,156135002,Rubella in pregnancy,C0156809,Rubella in pregnancy,narrow,P,PrA,156135002,ongoing_pregnancy
OngoingPregnancy2,Ongoing Pregnancy,SNOMEDCT_US,17787002,Peripheral neuritis in pregnancy,C0405072,Peripheral neuritis in pregnancy,narrow,P,PrA,17787002,ongoing_pregnancy
OngoingPregnancy2,Ongoing Pregnancy,SNOMEDCT_US,199072001,Edema or excessive weight gain in pregnancy without mention of hypertension,C0156728,Edema or excessive weight gain in pregnancy- without mention of hypertension,narrow,P,PrA,199072001,ongoing_pregnancy
OngoingPregnancy2,Ongoing Pregnancy,SNOMEDCT_US,199091001,Peripheral neuritis in pregnancy,C0405072,Peripheral neuritis in pregnancy,narrow,P,PrA,199091001,ongoing_pregnancy
OngoingPregnancy2,Ongoing Pregnancy,SNOMEDCT_US,199092008,Peripheral neuritis in pregnancy unspecified,C0405072,Peripheral neuritis in pregnancy,narrow,P,PrA,199092008,ongoing_pregnancy
OngoingPregnancy2,Ongoing Pregnancy,SNOMEDCT_US,199097002,Peripheral neuritis in pregnancy NOS,C0405072,Peripheral neuritis in pregnancy,narrow,P,PrA,199097002,ongoing_pregnancy
OngoingPregnancy2,Ongoing Pregnancy,SNOMEDCT_US,199250005,Pregnancy and drug dependence,C0156852,Pregnancy and drug dependence,narrow,P,PrA,199250005,ongoing_pregnancy
OngoingPregnancy2,Ongoing Pregnancy,SNOMEDCT_US,237228001,Pregnancy and drug dependence,C0156852,Pregnancy and drug dependence,narrow,P,PrA,237228001,ongoing_pregnancy
OngoingPregnancy2,Ongoing Pregnancy,SNOMEDCT_US,267202005,Edema or excessive weight gain in pregnancy without mention of hypertension,C0156728,Edema or excessive weight gain in pregnancy- without mention of hypertension,narrow,P,PrA,267202005,ongoing_pregnancy
OngoingPregnancy2,Ongoing Pregnancy,SNOMEDCT_US,267316003,Gonorrhea + pregnancy,C0747817,Gonorrhea- antepartum,narrow,P,PrA,267316003,ongoing_pregnancy
OngoingPregnancy2,Ongoing Pregnancy,SNOMEDCT_US,27342004,Anemia of pregnancy,C0271930,Anemia of pregnancy,narrow,P,PrA,27342004,ongoing_pregnancy
OngoingPregnancy2,Ongoing Pregnancy,SNOMEDCT_US,274119009,Rubella in pregnancy,C0156809,Rubella in pregnancy,narrow,P,PrA,274119009,ongoing_pregnancy
OngoingPregnancy2,Ongoing Pregnancy,SNOMEDCT_US,430933008,Uterine size for dates discrepancy,C1719601,Uterine size for dates discrepancy,narrow,P,PrA,430933008,ongoing_pregnancy
OngoingPregnancy3,Ongoing Pregnancy,ICD10,O30,Multiple gestation,C0032989,Multiple Pregnancy,narrow,P,PrA,O30,ongoing_pregnancy
OngoingPregnancy3,Ongoing Pregnancy,ICD10,O30.0,Twin pregnancy,C0152150,Pregnancy- Twin,narrow,P,PrA,O30.0,ongoing_pregnancy
OngoingPregnancy3,Ongoing Pregnancy,ICD10,O30.00,Twin pregnancy- unspecified number of placenta and unspecified number of amniotic sacs,C0152150,Pregnancy- Twin,narrow,P,PrA,O30.00,ongoing_pregnancy
OngoingPregnancy3,Ongoing Pregnancy,ICD10,O30.01,Twin pregnancy- monochorionic-monoamniotic,"","",narrow,P,PrA,O30.01,ongoing_pregnancy
OngoingPregnancy3,Ongoing Pregnancy,ICD10,O30.02,Conjoined twin pregnancy,"","",narrow,P,PrA,O30.02,ongoing_pregnancy
OngoingPregnancy3,Ongoing Pregnancy,ICD10,O30.03,Twin pregnancy- monochorionic-diamniotic,"","",narrow,P,PrA,O30.03,ongoing_pregnancy
OngoingPregnancy3,Ongoing Pregnancy,ICD10,O30.04,Twin pregnancy- dichorionic-diamniotic,"","",narrow,P,PrA,O30.04,ongoing_pregnancy
OngoingPregnancy3,Ongoing Pregnancy,ICD10,O30.09,Twin pregnancy- unable to determine number of placenta and number of amniotic sacs,"","",narrow,P,PrA,O30.09,ongoing_pregnancy
OngoingPregnancy3,Ongoing Pregnancy,ICD10,O30.1,Triplet pregnancy,C0152151,Pregnancy- Triplet,narrow,P,PrA,O30.1,ongoing_pregnancy
OngoingPregnancy3,Ongoing Pregnancy,ICD10,O30.10,Triplet pregnancy- unspecified number of placenta and unspecified number of amniotic sacs,"","",narrow,P,PrA,O30.10,ongoing_pregnancy
OngoingPregnancy3,Ongoing Pregnancy,ICD10,O30.11,Triplet pregnancy with two or more monochorionic fetuses,"","",narrow,P,PrA,O30.11,ongoing_pregnancy
OngoingPregnancy3,Ongoing Pregnancy,ICD10,O30.12,Triplet pregnancy with two or more monoamniotic fetuses,"","",narrow,P,PrA,O30.12,ongoing_pregnancy
OngoingPregnancy3,Ongoing Pregnancy,ICD10,O30.13,Triplet pregnancy- trichorionic-triamniotic,"","",narrow,P,PrA,O30.13,ongoing_pregnancy
OngoingPregnancy3,Ongoing Pregnancy,ICD10,O30.19,Triplet pregnancy- unable to determine number of placenta and number of amniotic sacs,"","",narrow,P,PrA,O30.19,ongoing_pregnancy
OngoingPregnancy3,Ongoing Pregnancy,ICD10,O30.2,Quadruplet pregnancy,C0152152,Quadruplet pregnancy,narrow,P,PrA,O30.2,ongoing_pregnancy
OngoingPregnancy3,Ongoing Pregnancy,ICD10,O30.20,Quadruplet pregnancy- unspecified number of placenta and unspecified number of amniotic sacs,"","",narrow,P,PrA,O30.20,ongoing_pregnancy
OngoingPregnancy3,Ongoing Pregnancy,ICD10,O30.21,Quadruplet pregnancy with two or more monochorionic fetuses,"","",narrow,P,PrA,O30.21,ongoing_pregnancy
OngoingPregnancy3,Ongoing Pregnancy,ICD10,O30.22,Quadruplet pregnancy with two or more monoamniotic fetuses,"","",narrow,P,PrA,O30.22,ongoing_pregnancy
OngoingPregnancy3,Ongoing Pregnancy,ICD10,O30.23,Quadruplet pregnancy- quadrachorionic-quadra-amniotic,"","",narrow,P,PrA,O30.23,ongoing_pregnancy
OngoingPregnancy3,Ongoing Pregnancy,ICD10,O30.29,Quadruplet pregnancy- unable to determine number of placenta and number of amniotic sacs,"","",narrow,P,PrA,O30.29,ongoing_pregnancy
OngoingPregnancy3,Ongoing Pregnancy,ICD10,O30.8,Other specified multiple gestation,C0156917,Other specified multiple gestation,narrow,P,PrA,O30.8,ongoing_pregnancy
OngoingPregnancy3,Ongoing Pregnancy,ICD10,O30.80,Other specified multiple gestation- unspecified number of placenta and unspecified number of amniotic sacs,C2921363,Other specified multiple gestation- unspecified number of placenta and unspecified number of amniotic sacs,narrow,P,PrA,O30.80,ongoing_pregnancy
OngoingPregnancy3,Ongoing Pregnancy,ICD10,O30.81,Other specified multiple gestation with two or more monochorionic fetuses,"","",narrow,P,PrA,O30.81,ongoing_pregnancy
OngoingPregnancy3,Ongoing Pregnancy,ICD10,O30.82,Other specified multiple gestation with two or more monoamniotic fetuses,"","",narrow,P,PrA,O30.82,ongoing_pregnancy
OngoingPregnancy3,Ongoing Pregnancy,ICD10,O30.83,Other specified multiple gestation- number of chorions and amnions are both equal to the number of fetuses,"","",narrow,P,PrA,O30.83,ongoing_pregnancy
OngoingPregnancy3,Ongoing Pregnancy,ICD10,O30.89,Other specified multiple gestation- unable to determine number of placenta and number of amniotic sacs,"","",narrow,P,PrA,O30.89,ongoing_pregnancy
OngoingPregnancy3,Ongoing Pregnancy,ICD10,O30.9,Multiple gestation- unspecified,C0032989,Multiple Pregnancy,narrow,P,PrA,O30.9,ongoing_pregnancy
OngoingPregnancy3,Ongoing Pregnancy,ICD10,O30.91,Multiple gestation- unspecified- first trimester,"","",narrow,P,PrA,O30.91,ongoing_pregnancy
OngoingPregnancy3,Ongoing Pregnancy,ICD10,O30.92,Multiple gestation- unspecified- second trimester,"","",narrow,P,PrA,O30.92,ongoing_pregnancy
OngoingPregnancy3,Ongoing Pregnancy,ICD10,O30.93,Multiple gestation- unspecified- third trimester,"","",narrow,P,PrA,O30.93,ongoing_pregnancy
OngoingPregnancy3,Ongoing Pregnancy,ICD10CM,O30,Multiple gestation,C0032989,Multiple Pregnancy,narrow,P,PrA,O30,ongoing_pregnancy
OngoingPregnancy3,Ongoing Pregnancy,ICD10CM,O30.0,Twin pregnancy,C0152150,Pregnancy- Twin,narrow,P,PrA,O30.0,ongoing_pregnancy
OngoingPregnancy3,Ongoing Pregnancy,ICD10CM,O30.00,Twin pregnancy- unspecified number of placenta and unspecified number of amniotic sacs,C0152150,Pregnancy- Twin,narrow,P,PrA,O30.00,ongoing_pregnancy
OngoingPregnancy3,Ongoing Pregnancy,ICD10CM,O30.009,Twin pregnancy- unspecified number of placenta and unspecified number of amniotic sacs- unspecified trimester,C0152150,Pregnancy- Twin,narrow,P,PrA,O30.009,ongoing_pregnancy
OngoingPregnancy3,Ongoing Pregnancy,ICD10CM,O30.01,Twin pregnancy- monochorionic-monoamniotic,"","",narrow,P,PrA,O30.01,ongoing_pregnancy
OngoingPregnancy3,Ongoing Pregnancy,ICD10CM,O30.02,Conjoined twin pregnancy,"","",narrow,P,PrA,O30.02,ongoing_pregnancy
OngoingPregnancy3,Ongoing Pregnancy,ICD10CM,O30.03,Twin pregnancy- monochorionic-diamniotic,"","",narrow,P,PrA,O30.03,ongoing_pregnancy
OngoingPregnancy3,Ongoing Pregnancy,ICD10CM,O30.04,Twin pregnancy- dichorionic-diamniotic,"","",narrow,P,PrA,O30.04,ongoing_pregnancy
OngoingPregnancy3,Ongoing Pregnancy,ICD10CM,O30.09,Twin pregnancy- unable to determine number of placenta and number of amniotic sacs,"","",narrow,P,PrA,O30.09,ongoing_pregnancy
OngoingPregnancy3,Ongoing Pregnancy,ICD10CM,O30.1,Triplet pregnancy,C0152151,Pregnancy- Triplet,narrow,P,PrA,O30.1,ongoing_pregnancy
OngoingPregnancy3,Ongoing Pregnancy,ICD10CM,O30.10,Triplet pregnancy- unspecified number of placenta and unspecified number of amniotic sacs,"","",narrow,P,PrA,O30.10,ongoing_pregnancy
OngoingPregnancy3,Ongoing Pregnancy,ICD10CM,O30.11,Triplet pregnancy with two or more monochorionic fetuses,"","",narrow,P,PrA,O30.11,ongoing_pregnancy
OngoingPregnancy3,Ongoing Pregnancy,ICD10CM,O30.12,Triplet pregnancy with two or more monoamniotic fetuses,"","",narrow,P,PrA,O30.12,ongoing_pregnancy
OngoingPregnancy3,Ongoing Pregnancy,ICD10CM,O30.13,Triplet pregnancy- trichorionic-triamniotic,"","",narrow,P,PrA,O30.13,ongoing_pregnancy
OngoingPregnancy3,Ongoing Pregnancy,ICD10CM,O30.19,Triplet pregnancy- unable to determine number of placenta and number of amniotic sacs,"","",narrow,P,PrA,O30.19,ongoing_pregnancy
OngoingPregnancy3,Ongoing Pregnancy,ICD10CM,O30.2,Quadruplet pregnancy,C0152152,Quadruplet pregnancy,narrow,P,PrA,O30.2,ongoing_pregnancy
OngoingPregnancy3,Ongoing Pregnancy,ICD10CM,O30.20,Quadruplet pregnancy- unspecified number of placenta and unspecified number of amniotic sacs,"","",narrow,P,PrA,O30.20,ongoing_pregnancy
OngoingPregnancy3,Ongoing Pregnancy,ICD10CM,O30.21,Quadruplet pregnancy with two or more monochorionic fetuses,"","",narrow,P,PrA,O30.21,ongoing_pregnancy
OngoingPregnancy3,Ongoing Pregnancy,ICD10CM,O30.22,Quadruplet pregnancy with two or more monoamniotic fetuses,"","",narrow,P,PrA,O30.22,ongoing_pregnancy
OngoingPregnancy3,Ongoing Pregnancy,ICD10CM,O30.23,Quadruplet pregnancy- quadrachorionic-quadra-amniotic,"","",narrow,P,PrA,O30.23,ongoing_pregnancy
OngoingPregnancy3,Ongoing Pregnancy,ICD10CM,O30.29,Quadruplet pregnancy- unable to determine number of placenta and number of amniotic sacs,"","",narrow,P,PrA,O30.29,ongoing_pregnancy
OngoingPregnancy3,Ongoing Pregnancy,ICD10CM,O30.8,Other specified multiple gestation,C0156917,Other specified multiple gestation,narrow,P,PrA,O30.8,ongoing_pregnancy
OngoingPregnancy3,Ongoing Pregnancy,ICD10CM,O30.81,Other specified multiple gestation with two or more monochorionic fetuses,"","",narrow,P,PrA,O30.81,ongoing_pregnancy
OngoingPregnancy3,Ongoing Pregnancy,ICD10CM,O30.82,Other specified multiple gestation with two or more monoamniotic fetuses,"","",narrow,P,PrA,O30.82,ongoing_pregnancy
OngoingPregnancy3,Ongoing Pregnancy,ICD10CM,O30.83,Other specified multiple gestation- number of chorions and amnions are both equal to the number of fetuses,"","",narrow,P,PrA,O30.83,ongoing_pregnancy
OngoingPregnancy3,Ongoing Pregnancy,ICD10CM,O30.9,Multiple gestation- unspecified,C0032989,Multiple Pregnancy,narrow,P,PrA,O30.9,ongoing_pregnancy
OngoingPregnancy3,Ongoing Pregnancy,ICD10CM,O30.90,Multiple gestation- unspecified- unspecified trimester,C0032989,Multiple Pregnancy,narrow,P,PrA,O30.90,ongoing_pregnancy
OngoingPregnancy3,Ongoing Pregnancy,ICD10CM,O30.91,Multiple gestation- unspecified- first trimester,"","",narrow,P,PrA,O30.91,ongoing_pregnancy
OngoingPregnancy3,Ongoing Pregnancy,ICD10CM,O30.92,Multiple gestation- unspecified- second trimester,"","",narrow,P,PrA,O30.92,ongoing_pregnancy
OngoingPregnancy3,Ongoing Pregnancy,ICD10CM,O30.93,Multiple gestation- unspecified- third trimester,"","",narrow,P,PrA,O30.93,ongoing_pregnancy
OngoingPregnancy3,Ongoing Pregnancy,ICD9CM,646.9,Unspecified complication of pregnancy,C0032962,Pregnancy Complications,narrow,P,PrA,646.9,ongoing_pregnancy
OngoingPregnancy3,Ongoing Pregnancy,ICD9CM,646.9,Unspecified complication of pregnancy- unspecified as to episode of care or not applicable,"","",narrow,P,PrA,646.9,ongoing_pregnancy
OngoingPregnancy3,Ongoing Pregnancy,ICD9CM,646.92999999999995,Unspecified complication of pregnancy- antepartum condition or complication,"","",narrow,P,PrA,646.92999999999995,ongoing_pregnancy
OngoingPregnancy3,Ongoing Pregnancy,ICD9CM,651,Multiple gestation,C0032989,Multiple Pregnancy,narrow,P,PrA,651,ongoing_pregnancy
OngoingPregnancy3,Ongoing Pregnancy,ICD9CM,651,Twin pregnancy- unspecified as to episode of care or not applicable,"","",narrow,P,PrA,651,ongoing_pregnancy
OngoingPregnancy3,Ongoing Pregnancy,ICD9CM,651.0,Twin pregnancy,C0152150,Pregnancy- Twin,narrow,P,PrA,651.0,ongoing_pregnancy
OngoingPregnancy3,Ongoing Pregnancy,ICD9CM,651.03,Twin pregnancy- antepartum condition or complication,C0156894,Twin pregnancy- antepartum condition or complication,narrow,P,PrA,651.03,ongoing_pregnancy
OngoingPregnancy3,Ongoing Pregnancy,ICD9CM,651.1,Triplet pregnancy,C0152151,Pregnancy- Triplet,narrow,P,PrA,651.1,ongoing_pregnancy
OngoingPregnancy3,Ongoing Pregnancy,ICD9CM,651.10,Triplet pregnancy- unspecified as to episode of care or not applicable,"","",narrow,P,PrA,651.10,ongoing_pregnancy
OngoingPregnancy3,Ongoing Pregnancy,ICD9CM,651.13,Triplet pregnancy- antepartum condition or complication,C0156897,Triplet pregnancy- antepartum condition or complication,narrow,P,PrA,651.13,ongoing_pregnancy
OngoingPregnancy3,Ongoing Pregnancy,ICD9CM,651.2,Quadruplet pregnancy,C0152152,Quadruplet pregnancy,narrow,P,PrA,651.2,ongoing_pregnancy
OngoingPregnancy3,Ongoing Pregnancy,ICD9CM,651.20,Quadruplet pregnancy- unspecified as to episode of care or not applicable,"","",narrow,P,PrA,651.20,ongoing_pregnancy
OngoingPregnancy3,Ongoing Pregnancy,ICD9CM,651.23,Quadruplet pregnancy- antepartum condition or complication,C0156900,Quadruplet pregnancy- antepartum condition or complication,narrow,P,PrA,651.23,ongoing_pregnancy
OngoingPregnancy3,Ongoing Pregnancy,ICD9CM,651.29999999999995,Twin pregnancy with fetal loss and retention of one fetus,C0156901,Twin pregnancy with foetal loss and retention of one foetus,narrow,P,PrA,651.29999999999995,ongoing_pregnancy
OngoingPregnancy3,Ongoing Pregnancy,ICD9CM,651.3,Twin pregnancy with fetal loss and retention of one fetus,"","",narrow,P,PrA,651.3,ongoing_pregnancy
OngoingPregnancy3,Ongoing Pregnancy,ICD9CM,651.30,Twin pregnancy with fetal loss and retention of one fetus- unspecified as to episode of care or not applicable,"","",narrow,P,PrA,651.30,ongoing_pregnancy
OngoingPregnancy3,Ongoing Pregnancy,ICD9CM,651.30,Twin pregnancy with fetal loss and retention of one fetus- unspecified as to episode of care or not applicable,C0156902,Twin pregnancy with fetal loss and retention of one fetus- unspecified as to episode of care or not applicable,narrow,P,PrA,651.30,ongoing_pregnancy
OngoingPregnancy3,Ongoing Pregnancy,ICD9CM,651.33000000000004,Twin pregnancy with fetal loss and retention of one fetus- antepartum condition or complication,"","",narrow,P,PrA,651.33000000000004,ongoing_pregnancy
OngoingPregnancy3,Ongoing Pregnancy,ICD9CM,651.33000000000004,Twin pregnancy with fetal loss and retention of one fetus- antepartum condition or complication,C0156904,Twin pregnancy with fetal loss and retention of one fetus- antepartum condition or complication,narrow,P,PrA,651.33000000000004,ongoing_pregnancy
OngoingPregnancy3,Ongoing Pregnancy,ICD9CM,651.4,Triplet pregnancy with fetal loss and retention of one or more fetus (es),"","",narrow,P,PrA,651.4,ongoing_pregnancy
OngoingPregnancy3,Ongoing Pregnancy,ICD9CM,651.4,Triplet pregnancy with fetal loss and retention of one or more fetus(es)- unspecified as to episode of care or not applicable,"","",narrow,P,PrA,651.4,ongoing_pregnancy
OngoingPregnancy3,Ongoing Pregnancy,ICD9CM,651.43,Triplet pregnancy with fetal loss and retention of one or more fetus(es)- antepartum condition or complication,"","",narrow,P,PrA,651.43,ongoing_pregnancy
OngoingPregnancy3,Ongoing Pregnancy,ICD9CM,651.5,Quadruplet pregnancy with fetal loss and retention of one or more fetus(es),"","",narrow,P,PrA,651.5,ongoing_pregnancy
OngoingPregnancy3,Ongoing Pregnancy,ICD9CM,651.50,Quadruplet pregnancy with fetal loss and retention of one or more fetus(es)- unspecified as to episode of care or not applicable,"","",narrow,P,PrA,651.50,ongoing_pregnancy
OngoingPregnancy3,Ongoing Pregnancy,ICD9CM,651.53,Quadruplet pregnancy with fetal loss and retention of one or more fetus(es)- antepartum condition or complication,"","",narrow,P,PrA,651.53,ongoing_pregnancy
OngoingPregnancy3,Ongoing Pregnancy,ICD9CM,651.6,Other multiple pregnancy with fetal loss and retention of one or more fetus(es),"","",narrow,P,PrA,651.6,ongoing_pregnancy
OngoingPregnancy3,Ongoing Pregnancy,ICD9CM,651.6,Other multiple pregnancy with fetal loss and retention of one or more fetus(es)- unspecified as to episode of care or not applicable,"","",narrow,P,PrA,651.6,ongoing_pregnancy
OngoingPregnancy3,Ongoing Pregnancy,ICD9CM,651.63,Other multiple pregnancy with fetal loss and retention of one or more fetus(es)- antepartum condition or complication,"","",narrow,P,PrA,651.63,ongoing_pregnancy
OngoingPregnancy3,Ongoing Pregnancy,ICD9CM,651.7,Multiple gestation following (elective) fetal reduction,C1561650,Multiple gestation following (elective) fetal reduction,narrow,P,PrA,651.7,ongoing_pregnancy
OngoingPregnancy3,Ongoing Pregnancy,ICD9CM,651.70,Multiple gestation following (elective) fetal reduction- unspecified as to episode of care or not applicable,C1561647,Multiple gestation following (elective) fetal reduction- unspecified as to episode of care or not applicable,narrow,P,PrA,651.70,ongoing_pregnancy
OngoingPregnancy3,Ongoing Pregnancy,ICD9CM,651.73,Multiple gestation following (elective) fetal reduction- antepartum condition or complication,C1561649,Multiple gestation following (elective) fetal reduction- antepartum condition or complication,narrow,P,PrA,651.73,ongoing_pregnancy
OngoingPregnancy3,Ongoing Pregnancy,ICD9CM,651.8,Other specified multiple gestation,C0156917,Other specified multiple gestation,narrow,P,PrA,651.8,ongoing_pregnancy
OngoingPregnancy3,Ongoing Pregnancy,ICD9CM,651.8,Other specified multiple gestation- unspecified as to episode of care or not applicable,"","",narrow,P,PrA,651.8,ongoing_pregnancy
OngoingPregnancy3,Ongoing Pregnancy,ICD9CM,651.83,Other specified multiple gestation- antepartum condition or complication,"","",narrow,P,PrA,651.83,ongoing_pregnancy
OngoingPregnancy3,Ongoing Pregnancy,ICD9CM,651.9,Unspecified multiple gestation,C0032989,Multiple Pregnancy,narrow,P,PrA,651.9,ongoing_pregnancy
OngoingPregnancy3,Ongoing Pregnancy,ICD9CM,651.90,Unspecified multiple gestation- unspecified as to episode of care or not applicable,C0032989,Multiple Pregnancy,narrow,P,PrA,651.90,ongoing_pregnancy
OngoingPregnancy3,Ongoing Pregnancy,ICD9CM,651.93,Unspecified multiple gestation- antepartum condition or complication,C0156923,Unspecified multiple gestation- antepartum condition or complication,narrow,P,PrA,651.93,ongoing_pregnancy
OngoingPregnancy3,Ongoing Pregnancy,ICD9CM,652,Malposition and malpresentation of fetus,C0156924,Malposition and malpresentation of fetus,narrow,P,PrA,652,ongoing_pregnancy
OngoingPregnancy3,Ongoing Pregnancy,ICD9CM,652.0,Unstable lie of fetus,C0426066,Unstable lie,narrow,P,PrA,652.0,ongoing_pregnancy
OngoingPregnancy3,Ongoing Pregnancy,ICD9CM,652.03,Unstable lie- antepartum condition or complication,"","",narrow,P,PrA,652.03,ongoing_pregnancy
OngoingPregnancy3,Ongoing Pregnancy,ICD9CM,652.1,Breech or other malpresentation successfully converted to cephalic presentation,C0156929,Breech or other malpresentation successfully converted to cephalic presentation,narrow,P,PrA,652.1,ongoing_pregnancy
OngoingPregnancy3,Ongoing Pregnancy,ICD9CM,652.10,Breech or other malpresentation successfully converted to cephalic presentation- unspecified as to episode of care or not applicable,C0156930,Breech or other malpresentation successfully converted to cephalic presentation- unspecified as to episode of care or not applicable,narrow,P,PrA,652.10,ongoing_pregnancy
OngoingPregnancy3,Ongoing Pregnancy,ICD9CM,652.13,Breech or other malpresentation successfully converted to cephalic presentation- antepartum condition or complication,C0156932,Breech or other malpresentation successfully converted to cephalic presentation- antepartum condition or complication,narrow,P,PrA,652.13,ongoing_pregnancy
OngoingPregnancy3,Ongoing Pregnancy,ICD9CM,652.20,Breech presentation without mention of version- unspecified as to episode of care or not applicable,C0156933,Breech presentation without mention of version- unspecified as to episode of care or not applicable,narrow,P,PrA,652.20,ongoing_pregnancy
OngoingPregnancy3,Ongoing Pregnancy,ICD9CM,652.23,Breech presentation without mention of version- antepartum condition or complication,C0156935,Breech presentation without mention of version- antepartum condition or complication,narrow,P,PrA,652.23,ongoing_pregnancy
OngoingPregnancy3,Ongoing Pregnancy,ICD9CM,652.3,Transverse or oblique presentation of fetus,C0156936,Transverse OR oblique presentation of fetus,narrow,P,PrA,652.3,ongoing_pregnancy
OngoingPregnancy3,Ongoing Pregnancy,ICD9CM,652.30,Transverse or oblique presentation- unspecified as to episode of care or not applicable,C0375391,Transverse or oblique presentation- unspecified as to episode of care or not applicable,narrow,P,PrA,652.30,ongoing_pregnancy
OngoingPregnancy3,Ongoing Pregnancy,ICD9CM,652.33,Transverse or oblique presentation- antepartum condition or complication,C0375393,Transverse or oblique presentation- antepartum condition or complication,narrow,P,PrA,652.33,ongoing_pregnancy
OngoingPregnancy3,Ongoing Pregnancy,ICD9CM,652.43,Face or brow presentation- antepartum condition or complication,C0156943,Face or brow presentation- antepartum condition or complication,narrow,P,PrA,652.43,ongoing_pregnancy
OngoingPregnancy3,Ongoing Pregnancy,ICD9CM,652.6,Multiple gestation with malpresentation of one fetus or more,C0156948,Multiple gestation with malpresentation of one fetus or more,narrow,P,PrA,652.6,ongoing_pregnancy
OngoingPregnancy3,Ongoing Pregnancy,ICD9CM,652.60,Multiple gestation with malpresentation of one fetus or more- unspecified as to episode of care or not applicable,C0156949,Multiple gestation with malpresentation of one fetus or more- unspecified as to episode of care or not applicable,narrow,P,PrA,652.60,ongoing_pregnancy
OngoingPregnancy3,Ongoing Pregnancy,ICD9CM,652.63,Multiple gestation with malpresentation of one fetus or more- antepartum condtion or complication,C0156951,Multiple gestation with malpresentation of one fetus or more- antepartum condtion or complication,narrow,P,PrA,652.63,ongoing_pregnancy
OngoingPregnancy3,Ongoing Pregnancy,ICD9CM,652.8,Other specified malposition or malpresentation of fetus,C0156956,Other specified malposition or malpresentation of fetus,narrow,P,PrA,652.8,ongoing_pregnancy
OngoingPregnancy3,Ongoing Pregnancy,ICD9CM,652.80,Other specified malposition or malpresentation- unspecified as to episode of care or not applicable,C0156957,Other specified malposition or malpresentation- unspecified as to episode of care or not applicable,narrow,P,PrA,652.80,ongoing_pregnancy
OngoingPregnancy3,Ongoing Pregnancy,ICD9CM,652.83,Other specified malposition or malpresentation- antepartum condition or complication,C0156959,Other specified malposition or malpresentation- antepartum condition or complication,narrow,P,PrA,652.83,ongoing_pregnancy
OngoingPregnancy3,Ongoing Pregnancy,ICD9CM,652.9,Unspecified malposition or malpresentation of fetus,C0156924,Malposition and malpresentation of fetus,narrow,P,PrA,652.9,ongoing_pregnancy
OngoingPregnancy3,Ongoing Pregnancy,ICD9CM,652.90,Unspecified malposition or malpresentation- unspecified as to episode of care or not applicable,C0156961,Unspecified malposition or malpresentation- unspecified as to episode of care or not applicable,narrow,P,PrA,652.90,ongoing_pregnancy
OngoingPregnancy3,Ongoing Pregnancy,ICD9CM,652.93,Unspecified malposition or malpresentation- antepartum condition or complication,C0156963,Unspecified malposition or malpresentation- antepartum condition or complication,narrow,P,PrA,652.93,ongoing_pregnancy
OngoingPregnancy3,Ongoing Pregnancy,ICD9CM,653.0,Major abnormality of bony pelvis- not further specified- in pregnancy- labor- and delivery,C0269713,Major abnormality of bony pelvis,narrow,P,PrA,653.0,ongoing_pregnancy
OngoingPregnancy3,Ongoing Pregnancy,ICD9CM,653.00,Major abnormality of bony pelvis- not further specified- unspecified as to episode of care or not applicable,C0156966,Major abnormality of bony pelvis- not further specified- unspecified as to episode of care or not applicable,narrow,P,PrA,653.00,ongoing_pregnancy
OngoingPregnancy3,Ongoing Pregnancy,ICD9CM,653.13,Generally contracted pelvis- antepartum condition or complication,C0156972,Generally contracted pelvis- antepartum,narrow,P,PrA,653.13,ongoing_pregnancy
OngoingPregnancy3,Ongoing Pregnancy,ICD9CM,653.30,Outlet contraction of pelvis- unspecified as to episode of care or not applicable,C0156978,Outlet contraction of pelvis- unspecified as to episode of care or not applicable,narrow,P,PrA,653.30,ongoing_pregnancy
OngoingPregnancy3,Ongoing Pregnancy,ICD9CM,653.33,Outlet contraction of pelvis- antepartum condition or complication,C0156980,Outlet contraction of pelvis- antepartum condition or complication,narrow,P,PrA,653.33,ongoing_pregnancy
OngoingPregnancy3,Ongoing Pregnancy,ICD9CM,653.40,Fetopelvic disproportion- unspecified as to episode of care or not applicable,C1142293,Foetopelvic disproportion- unspecified as to episode of care,narrow,P,PrA,653.40,ongoing_pregnancy
OngoingPregnancy3,Ongoing Pregnancy,ICD9CM,653.5,Unusually large fetus causing disproportion,C0156984,Unusually large foetus causing disproportion,narrow,P,PrA,653.5,ongoing_pregnancy
OngoingPregnancy3,Ongoing Pregnancy,ICD9CM,653.50,Unusually large fetus causing disproportion- unspecified as to episode of care or not applicable,C0156985,Unusually large foetus causing disproportion- unspecified as to episode of care,narrow,P,PrA,653.50,ongoing_pregnancy
OngoingPregnancy3,Ongoing Pregnancy,ICD9CM,653.53,Unusually large fetus causing disproportion- antepartum condition or complication,C0156987,Unusually large foetus causing disproportion- antepartum,narrow,P,PrA,653.53,ongoing_pregnancy
OngoingPregnancy3,Ongoing Pregnancy,ICD9CM,653.6,Hydrocephalic fetus causing disproportion,C0405012,Hydrocephalic disproportion,narrow,P,PrA,653.6,ongoing_pregnancy
OngoingPregnancy3,Ongoing Pregnancy,ICD9CM,653.60,Hydrocephalic fetus causing disproportion- unspecified as to episode of care or not applicable,C0156989,Hydrocephalic foetus causing disproportion- unspecified as to episode of care,narrow,P,PrA,653.60,ongoing_pregnancy
OngoingPregnancy3,Ongoing Pregnancy,ICD9CM,653.63,Hydrocephalic fetus causing disproportion- antepartum condition or complication,C0156991,Hydrocephalic foetus causing disproportion- antepartum,narrow,P,PrA,653.63,ongoing_pregnancy
OngoingPregnancy3,Ongoing Pregnancy,ICD9CM,653.7,Other fetal abnormality causing disproportion,C0405011,Other fetal abnormality causing disproportion,narrow,P,PrA,653.7,ongoing_pregnancy
OngoingPregnancy3,Ongoing Pregnancy,ICD9CM,653.70,Other fetal abnormality causing disproportion- unspecified as to episode of care or not applicable,C0156993,Other fetal abnormality causing disproportion- unspecified as to episode of care or not applicable,narrow,P,PrA,653.70,ongoing_pregnancy
OngoingPregnancy3,Ongoing Pregnancy,ICD9CM,653.73,Other fetal abnormality causing disproportion- antepartum condition or complication,C0156995,Other fetal abnormality causing disproportion- antepartum condition or complication,narrow,P,PrA,653.73,ongoing_pregnancy
OngoingPregnancy3,Ongoing Pregnancy,ICD9CM,653.80,Disproportion of other origin- unspecified as to episode of care or not applicable,C0156997,Disproportion of other origin- unspecified as to episode of care or not applicable,narrow,P,PrA,653.80,ongoing_pregnancy
OngoingPregnancy3,Ongoing Pregnancy,ICD9CM,653.83,Disproportion of other origin- antepartum condition or complication,C0156999,Disproportion of other origin- antepartum condition or complication,narrow,P,PrA,653.83,ongoing_pregnancy
OngoingPregnancy3,Ongoing Pregnancy,ICD9CM,653.90,Unspecified disproportion- unspecified as to episode of care or not applicable,C0157001,Unspecified disproportion- unspecified as to episode of care or not applicable,narrow,P,PrA,653.90,ongoing_pregnancy
OngoingPregnancy3,Ongoing Pregnancy,ICD9CM,653.93,Unspecified disproportion- antepartum condition or complication,C0157003,Unspecified disproportion- antepartum condition or complication,narrow,P,PrA,653.93,ongoing_pregnancy
OngoingPregnancy3,Ongoing Pregnancy,ICD9CM,654.00,Congenital abnormalities of uterus- unspecified as to episode of care or not applicable,C0157006,Congenital abnormalities of uterus- unspecified as to episode of care or not applicable,narrow,P,PrA,654.00,ongoing_pregnancy
OngoingPregnancy3,Ongoing Pregnancy,ICD9CM,654.03,Congenital abnormalities of uterus- antepartum condition or complication,C0157009,Congenital abnormalities of uterus- antepartum condition or complication,narrow,P,PrA,654.03,ongoing_pregnancy
OngoingPregnancy3,Ongoing Pregnancy,ICD9CM,654.3,Retroverted and incarcerated gravid uterus,C0404709,Retroverted incarcerated gravid uterus,narrow,P,PrA,654.3,ongoing_pregnancy
OngoingPregnancy3,Ongoing Pregnancy,ICD9CM,654.30,Retroverted and incarcerated gravid uterus- unspecified as to episode of care or not applicable,C0157022,Retroverted and incarcerated gravid uterus- unspecified as to episode of care or not applicable,narrow,P,PrA,654.30,ongoing_pregnancy
OngoingPregnancy3,Ongoing Pregnancy,ICD9CM,654.33,Retroverted and incarcerated gravid uterus- antepartum condition or complication,C0157025,Retroverted and incarcerated gravid uterus- antepartum,narrow,P,PrA,654.33,ongoing_pregnancy
OngoingPregnancy3,Ongoing Pregnancy,ICD9CM,654.4,Other abnormalities in shape or position of gravid uterus and of neighboring structures,C0859820,Other abnormalities in shape or position of gravid uterus and of neighboring structures,narrow,P,PrA,654.4,ongoing_pregnancy
OngoingPregnancy3,Ongoing Pregnancy,ICD9CM,654.40,Other abnormalities in shape or position of gravid uterus and of neighboring structures- unspecified as to episode of care or not applicable,C0157028,Other abnormalities in shape or position of gravid uterus and of neighboring structures- unspecified as to episode of care or not applicable,narrow,P,PrA,654.40,ongoing_pregnancy
OngoingPregnancy3,Ongoing Pregnancy,ICD9CM,654.43,Other abnormalities in shape or position of gravid uterus and of neighboring structures- antepartum condition or complication,C0157031,Other abnormalities in shape or position of gravid uterus and of neighboring structures- antepartum condition or complication,narrow,P,PrA,654.43,ongoing_pregnancy
OngoingPregnancy3,Ongoing Pregnancy,ICD9CM,654.50,Cervical incompetence- unspecified as to episode of care or not applicable,C0157034,Cervical incompetence- unspecified as to episode of care or not applicable,narrow,P,PrA,654.50,ongoing_pregnancy
OngoingPregnancy3,Ongoing Pregnancy,ICD9CM,654.53,Cervical incompetence- antepartum condition or complication,C0157037,Cervical incompetence- antepartum condition or complication,narrow,P,PrA,654.53,ongoing_pregnancy
OngoingPregnancy3,Ongoing Pregnancy,ICPC2P,W84002,Pregnancy-multiple,C0032989,Multiple Pregnancy,narrow,P,PrA,W84002,ongoing_pregnancy
OngoingPregnancy3,Ongoing Pregnancy,ICPC2P,W84007,Pregnancy-twins,C0152150,Pregnancy- Twin,narrow,P,PrA,W84007,ongoing_pregnancy
OngoingPregnancy3,Ongoing Pregnancy,ICPC2P,W84011,Complicated-pregnancy,C0032962,Pregnancy Complications,narrow,P,PrA,W84011,ongoing_pregnancy
OngoingPregnancy3,Ongoing Pregnancy,MTHICD9,651.90,Unspecified multiple gestation- unspecified as to episode of care,C0032989,Multiple Pregnancy,narrow,P,PrA,651.90,ongoing_pregnancy
OngoingPregnancy3,Ongoing Pregnancy,MTHICD9,652.10,Breech or other malpresentation successfully converted to cephalic presentation- unspecified as to episode of care,C0156930,Breech or other malpresentation successfully converted to cephalic presentation- unspecified as to episode of care or not applicable,narrow,P,PrA,652.10,ongoing_pregnancy
OngoingPregnancy3,Ongoing Pregnancy,MTHICD9,652.13,Breech or other malpresentation successfully converted to cephalic presentation- antepartum,C0156932,Breech or other malpresentation successfully converted to cephalic presentation- antepartum condition or complication,narrow,P,PrA,652.13,ongoing_pregnancy
OngoingPregnancy3,Ongoing Pregnancy,MTHICD9,652.20,Breech presentation without mention of version- unspecified as to episode of care,C0156933,Breech presentation without mention of version- unspecified as to episode of care or not applicable,narrow,P,PrA,652.20,ongoing_pregnancy
OngoingPregnancy3,Ongoing Pregnancy,MTHICD9,652.23,Breech presentation without mention of version- antepartum,C0156935,Breech presentation without mention of version- antepartum condition or complication,narrow,P,PrA,652.23,ongoing_pregnancy
OngoingPregnancy3,Ongoing Pregnancy,MTHICD9,652.30,Transverse or oblique presentation of fetus- unspecified as to episode of care,C0375391,Transverse or oblique presentation- unspecified as to episode of care or not applicable,narrow,P,PrA,652.30,ongoing_pregnancy
OngoingPregnancy3,Ongoing Pregnancy,MTHICD9,652.33,Transverse or oblique presentation of fetus- antepartum,C0375393,Transverse or oblique presentation- antepartum condition or complication,narrow,P,PrA,652.33,ongoing_pregnancy
OngoingPregnancy3,Ongoing Pregnancy,MTHICD9,652.43,Face or brow presentation- antepartum,C0156943,Face or brow presentation- antepartum condition or complication,narrow,P,PrA,652.43,ongoing_pregnancy
OngoingPregnancy3,Ongoing Pregnancy,MTHICD9,652.60,Multiple gestation with malpresentation of one fetus or more- unspecified as to episode of care,C0156949,Multiple gestation with malpresentation of one fetus or more- unspecified as to episode of care or not applicable,narrow,P,PrA,652.60,ongoing_pregnancy
OngoingPregnancy3,Ongoing Pregnancy,MTHICD9,652.63,Multiple gestation with malpresentation of one fetus or more- antepartum,C0156951,Multiple gestation with malpresentation of one fetus or more- antepartum condtion or complication,narrow,P,PrA,652.63,ongoing_pregnancy
OngoingPregnancy3,Ongoing Pregnancy,MTHICD9,652.80,Other specified malposition or malpresentation- unspecified as to episode of care,C0156957,Other specified malposition or malpresentation- unspecified as to episode of care or not applicable,narrow,P,PrA,652.80,ongoing_pregnancy
OngoingPregnancy3,Ongoing Pregnancy,MTHICD9,652.83,Other specified malposition or malpresentation- antepartum,C0156959,Other specified malposition or malpresentation- antepartum condition or complication,narrow,P,PrA,652.83,ongoing_pregnancy
OngoingPregnancy3,Ongoing Pregnancy,MTHICD9,652.90,Unspecified malposition or malpresentation- unspecified as to episode of care,C0156961,Unspecified malposition or malpresentation- unspecified as to episode of care or not applicable,narrow,P,PrA,652.90,ongoing_pregnancy
OngoingPregnancy3,Ongoing Pregnancy,MTHICD9,652.93,Unspecified malposition or malpresentation- antepartum,C0156963,Unspecified malposition or malpresentation- antepartum condition or complication,narrow,P,PrA,652.93,ongoing_pregnancy
OngoingPregnancy3,Ongoing Pregnancy,MTHICD9,653.0,Major abnormality of bony pelvis- not further specified- in pregnancy- labor and delivery,C0269713,Major abnormality of bony pelvis,narrow,P,PrA,653.0,ongoing_pregnancy
OngoingPregnancy3,Ongoing Pregnancy,MTHICD9,653.00,Major abnormality of bony pelvis- not further specified- unspecified as to episode of care,C0156966,Major abnormality of bony pelvis- not further specified- unspecified as to episode of care or not applicable,narrow,P,PrA,653.00,ongoing_pregnancy
OngoingPregnancy3,Ongoing Pregnancy,MTHICD9,653.13,Generally contracted pelvis- antepartum,C0156972,Generally contracted pelvis- antepartum,narrow,P,PrA,653.13,ongoing_pregnancy
OngoingPregnancy3,Ongoing Pregnancy,MTHICD9,653.30,Outlet contraction of pelvis- unspecified as to episode of care in pregnancy,C0156978,Outlet contraction of pelvis- unspecified as to episode of care or not applicable,narrow,P,PrA,653.30,ongoing_pregnancy
OngoingPregnancy3,Ongoing Pregnancy,MTHICD9,653.33,Outlet contraction of pelvis- antepartum,C0156980,Outlet contraction of pelvis- antepartum condition or complication,narrow,P,PrA,653.33,ongoing_pregnancy
OngoingPregnancy3,Ongoing Pregnancy,MTHICD9,653.40,Fetopelvic disproportion- unspecified as to episode of care,C1142293,Foetopelvic disproportion- unspecified as to episode of care,narrow,P,PrA,653.40,ongoing_pregnancy
OngoingPregnancy3,Ongoing Pregnancy,MTHICD9,653.50,Unusually large fetus causing disproportion- unspecified as to episode of care,C0156985,Unusually large foetus causing disproportion- unspecified as to episode of care,narrow,P,PrA,653.50,ongoing_pregnancy
OngoingPregnancy3,Ongoing Pregnancy,MTHICD9,653.53,Unusually large fetus causing disproportion- antepartum,C0156987,Unusually large foetus causing disproportion- antepartum,narrow,P,PrA,653.53,ongoing_pregnancy
OngoingPregnancy3,Ongoing Pregnancy,MTHICD9,653.60,Hydrocephalic fetus causing disproportion- unspecified as to episode of care,C0156989,Hydrocephalic foetus causing disproportion- unspecified as to episode of care,narrow,P,PrA,653.60,ongoing_pregnancy
OngoingPregnancy3,Ongoing Pregnancy,MTHICD9,653.63,Hydrocephalic fetus causing disproportion- antepartum,C0156991,Hydrocephalic foetus causing disproportion- antepartum,narrow,P,PrA,653.63,ongoing_pregnancy
OngoingPregnancy3,Ongoing Pregnancy,MTHICD9,653.70,Other fetal abnormality causing disproportion- unspecified as to episode of care,C0156993,Other fetal abnormality causing disproportion- unspecified as to episode of care or not applicable,narrow,P,PrA,653.70,ongoing_pregnancy
OngoingPregnancy3,Ongoing Pregnancy,MTHICD9,653.73,Other fetal abnormality causing disproportion- antepartum,C0156995,Other fetal abnormality causing disproportion- antepartum condition or complication,narrow,P,PrA,653.73,ongoing_pregnancy
OngoingPregnancy3,Ongoing Pregnancy,MTHICD9,653.80,Disproportion of other origin- unspecified as to episode of care,C0156997,Disproportion of other origin- unspecified as to episode of care or not applicable,narrow,P,PrA,653.80,ongoing_pregnancy
OngoingPregnancy3,Ongoing Pregnancy,MTHICD9,653.83,Disproportion of other origin- antepartum,C0156999,Disproportion of other origin- antepartum condition or complication,narrow,P,PrA,653.83,ongoing_pregnancy
OngoingPregnancy3,Ongoing Pregnancy,MTHICD9,653.90,Unspecified disproportion- unspecified as to episode of care,C0157001,Unspecified disproportion- unspecified as to episode of care or not applicable,narrow,P,PrA,653.90,ongoing_pregnancy
OngoingPregnancy3,Ongoing Pregnancy,MTHICD9,653.93,Unspecified disproportion- antepartum,C0157003,Unspecified disproportion- antepartum condition or complication,narrow,P,PrA,653.93,ongoing_pregnancy
OngoingPregnancy3,Ongoing Pregnancy,MTHICD9,654.00,Congenital abnormalities of uterus- unspecified as to episode of care,C0157006,Congenital abnormalities of uterus- unspecified as to episode of care or not applicable,narrow,P,PrA,654.00,ongoing_pregnancy
OngoingPregnancy3,Ongoing Pregnancy,MTHICD9,654.30,Retroverted and incarcerated gravid uterus- unspecified as to episode of care,C0157022,Retroverted and incarcerated gravid uterus- unspecified as to episode of care or not applicable,narrow,P,PrA,654.30,ongoing_pregnancy
OngoingPregnancy3,Ongoing Pregnancy,MTHICD9,654.33,Retroverted and incarcerated gravid uterus- antepartum,C0157025,Retroverted and incarcerated gravid uterus- antepartum,narrow,P,PrA,654.33,ongoing_pregnancy
OngoingPregnancy3,Ongoing Pregnancy,MTHICD9,654.40,Other abnormalities in shape or position of gravid uterus and of neighboring structures- unspecified as to episode of care,C0157028,Other abnormalities in shape or position of gravid uterus and of neighboring structures- unspecified as to episode of care or not applicable,narrow,P,PrA,654.40,ongoing_pregnancy
OngoingPregnancy3,Ongoing Pregnancy,MTHICD9,654.43,Other abnormalities in shape or position of gravid uterus and of neighboring structures- antepartum,C0157031,Other abnormalities in shape or position of gravid uterus and of neighboring structures- antepartum condition or complication,narrow,P,PrA,654.43,ongoing_pregnancy
OngoingPregnancy3,Ongoing Pregnancy,MTHICD9,654.50,Cervical incompetence- unspecified as to episode of care in pregnancy,C0157034,Cervical incompetence- unspecified as to episode of care or not applicable,narrow,P,PrA,654.50,ongoing_pregnancy
OngoingPregnancy3,Ongoing Pregnancy,MTHICD9,659.8,Pregnancy in a female less than 16 years of age at expected date of delivery,C0866395,Very young maternal age,narrow,P,PrA,659.8,ongoing_pregnancy
OngoingPregnancy3,Ongoing Pregnancy,RCD2,L1...,Pregnancy complications,C0032962,Pregnancy Complications,narrow,P,PrA,L1...,ongoing_pregnancy
OngoingPregnancy3,Ongoing Pregnancy,RCD2,L16z.,Pregnancy complication NOS,C0032962,Pregnancy Complications,narrow,P,PrA,L16z.,ongoing_pregnancy
OngoingPregnancy3,Ongoing Pregnancy,RCD2,L21..,Multiple pregnancy,C0032989,Multiple Pregnancy,narrow,P,PrA,L21..,ongoing_pregnancy
OngoingPregnancy3,Ongoing Pregnancy,RCD2,L210.,Twin pregnancy,C0152150,Pregnancy- Twin,narrow,P,PrA,L210.,ongoing_pregnancy
OngoingPregnancy3,Ongoing Pregnancy,RCD2,L2100,Twin pregnancy unspecified,C0152150,Pregnancy- Twin,narrow,P,PrA,L2100,ongoing_pregnancy
OngoingPregnancy3,Ongoing Pregnancy,RCD2,L210z,Twin pregnancy NOS,C0152150,Pregnancy- Twin,narrow,P,PrA,L210z,ongoing_pregnancy
OngoingPregnancy3,Ongoing Pregnancy,RCD2,L211.,Triplet pregnancy,C0152151,Pregnancy- Triplet,narrow,P,PrA,L211.,ongoing_pregnancy
OngoingPregnancy3,Ongoing Pregnancy,RCD2,L2110,Triplet pregnancy unspecified,C0152151,Pregnancy- Triplet,narrow,P,PrA,L2110,ongoing_pregnancy
OngoingPregnancy3,Ongoing Pregnancy,RCD2,L211z,Triplet pregnancy NOS,C0152151,Pregnancy- Triplet,narrow,P,PrA,L211z,ongoing_pregnancy
OngoingPregnancy3,Ongoing Pregnancy,RCD2,L212.,Quadruplet pregnancy,C0152152,Quadruplet pregnancy,narrow,P,PrA,L212.,ongoing_pregnancy
OngoingPregnancy3,Ongoing Pregnancy,RCD2,L2120,Quadruplet pregnancy unspecif.,C0152152,Quadruplet pregnancy,narrow,P,PrA,L2120,ongoing_pregnancy
OngoingPregnancy3,Ongoing Pregnancy,RCD2,L212z,Quadruplet pregnancy NOS,C0152152,Quadruplet pregnancy,narrow,P,PrA,L212z,ongoing_pregnancy
OngoingPregnancy3,Ongoing Pregnancy,RCD2,L21z.,Multiple pregnancy NOS,C0032989,Multiple Pregnancy,narrow,P,PrA,L21z.,ongoing_pregnancy
OngoingPregnancy3,Ongoing Pregnancy,RCD2,L21z0,Multiple pregnancy NOS unspec.,C0032989,Multiple Pregnancy,narrow,P,PrA,L21z0,ongoing_pregnancy
OngoingPregnancy3,Ongoing Pregnancy,RCD2,L220.,Fetus - unstable lie,C0426066,Unstable lie,narrow,P,PrA,L220.,ongoing_pregnancy
OngoingPregnancy3,Ongoing Pregnancy,RCD2,L2200,Unstable lie unspecified,C0426066,Unstable lie,narrow,P,PrA,L2200,ongoing_pregnancy
OngoingPregnancy3,Ongoing Pregnancy,RCD2,L220z,Unstable lie NOS,C0426066,Unstable lie,narrow,P,PrA,L220z,ongoing_pregnancy
OngoingPregnancy3,Ongoing Pregnancy,RCD2,L2220,Breech presentation unspecif.,C0006157,Breech Presentation,narrow,P,PrA,L2220,ongoing_pregnancy
OngoingPregnancy3,Ongoing Pregnancy,RCD2,L222z,Breech presentation NOS,C0006157,Breech Presentation,narrow,P,PrA,L222z,ongoing_pregnancy
OngoingPregnancy3,Ongoing Pregnancy,RCD2,L22z.,Fetal malpresentation NOS,C0156924,Malposition and malpresentation of fetus,narrow,P,PrA,L22z.,ongoing_pregnancy
OngoingPregnancy3,Ongoing Pregnancy,RCD2,L235.,Large fetus + disproportion,C0156984,Unusually large foetus causing disproportion,narrow,P,PrA,L235.,ongoing_pregnancy
OngoingPregnancy3,Ongoing Pregnancy,RCD2,L2350,Large fetus+disproport.unspec.,C0156984,Unusually large foetus causing disproportion,narrow,P,PrA,L2350,ongoing_pregnancy
OngoingPregnancy3,Ongoing Pregnancy,RCD2,L235z,Large fetus+disproportion NOS,C0156984,Unusually large foetus causing disproportion,narrow,P,PrA,L235z,ongoing_pregnancy
OngoingPregnancy3,Ongoing Pregnancy,RCD2,L236.,Hydrocephalic disproportion,C0405012,Hydrocephalic disproportion,narrow,P,PrA,L236.,ongoing_pregnancy
OngoingPregnancy3,Ongoing Pregnancy,RCD2,L2360,Hydroceph.disproportion unspec,C0405012,Hydrocephalic disproportion,narrow,P,PrA,L2360,ongoing_pregnancy
OngoingPregnancy3,Ongoing Pregnancy,RCD2,L236z,Hydrocephalic disprop. NOS,C0405012,Hydrocephalic disproportion,narrow,P,PrA,L236z,ongoing_pregnancy
OngoingPregnancy3,Ongoing Pregnancy,RCD2,L2370,Other abn.fetus+disprop.unsp.,C0405011,Other fetal abnormality causing disproportion,narrow,P,PrA,L2370,ongoing_pregnancy
OngoingPregnancy3,Ongoing Pregnancy,RCD2,L237z,Other abn.fetus+disprop.NOS,C0405011,Other fetal abnormality causing disproportion,narrow,P,PrA,L237z,ongoing_pregnancy
OngoingPregnancy3,Ongoing Pregnancy,RCD2,L243.,Retrov.incarcer.gravid uterus,C0404709,Retroverted incarcerated gravid uterus,narrow,P,PrA,L243.,ongoing_pregnancy
OngoingPregnancy3,Ongoing Pregnancy,RCD2,L2430,Retr.incar.gravid uterus unsp,C0404709,Retroverted incarcerated gravid uterus,narrow,P,PrA,L2430,ongoing_pregnancy
OngoingPregnancy3,Ongoing Pregnancy,RCD2,L243z,Retrov.incar.gravid uterus NOS,C0404709,Retroverted incarcerated gravid uterus,narrow,P,PrA,L243z,ongoing_pregnancy
OngoingPregnancy3,Ongoing Pregnancy,SCTSPA,308141005,complicación venosa del embarazo- no especificada,C0495184,Venous complication in pregnancy- unspecified,narrow,P,PrA,308141005,ongoing_pregnancy
OngoingPregnancy3,Ongoing Pregnancy,SCTSPA,415105001,desprendimiento placentario,C0000832,Abruptio Placentae,narrow,P,PrA,415105001,ongoing_pregnancy
OngoingPregnancy3,Ongoing Pregnancy,SNOMEDCT_US,415105001,Placental abruption,C0000832,Abruptio Placentae,narrow,P,PrA,415105001,ongoing_pregnancy
OngoingPregnancy4,Ongoing Pregnancy,ICD10,O43.8,Other placental disorders,C0477835,Other placental disorders,narrow,P,PrA,O43.8,ongoing_pregnancy
OngoingPregnancy4,Ongoing Pregnancy,ICD10,O43.81,Placental infarction,"","",narrow,P,PrA,O43.81,ongoing_pregnancy
OngoingPregnancy4,Ongoing Pregnancy,ICD10CM,O43.8,Other placental disorders,C0477835,Other placental disorders,narrow,P,PrA,O43.8,ongoing_pregnancy
OngoingPregnancy4,Ongoing Pregnancy,ICD10CM,O43.81,Placental infarction,"","",narrow,P,PrA,O43.81,ongoing_pregnancy
OngoingPregnancy4,Ongoing Pregnancy,ICD10CM,O43.89,Other placental disorders,C0477835,Other placental disorders,narrow,P,PrA,O43.89,ongoing_pregnancy
OngoingPregnancy4,Ongoing Pregnancy,ICD10CM,O43.899,Other placental disorders- unspecified trimester,C0477835,Other placental disorders,narrow,P,PrA,O43.899,ongoing_pregnancy
OngoingPregnancy4,Ongoing Pregnancy,ICD9CM,654.63,Other congenital or acquired abnormality of cervix- antepartum condition or complication,C0157043,Other congenital or acquired abnormality of cervix- antepartum condition or complication,narrow,P,PrA,654.63,ongoing_pregnancy
OngoingPregnancy4,Ongoing Pregnancy,ICD9CM,654.73,Congenital or acquired abnormality of vagina- antepartum condition or complication,C0157049,Congenital or acquired abnormality of vagina- antepartum condition or complication,narrow,P,PrA,654.73,ongoing_pregnancy
OngoingPregnancy4,Ongoing Pregnancy,ICD9CM,654.83,Congenital or acquired abnormality of vulva- antepartum condition or complication,C0157055,Congenital or acquired abnormality of vulva- antepartum condition or complication,narrow,P,PrA,654.83,ongoing_pregnancy
OngoingPregnancy4,Ongoing Pregnancy,ICD9CM,654.93,Other and unspecified abnormality of organs and soft tissues of pelvis- antepartum condition or complication,C0157061,Other and unspecified abnormality of organs and soft tissues of pelvis- antepartum condition or complication,narrow,P,PrA,654.93,ongoing_pregnancy
OngoingPregnancy4,Ongoing Pregnancy,ICD9CM,655,Central nervous system malformation in fetus- unspecified as to episode of care or not applicable,"","",narrow,P,PrA,655,ongoing_pregnancy
OngoingPregnancy4,Ongoing Pregnancy,ICD9CM,655,Known or suspected fetal abnormality affecting management of mother,C0157063,fetal abnormality affecting care of mother,narrow,P,PrA,655,ongoing_pregnancy
OngoingPregnancy4,Ongoing Pregnancy,ICD9CM,655.0,Central nervous system malformation in fetus affecting management of mother,C0157064,Central nervous system malformation in fetus affecting management of mother,narrow,P,PrA,655.0,ongoing_pregnancy
OngoingPregnancy4,Ongoing Pregnancy,ICD9CM,655.03,Central nervous system malformation in fetus- antepartum condition or complication,C0157067,Central nervous system malformation in fetus- antepartum condition or complication,narrow,P,PrA,655.03,ongoing_pregnancy
OngoingPregnancy4,Ongoing Pregnancy,ICD9CM,655.1,Chromosomal abnormality in fetus affecting management of mother,C0157068,Chromosomal abnormality in fetus affecting management of mother,narrow,P,PrA,655.1,ongoing_pregnancy
OngoingPregnancy4,Ongoing Pregnancy,ICD9CM,655.1,Chromosomal abnormality in fetus- affecting management of mother- unspecified as to episode of care or not applicable,"","",narrow,P,PrA,655.1,ongoing_pregnancy
OngoingPregnancy4,Ongoing Pregnancy,ICD9CM,655.13,Chromosomal abnormality in fetus- affecting management of mother- antepartum condition or complication,C0157071,Chromosomal abnormality in fetus- affecting management of mother- antepartum condition or complication,narrow,P,PrA,655.13,ongoing_pregnancy
OngoingPregnancy4,Ongoing Pregnancy,ICD9CM,655.20000000000005,Hereditary disease in family possibly affecting fetus- affecting management of mother,C0157072,Hereditary disease in family possibly affecting fetus- affecting management of mother,narrow,P,PrA,655.20000000000005,ongoing_pregnancy
OngoingPregnancy4,Ongoing Pregnancy,ICD9CM,655.20000000000005,Hereditary disease in family possibly affecting fetus- affecting management of mother- unspecified as to episode of care or not applicable,"","",narrow,P,PrA,655.20000000000005,ongoing_pregnancy
OngoingPregnancy4,Ongoing Pregnancy,ICD9CM,655.23,Hereditary disease in family possibly affecting fetus- affecting management of mother- antepartum condition or complication,C0157075,Hereditary disease in family possibly affecting fetus- affecting management of mother- antepartum condition or complication,narrow,P,PrA,655.23,ongoing_pregnancy
OngoingPregnancy4,Ongoing Pregnancy,ICD9CM,655.29999999999995,Suspected damage to fetus from viral disease in the mother- affecting management of mother,C0157076,Suspected damage to fetus from viral disease in the mother- affecting management of mother,narrow,P,PrA,655.29999999999995,ongoing_pregnancy
OngoingPregnancy4,Ongoing Pregnancy,ICD9CM,655.29999999999995,Suspected damage to fetus from viral disease in the mother- affecting management of mother- unspecified as to episode of care or not applicable,"","",narrow,P,PrA,655.29999999999995,ongoing_pregnancy
OngoingPregnancy4,Ongoing Pregnancy,ICD9CM,655.33,Suspected damage to fetus from viral disease in the mother- affecting management of mother- antepartum condition or complication,C0157079,Suspected damage to fetus from viral disease in the mother- affecting management of mother- antepartum condition or complication,narrow,P,PrA,655.33,ongoing_pregnancy
OngoingPregnancy4,Ongoing Pregnancy,ICD9CM,655.4,Suspected damage to fetus from other disease in the mother- affecting management of mother,C0157080,Suspected damage to fetus from other disease in the mother- affecting management of mother,narrow,P,PrA,655.4,ongoing_pregnancy
OngoingPregnancy4,Ongoing Pregnancy,ICD9CM,655.4,Suspected damage to fetus from other disease in the mother- affecting management of mother- unspecified as to episode of care or not applicable,"","",narrow,P,PrA,655.4,ongoing_pregnancy
OngoingPregnancy4,Ongoing Pregnancy,ICD9CM,655.43,Suspected damage to fetus from other disease in the mother- affecting management of mother- antepartum condition or complication,"","",narrow,P,PrA,655.43,ongoing_pregnancy
OngoingPregnancy4,Ongoing Pregnancy,ICD9CM,655.5,Suspected damage to fetus from drugs- affecting management of mother,C0157084,Suspected damage to fetus from drugs- affecting management of mother,narrow,P,PrA,655.5,ongoing_pregnancy
OngoingPregnancy4,Ongoing Pregnancy,ICD9CM,655.5,Suspected damage to fetus from drugs- affecting management of mother- unspecified as to episode of care or not applicable,"","",narrow,P,PrA,655.5,ongoing_pregnancy
OngoingPregnancy4,Ongoing Pregnancy,ICD9CM,655.53,Suspected damage to fetus from drugs- affecting management of mother- antepartum condition or complication,C0157087,Suspected damage to fetus from drugs- affecting management of mother- antepartum condition or complication,narrow,P,PrA,655.53,ongoing_pregnancy
OngoingPregnancy4,Ongoing Pregnancy,ICD9CM,655.6,Suspected damage to fetus from radiation- affecting management of mother,C0157088,Suspected damage to fetus from radiation- affecting management of mother,narrow,P,PrA,655.6,ongoing_pregnancy
OngoingPregnancy4,Ongoing Pregnancy,ICD9CM,655.6,Suspected damage to fetus from radiation- affecting management of mother- unspecified as to episode of care or not applicable,"","",narrow,P,PrA,655.6,ongoing_pregnancy
OngoingPregnancy4,Ongoing Pregnancy,ICD9CM,655.63,Suspected damage to fetus from radiation- affecting management of mother- antepartum condition or complication,"","",narrow,P,PrA,655.63,ongoing_pregnancy
OngoingPregnancy4,Ongoing Pregnancy,ICD9CM,655.7,Decreased fetal movements- affecting management of mother,C0490008,Decreased fetal movements- affecting management of mother,narrow,P,PrA,655.7,ongoing_pregnancy
OngoingPregnancy4,Ongoing Pregnancy,ICD9CM,655.7,Decreased fetal movements- affecting management of mother- unspecified as to episode of care,"","",narrow,P,PrA,655.7,ongoing_pregnancy
OngoingPregnancy4,Ongoing Pregnancy,ICD9CM,655.73,Decreased fetal movements- affecting management of mother- antepartum condition or complication,C0695216,Decreased fetal movements- affecting management of mother- antepartum condition or complication,narrow,P,PrA,655.73,ongoing_pregnancy
OngoingPregnancy4,Ongoing Pregnancy,ICD9CM,655.8,Other known or suspected fetal abnormality- not elsewhere classified- affecting management of mother,C0869483,Other known or suspected fetal abnormality- NEC- affecting management of mother in ICD9CM,narrow,P,PrA,655.8,ongoing_pregnancy
OngoingPregnancy4,Ongoing Pregnancy,ICD9CM,655.8,Other known or suspected fetal abnormality- not elsewhere classified- affecting management of mother- unspecified as to episode of care or not applicable,"","",narrow,P,PrA,655.8,ongoing_pregnancy
OngoingPregnancy4,Ongoing Pregnancy,ICD9CM,655.83,Other known or suspected fetal abnormality- not elsewhere classified- affecting management of mother- antepartum condition or complication,C0157095,Other known or suspected fetal abnormality- not elsewhere classified- affecting management of mother- antepartum condition or complication,narrow,P,PrA,655.83,ongoing_pregnancy
OngoingPregnancy4,Ongoing Pregnancy,ICD9CM,655.9,Unspecified suspected fetal abnormality- affecting management of mother- unspecified as to episode of care or not applicable,"","",narrow,P,PrA,655.9,ongoing_pregnancy
OngoingPregnancy4,Ongoing Pregnancy,ICD9CM,655.9,Unspecified- known or suspected fetal abnormality affecting management of mother,C0157063,fetal abnormality affecting care of mother,narrow,P,PrA,655.9,ongoing_pregnancy
OngoingPregnancy4,Ongoing Pregnancy,ICD9CM,655.93,Unspecified suspected fetal abnormality- affecting management of mother- antepartum condition or complication,C0157099,Unspecified suspected fetal abnormality- affecting management of mother- antepartum condition or complication,narrow,P,PrA,655.93,ongoing_pregnancy
OngoingPregnancy4,Ongoing Pregnancy,ICD9CM,656,Fetal-maternal hemorrhage affecting management of mother,"","",narrow,P,PrA,656,ongoing_pregnancy
OngoingPregnancy4,Ongoing Pregnancy,ICD9CM,656,Other known or suspected fetal and placental problems affecting management of mother,C2349589,Other known or suspected fetal and placental problems affecting management of mother,narrow,P,PrA,656,ongoing_pregnancy
OngoingPregnancy4,Ongoing Pregnancy,ICD9CM,656.00,Fetal-maternal hemorrhage- unspecified as to episode of care or not applicable,C0015959,Fetomaternal Transfusion,narrow,P,PrA,656.00,ongoing_pregnancy
OngoingPregnancy4,Ongoing Pregnancy,ICD9CM,656.03,Fetal-maternal hemorrhage- antepartum condition or complication,"","",narrow,P,PrA,656.03,ongoing_pregnancy
OngoingPregnancy4,Ongoing Pregnancy,ICD9CM,656.1,Rhesus isoimmunization affecting management of mother,C0035428,Rhesus isoimmunisation affecting management of mother,narrow,P,PrA,656.1,ongoing_pregnancy
OngoingPregnancy4,Ongoing Pregnancy,ICD9CM,656.1,Rhesus isoimmunization- unspecified as to episode of care or not applicable,"","",narrow,P,PrA,656.1,ongoing_pregnancy
OngoingPregnancy4,Ongoing Pregnancy,ICD9CM,656.13,Rhesus isoimmunization- antepartum condition or complication,C0157107,Rhesus isoimmunisation- affecting management of mother- antepartum condition,narrow,P,PrA,656.13,ongoing_pregnancy
OngoingPregnancy4,Ongoing Pregnancy,ICD9CM,656.2,Isoimmunization from other and unspecified blood-group incompatibility affecting management of mother,C0157108,Isoimmunization from other and unspecified blood-group incompatibility affecting management of mother,narrow,P,PrA,656.2,ongoing_pregnancy
OngoingPregnancy4,Ongoing Pregnancy,ICD9CM,656.2,Isoimmunization from other and unspecified blood-group incompatibility- unspecified as to episode of care or not applicable,"","",narrow,P,PrA,656.2,ongoing_pregnancy
OngoingPregnancy4,Ongoing Pregnancy,ICD9CM,656.23,Isoimmunization from other and unspecified blood-group incompatibility- antepartum condition or complication,C0157111,Isoimmunization from other and unspecified blood-group incompatibility- antepartum condition or complication,narrow,P,PrA,656.23,ongoing_pregnancy
OngoingPregnancy4,Ongoing Pregnancy,ICD9CM,656.3,Fetal distress affecting management of mother,C0015931,Fetal distress affecting management of mother,narrow,P,PrA,656.3,ongoing_pregnancy
OngoingPregnancy4,Ongoing Pregnancy,ICD9CM,656.3,Fetal distress- affecting management of mother- unspecified as to episode of care or not applicable,"","",narrow,P,PrA,656.3,ongoing_pregnancy
OngoingPregnancy4,Ongoing Pregnancy,ICD9CM,656.33,Fetal distress- affecting management of mother- antepartum condition or complication,C0157114,Foetal distress- affecting management of mother- antepartum,narrow,P,PrA,656.33,ongoing_pregnancy
OngoingPregnancy4,Ongoing Pregnancy,ICD9CM,656.4,Intrauterine death affecting management of mother,"","",narrow,P,PrA,656.4,ongoing_pregnancy
OngoingPregnancy4,Ongoing Pregnancy,ICD9CM,656.4,Intrauterine death- affecting management of mother- unspecified as to episode of care or not applicable,"","",narrow,P,PrA,656.4,ongoing_pregnancy
OngoingPregnancy4,Ongoing Pregnancy,ICD9CM,656.43,Intrauterine death- affecting management of mother- antepartum condition or complication,"","",narrow,P,PrA,656.43,ongoing_pregnancy
OngoingPregnancy4,Ongoing Pregnancy,ICD9CM,656.5,Poor fetal growth affecting management of mother,C0157119,Poor fetal growth affecting management,narrow,P,PrA,656.5,ongoing_pregnancy
OngoingPregnancy4,Ongoing Pregnancy,ICD9CM,656.5,Poor fetal growth- affecting management of mother- unspecified as to episode of care or not applicable,"","",narrow,P,PrA,656.5,ongoing_pregnancy
OngoingPregnancy4,Ongoing Pregnancy,ICD9CM,656.53,Poor fetal growth- affecting management of mother- antepartum condition or complication,C0157122,Poor fetal growth- affecting management of mother- antepartum condition or complication,narrow,P,PrA,656.53,ongoing_pregnancy
OngoingPregnancy4,Ongoing Pregnancy,ICD9CM,656.6,Excessive fetal growth affecting management of mother,C0157123,Excessive fetal growth affecting management of mother,narrow,P,PrA,656.6,ongoing_pregnancy
OngoingPregnancy4,Ongoing Pregnancy,ICD9CM,656.6,Excessive fetal growth- affecting management of mother- unspecified as to episode of care or not applicable,"","",narrow,P,PrA,656.6,ongoing_pregnancy
OngoingPregnancy4,Ongoing Pregnancy,ICD9CM,656.63,Excessive fetal growth- affecting management of mother- antepartum condition or complication,C0157126,Excessive fetal growth- affecting management of mother- antepartum condition or complication,narrow,P,PrA,656.63,ongoing_pregnancy
OngoingPregnancy4,Ongoing Pregnancy,ICD9CM,656.7,Other placental conditions affecting management of mother,C0477835,Other placental disorders,narrow,P,PrA,656.7,ongoing_pregnancy
OngoingPregnancy4,Ongoing Pregnancy,ICD9CM,656.7,Other placental conditions- affecting management of mother- unspecified as to episode of care or not applicable,"","",narrow,P,PrA,656.7,ongoing_pregnancy
OngoingPregnancy4,Ongoing Pregnancy,ICD9CM,656.73,Other placental conditions- affecting management of mother- antepartum condition or complication,C0157129,Other placental conditions- affecting management of mother- antepartum condition or complication,narrow,P,PrA,656.73,ongoing_pregnancy
OngoingPregnancy4,Ongoing Pregnancy,ICD9CM,656.8,Other specified fetal and placental problems affecting management of mother,C0157130,Other specified fetal and placental problems affecting management of mother,narrow,P,PrA,656.8,ongoing_pregnancy
OngoingPregnancy4,Ongoing Pregnancy,ICD9CM,656.8,Other specified fetal and placental problems- affecting management of mother- unspecified as to episode of care or not applicable,"","",narrow,P,PrA,656.8,ongoing_pregnancy
OngoingPregnancy4,Ongoing Pregnancy,ICD9CM,656.83,Other specified fetal and placental problems- affecting management of mother- antepartum condition or complication,C0157133,Other specified fetal and placental problems- affecting management of mother- antepartum condition or complication,narrow,P,PrA,656.83,ongoing_pregnancy
OngoingPregnancy4,Ongoing Pregnancy,ICD9CM,656.9,Unspecified fetal and placental problem affecting management of mother,C0157134,Unspecified fetal and placental problem affecting management of mother,narrow,P,PrA,656.9,ongoing_pregnancy
OngoingPregnancy4,Ongoing Pregnancy,ICD9CM,656.9,Unspecified fetal and placental problem- affecting management of mother- unspecified as to episode of care or not applicable,"","",narrow,P,PrA,656.9,ongoing_pregnancy
OngoingPregnancy4,Ongoing Pregnancy,ICD9CM,656.93,Unspecified fetal and placental problem- affecting management of mother- antepartum condition or complication,C0157137,Unspecified fetal and placental problem- affecting management of mother- antepartum condition or complication,narrow,P,PrA,656.93,ongoing_pregnancy
OngoingPregnancy4,Ongoing Pregnancy,ICPC2P,W84014,RH-iso-immunisation,C0035404,Rh Isoimmunization,narrow,P,PrA,W84014,ongoing_pregnancy
OngoingPregnancy4,Ongoing Pregnancy,MTHICD9,654.6,Stenosis or stricture of cervix complicating pregnancy- childbirth- or the puerperium,C0269749,Stenosis AND-OR stricture of cervix affecting pregnancy,narrow,P,PrA,654.6,ongoing_pregnancy
OngoingPregnancy4,Ongoing Pregnancy,MTHICD9,654.7,Previous surgery to vagina complicating pregnancy- childbirth- or the puerperium,C0269752,Previous surgery to vagina affecting pregnancy,narrow,P,PrA,654.7,ongoing_pregnancy
OngoingPregnancy4,Ongoing Pregnancy,MTHICD9,654.8,Fibrosis of perineum complicating pregnancy- childbirth- or the puerperium,C0269759,Fibrosis of perineum affecting pregnancy,narrow,P,PrA,654.8,ongoing_pregnancy
OngoingPregnancy4,Ongoing Pregnancy,MTHICD9,655.03,Central nervous system malformation in fetus- antepartum,C0157067,Central nervous system malformation in fetus- antepartum condition or complication,narrow,P,PrA,655.03,ongoing_pregnancy
OngoingPregnancy4,Ongoing Pregnancy,MTHICD9,655.13,Chromosomal abnormality in fetus affecting management of mother- antepartum,C0157071,Chromosomal abnormality in fetus- affecting management of mother- antepartum condition or complication,narrow,P,PrA,655.13,ongoing_pregnancy
OngoingPregnancy4,Ongoing Pregnancy,MTHICD9,655.3,Suspected damage to fetus from maternal rubella affecting management of mother,C0269772,Fetus with suspected rubella damage via mother,narrow,P,PrA,655.3,ongoing_pregnancy
OngoingPregnancy4,Ongoing Pregnancy,MTHICD9,655.4,Suspected damage to fetus from maternal listeriosis affecting management of mother,C0269776,suspected damage to fetus from maternal listeriosis,narrow,P,PrA,655.4,ongoing_pregnancy
OngoingPregnancy4,Ongoing Pregnancy,MTHICD9,655.53,Suspected damage to fetus from drugs- affecting management of mother- antepartum,C0157087,Suspected damage to fetus from drugs- affecting management of mother- antepartum condition or complication,narrow,P,PrA,655.53,ongoing_pregnancy
OngoingPregnancy4,Ongoing Pregnancy,MTHICD9,655.7,Decreased fetal movements affecting management of mother,C0490008,Decreased fetal movements- affecting management of mother,narrow,P,PrA,655.7,ongoing_pregnancy
OngoingPregnancy4,Ongoing Pregnancy,MTHICD9,655.73,Decreased fetal movements affecting management of mother- antepartum condition or complication,C0695216,Decreased fetal movements- affecting management of mother- antepartum condition or complication,narrow,P,PrA,655.73,ongoing_pregnancy
OngoingPregnancy4,Ongoing Pregnancy,MTHICD9,655.8,Suspected damage to fetus from environmental toxins affecting management of mother,C0269775,fetal abnormality due to environmental toxins,narrow,P,PrA,655.8,ongoing_pregnancy
OngoingPregnancy4,Ongoing Pregnancy,MTHICD9,655.83,Other known or suspected fetal abnormality not elsewhere classified- affecting management of mother- antepartum condition or complication,C0869490,Other known or suspected fetal abnormality not elsewhere classified- affecting management of mother- antepartum condition or complication,narrow,P,PrA,655.83,ongoing_pregnancy
OngoingPregnancy4,Ongoing Pregnancy,MTHICD9,655.93,Unspecified suspected fetal abnormality affecting management of mother- antepartum condition or complication,C0157099,Unspecified suspected fetal abnormality- affecting management of mother- antepartum condition or complication,narrow,P,PrA,655.93,ongoing_pregnancy
OngoingPregnancy4,Ongoing Pregnancy,MTHICD9,656.00,Fetal-maternal hemorrhage- unspecified as to episode of care in pregnancy,C0015959,Fetomaternal Transfusion,narrow,P,PrA,656.00,ongoing_pregnancy
OngoingPregnancy4,Ongoing Pregnancy,MTHICD9,656.1,Rh antibodies affecting management of mother,C0035404,Rh Isoimmunization,narrow,P,PrA,656.1,ongoing_pregnancy
OngoingPregnancy4,Ongoing Pregnancy,MTHICD9,656.13,Rhesus isoimmunization affecting management of mother- antepartum condition,C0157107,Rhesus isoimmunisation- affecting management of mother- antepartum condition,narrow,P,PrA,656.13,ongoing_pregnancy
OngoingPregnancy4,Ongoing Pregnancy,MTHICD9,656.2,ABO isoimmunization affecting management of mother,C0269785,ABO isoimmunization affecting pregnancy,narrow,P,PrA,656.2,ongoing_pregnancy
OngoingPregnancy4,Ongoing Pregnancy,MTHICD9,656.23,Isoimmunization from other and unspecified blood-group incompatibility affecting management of mother- antepartum,C0157111,Isoimmunization from other and unspecified blood-group incompatibility- antepartum condition or complication,narrow,P,PrA,656.23,ongoing_pregnancy
OngoingPregnancy4,Ongoing Pregnancy,MTHICD9,656.3,Fetal metabolic acidemia affecting management of mother,C0866385,Fetal metabolic acidemia affecting management of mother,narrow,P,PrA,656.3,ongoing_pregnancy
OngoingPregnancy4,Ongoing Pregnancy,MTHICD9,656.33,Fetal distress affecting management of mother- antepartum,C0157114,Foetal distress- affecting management of mother- antepartum,narrow,P,PrA,656.33,ongoing_pregnancy
OngoingPregnancy4,Ongoing Pregnancy,MTHICD9,656.5,Light-for-dates affecting management of mother,C0157119,Poor fetal growth affecting management,narrow,P,PrA,656.5,ongoing_pregnancy
OngoingPregnancy4,Ongoing Pregnancy,MTHICD9,656.53,Poor fetal growth affecting management of mother- antepartum condition or complication,C0157122,Poor fetal growth- affecting management of mother- antepartum condition or complication,narrow,P,PrA,656.53,ongoing_pregnancy
OngoingPregnancy4,Ongoing Pregnancy,MTHICD9,656.6,Large-for-dates affecting management of mother,C0157123,Excessive fetal growth affecting management of mother,narrow,P,PrA,656.6,ongoing_pregnancy
OngoingPregnancy4,Ongoing Pregnancy,MTHICD9,656.63,Excessive fetal growth affecting management of mother- antepartum,C0157126,Excessive fetal growth- affecting management of mother- antepartum condition or complication,narrow,P,PrA,656.63,ongoing_pregnancy
OngoingPregnancy4,Ongoing Pregnancy,MTHICD9,656.73,Other placental conditions affecting management of mother- antepartum,C0157129,Other placental conditions- affecting management of mother- antepartum condition or complication,narrow,P,PrA,656.73,ongoing_pregnancy
OngoingPregnancy4,Ongoing Pregnancy,MTHICD9,656.8,Abnormal acid-base balance affecting management of mother,C0269789,Abnormal acid-base balance affecting management of mother,narrow,P,PrA,656.8,ongoing_pregnancy
OngoingPregnancy4,Ongoing Pregnancy,MTHICD9,656.83,Other specified fetal and placental problems affecting management of mother- antepartum,C0157133,Other specified fetal and placental problems- affecting management of mother- antepartum condition or complication,narrow,P,PrA,656.83,ongoing_pregnancy
OngoingPregnancy4,Ongoing Pregnancy,MTHICD9,656.93,Unspecified fetal and placental problem affecting management of mother- antepartum,C0157137,Unspecified fetal and placental problem- affecting management of mother- antepartum condition or complication,narrow,P,PrA,656.93,ongoing_pregnancy
OngoingPregnancy4,Ongoing Pregnancy,RCD2,L2470,Obst.+ vaginal abn. unspecif.,C0404672,Septate vagina affecting obstetric care,narrow,P,PrA,L2470,ongoing_pregnancy
OngoingPregnancy4,Ongoing Pregnancy,RCD2,L2610,Rhesus isoimmunisation unspec.,C0035404,Rh Isoimmunization,narrow,P,PrA,L2610,ongoing_pregnancy
OngoingPregnancy4,Ongoing Pregnancy,RCD2,L261z,Rhesus isoimmunisation NOS,C0035404,Rh Isoimmunization,narrow,P,PrA,L261z,ongoing_pregnancy
OngoingPregnancy4,Ongoing Pregnancy,RCD2,Lyu3C,[X]Other placental disorders,C0477835,Other placental disorders,narrow,P,PrA,Lyu3C,ongoing_pregnancy
OngoingPregnancy4,Ongoing Pregnancy,SCTSPA,12867002,sufrimiento fetal que afecta el manejo de la situación materna,C0015931,Fetal distress affecting management of mother,narrow,P,PrA,12867002,ongoing_pregnancy
OngoingPregnancy4,Ongoing Pregnancy,SCTSPA,13866000,acidosis fetal que afecta el manejo de la madre,C0269790,Fetal acidemia affecting management of mother,narrow,P,PrA,13866000,ongoing_pregnancy
OngoingPregnancy4,Ongoing Pregnancy,SCTSPA,199581000,isoinmunización Rh no especificada,C0035404,Rh Isoimmunization,narrow,P,PrA,199581000,ongoing_pregnancy
OngoingPregnancy4,Ongoing Pregnancy,SCTSPA,199584008,isoinmunización Rh- SAI,C0035404,Rh Isoimmunization,narrow,P,PrA,199584008,ongoing_pregnancy
OngoingPregnancy4,Ongoing Pregnancy,SCTSPA,200520008,[X]otros trastornos placentarios,C0477835,Other placental disorders,narrow,P,PrA,200520008,ongoing_pregnancy
OngoingPregnancy4,Ongoing Pregnancy,SCTSPA,20845005,meconio en líquido amniótico que afecta el manejo de la situación materna,C0269791,Meconium in amniotic fluid affecting management of mother,narrow,P,PrA,20845005,ongoing_pregnancy
OngoingPregnancy4,Ongoing Pregnancy,SCTSPA,22173004,crecimiento fetal excesivo que afecta el manejo de la situación materna,C0157123,Excessive fetal growth affecting management of mother,narrow,P,PrA,22173004,ongoing_pregnancy
OngoingPregnancy4,Ongoing Pregnancy,SCTSPA,22288000,tumor de cuello uterino- que afecta el embarazo,C0269750,Tumor of cervix affecting pregnancy,narrow,P,PrA,22288000,ongoing_pregnancy
OngoingPregnancy4,Ongoing Pregnancy,SCTSPA,23001005,estenosis Y-O estrechez del cuello uterino- que afecta el embarazo,C0269749,Stenosis AND-OR stricture of cervix affecting pregnancy,narrow,P,PrA,23001005,ongoing_pregnancy
OngoingPregnancy4,Ongoing Pregnancy,SCTSPA,237185005,vagina tabicada que afecta la atención obstétrica,C0404672,Septate vagina affecting obstetric care,narrow,P,PrA,237185005,ongoing_pregnancy
OngoingPregnancy4,Ongoing Pregnancy,SCTSPA,3885002,isoinmunización ABO que afecta al embarazo,C0269785,ABO isoimmunization affecting pregnancy,narrow,P,PrA,3885002,ongoing_pregnancy
OngoingPregnancy4,Ongoing Pregnancy,SCTSPA,43651009,estenosis adquirida de vagina que afecta el embarazo,C0269755,Acquired stenosis of vagina affecting pregnancy,narrow,P,PrA,43651009,ongoing_pregnancy
OngoingPregnancy4,Ongoing Pregnancy,SCTSPA,44795003,incompatibilidad Rh que afecta al embarazo,C0035404,Rh Isoimmunization,narrow,P,PrA,44795003,ongoing_pregnancy
OngoingPregnancy4,Ongoing Pregnancy,SCTSPA,50120008,equilibrio acidobásico anormal que afecta el manejo de la situación materna,C0269789,Abnormal acid-base balance affecting management of mother,narrow,P,PrA,50120008,ongoing_pregnancy
OngoingPregnancy4,Ongoing Pregnancy,SCTSPA,62612003,fibrosis del perineo que afecta el embarazo,C0269759,Fibrosis of perineum affecting pregnancy,narrow,P,PrA,62612003,ongoing_pregnancy
OngoingPregnancy4,Ongoing Pregnancy,SCTSPA,66064007,sospecha o certeza de anomalía fetal que afecta el manejo de la madre,C0157063,fetal abnormality affecting care of mother,narrow,P,PrA,66064007,ongoing_pregnancy
OngoingPregnancy4,Ongoing Pregnancy,SCTSPA,76871004,cirugía previa de vagina que afecta el embarazo,C0269752,Previous surgery to vagina affecting pregnancy,narrow,P,PrA,76871004,ongoing_pregnancy
OngoingPregnancy4,Ongoing Pregnancy,SCTSPA,80818002,cirugía previa del perineo Y-O de la vulva que afecta el embarazo,C0269761,Previous surgery to perineum AND-OR vulva affecting pregnancy,narrow,P,PrA,80818002,ongoing_pregnancy
OngoingPregnancy4,Ongoing Pregnancy,SNOMEDCT_US,12867002,Fetal distress affecting management of mother,C0015931,Fetal distress affecting management of mother,narrow,P,PrA,12867002,ongoing_pregnancy
OngoingPregnancy4,Ongoing Pregnancy,SNOMEDCT_US,13866000,Fetal acidemia affecting management of mother,C0269790,Fetal acidemia affecting management of mother,narrow,P,PrA,13866000,ongoing_pregnancy
OngoingPregnancy4,Ongoing Pregnancy,SNOMEDCT_US,156182009,Rhesus isoimmunisation in pregnancy,C0035404,Rh Isoimmunization,narrow,P,PrA,156182009,ongoing_pregnancy
OngoingPregnancy4,Ongoing Pregnancy,SNOMEDCT_US,199495000,Septate vagina affecting obstetric care,C0404672,Septate vagina affecting obstetric care,narrow,P,PrA,199495000,ongoing_pregnancy
OngoingPregnancy4,Ongoing Pregnancy,SNOMEDCT_US,199580004,Rhesus isoimmunisation,C0035404,Rh Isoimmunization,narrow,P,PrA,199580004,ongoing_pregnancy
OngoingPregnancy4,Ongoing Pregnancy,SNOMEDCT_US,199581000,Rhesus isoimmunisation unspecified,C0035404,Rh Isoimmunization,narrow,P,PrA,199581000,ongoing_pregnancy
OngoingPregnancy4,Ongoing Pregnancy,SNOMEDCT_US,199584008,Rhesus isoimmunisation NOS,C0035404,Rh Isoimmunization,narrow,P,PrA,199584008,ongoing_pregnancy
OngoingPregnancy4,Ongoing Pregnancy,SNOMEDCT_US,200520008,[X]Other placental disorders,C0477835,Other placental disorders,narrow,P,PrA,200520008,ongoing_pregnancy
OngoingPregnancy4,Ongoing Pregnancy,SNOMEDCT_US,20845005,Meconium in amniotic fluid affecting management of mother,C0269791,Meconium in amniotic fluid affecting management of mother,narrow,P,PrA,20845005,ongoing_pregnancy
OngoingPregnancy4,Ongoing Pregnancy,SNOMEDCT_US,22173004,Excessive fetal growth affecting management of mother,C0157123,Excessive fetal growth affecting management of mother,narrow,P,PrA,22173004,ongoing_pregnancy
OngoingPregnancy4,Ongoing Pregnancy,SNOMEDCT_US,22288000,Tumor of cervix affecting pregnancy,C0269750,Tumor of cervix affecting pregnancy,narrow,P,PrA,22288000,ongoing_pregnancy
OngoingPregnancy4,Ongoing Pregnancy,SNOMEDCT_US,23001005,Stenosis AND-OR stricture of cervix affecting pregnancy,C0269749,Stenosis AND-OR stricture of cervix affecting pregnancy,narrow,P,PrA,23001005,ongoing_pregnancy
OngoingPregnancy4,Ongoing Pregnancy,SNOMEDCT_US,237185005,Septate vagina affecting obstetric care,C0404672,Septate vagina affecting obstetric care,narrow,P,PrA,237185005,ongoing_pregnancy
OngoingPregnancy4,Ongoing Pregnancy,SNOMEDCT_US,3885002,ABO isoimmunization affecting pregnancy,C0269785,ABO isoimmunization affecting pregnancy,narrow,P,PrA,3885002,ongoing_pregnancy
OngoingPregnancy4,Ongoing Pregnancy,SNOMEDCT_US,43651009,Acquired stenosis of vagina affecting pregnancy,C0269755,Acquired stenosis of vagina affecting pregnancy,narrow,P,PrA,43651009,ongoing_pregnancy
OngoingPregnancy4,Ongoing Pregnancy,SNOMEDCT_US,44795003,Rhesus isoimmunization affecting pregnancy,C0035404,Rh Isoimmunization,narrow,P,PrA,44795003,ongoing_pregnancy
OngoingPregnancy4,Ongoing Pregnancy,SNOMEDCT_US,50120008,Abnormal acid-base balance affecting management of mother,C0269789,Abnormal acid-base balance affecting management of mother,narrow,P,PrA,50120008,ongoing_pregnancy
OngoingPregnancy4,Ongoing Pregnancy,SNOMEDCT_US,62612003,Fibrosis of perineum affecting pregnancy,C0269759,Fibrosis of perineum affecting pregnancy,narrow,P,PrA,62612003,ongoing_pregnancy
OngoingPregnancy4,Ongoing Pregnancy,SNOMEDCT_US,66064007,Known OR suspected fetal abnormality affecting management of mother,C0157063,fetal abnormality affecting care of mother,narrow,P,PrA,66064007,ongoing_pregnancy
OngoingPregnancy4,Ongoing Pregnancy,SNOMEDCT_US,76871004,Previous surgery to vagina affecting pregnancy,C0269752,Previous surgery to vagina affecting pregnancy,narrow,P,PrA,76871004,ongoing_pregnancy
OngoingPregnancy4,Ongoing Pregnancy,SNOMEDCT_US,80818002,Previous surgery to perineum AND-OR vulva affecting pregnancy,C0269761,Previous surgery to perineum AND-OR vulva affecting pregnancy,narrow,P,PrA,80818002,ongoing_pregnancy
OngoingPregnancy5,Ongoing Pregnancy,ICD10,O22,Venous complications in pregnancy,C0495184,Venous complication in pregnancy- unspecified,narrow,P,PrA,O22,ongoing_pregnancy
OngoingPregnancy5,Ongoing Pregnancy,ICD10,O22.0,Varicose veins of lower extremity in pregnancy,"","",narrow,P,PrA,O22.0,ongoing_pregnancy
OngoingPregnancy5,Ongoing Pregnancy,ICD10,O22.00,Varicose veins of lower extremity in pregnancy- unspecified trimester,"","",narrow,P,PrA,O22.00,ongoing_pregnancy
OngoingPregnancy5,Ongoing Pregnancy,ICD10,O22.01,Varicose veins of lower extremity in pregnancy- first trimester,"","",narrow,P,PrA,O22.01,ongoing_pregnancy
OngoingPregnancy5,Ongoing Pregnancy,ICD10,O22.02,Varicose veins of lower extremity in pregnancy- second trimester,"","",narrow,P,PrA,O22.02,ongoing_pregnancy
OngoingPregnancy5,Ongoing Pregnancy,ICD10,O22.03,Varicose veins of lower extremity in pregnancy- third trimester,"","",narrow,P,PrA,O22.03,ongoing_pregnancy
OngoingPregnancy5,Ongoing Pregnancy,ICD10,O22.1,Genital varices in pregnancy,"","",narrow,P,PrA,O22.1,ongoing_pregnancy
OngoingPregnancy5,Ongoing Pregnancy,ICD10,O22.10,Genital varices in pregnancy- unspecified trimester,"","",narrow,P,PrA,O22.10,ongoing_pregnancy
OngoingPregnancy5,Ongoing Pregnancy,ICD10,O22.11,Genital varices in pregnancy- first trimester,"","",narrow,P,PrA,O22.11,ongoing_pregnancy
OngoingPregnancy5,Ongoing Pregnancy,ICD10,O22.12,Genital varices in pregnancy- second trimester,"","",narrow,P,PrA,O22.12,ongoing_pregnancy
OngoingPregnancy5,Ongoing Pregnancy,ICD10,O22.13,Genital varices in pregnancy- third trimester,"","",narrow,P,PrA,O22.13,ongoing_pregnancy
OngoingPregnancy5,Ongoing Pregnancy,ICD10,O22.2,Superficial thrombophlebitis in pregnancy,C0342054,Superficial thrombophlebitis in pregnancy,narrow,P,PrA,O22.2,ongoing_pregnancy
OngoingPregnancy5,Ongoing Pregnancy,ICD10,O22.20,Superficial thrombophlebitis in pregnancy- unspecified trimester,"","",narrow,P,PrA,O22.20,ongoing_pregnancy
OngoingPregnancy5,Ongoing Pregnancy,ICD10,O22.21,Superficial thrombophlebitis in pregnancy- first trimester,"","",narrow,P,PrA,O22.21,ongoing_pregnancy
OngoingPregnancy5,Ongoing Pregnancy,ICD10,O22.22,Superficial thrombophlebitis in pregnancy- second trimester,"","",narrow,P,PrA,O22.22,ongoing_pregnancy
OngoingPregnancy5,Ongoing Pregnancy,ICD10,O22.23,Superficial thrombophlebitis in pregnancy- third trimester,"","",narrow,P,PrA,O22.23,ongoing_pregnancy
OngoingPregnancy5,Ongoing Pregnancy,ICD10,O22.3,Deep phlebothrombosis in pregnancy,C0342044,Antepartum deep vein thrombosis,narrow,P,PrA,O22.3,ongoing_pregnancy
OngoingPregnancy5,Ongoing Pregnancy,ICD10,O22.30,Deep phlebothrombosis in pregnancy- unspecified trimester,"","",narrow,P,PrA,O22.30,ongoing_pregnancy
OngoingPregnancy5,Ongoing Pregnancy,ICD10,O22.31,Deep phlebothrombosis in pregnancy- first trimester,"","",narrow,P,PrA,O22.31,ongoing_pregnancy
OngoingPregnancy5,Ongoing Pregnancy,ICD10,O22.32,Deep phlebothrombosis in pregnancy- second trimester,"","",narrow,P,PrA,O22.32,ongoing_pregnancy
OngoingPregnancy5,Ongoing Pregnancy,ICD10,O22.33,Deep phlebothrombosis in pregnancy- third trimester,"","",narrow,P,PrA,O22.33,ongoing_pregnancy
OngoingPregnancy5,Ongoing Pregnancy,ICD10,O22.4,Haemorrhoids in pregnancy - Hemorrhoids in pregnancy,"","",narrow,P,PrA,O22.4,ongoing_pregnancy
OngoingPregnancy5,Ongoing Pregnancy,ICD10,O22.40,Hemorrhoids in pregnancy- unspecified trimester,"","",narrow,P,PrA,O22.40,ongoing_pregnancy
OngoingPregnancy5,Ongoing Pregnancy,ICD10,O22.41,Hemorrhoids in pregnancy- first trimester,"","",narrow,P,PrA,O22.41,ongoing_pregnancy
OngoingPregnancy5,Ongoing Pregnancy,ICD10,O22.42,Hemorrhoids in pregnancy- second trimester,"","",narrow,P,PrA,O22.42,ongoing_pregnancy
OngoingPregnancy5,Ongoing Pregnancy,ICD10,O22.43,Hemorrhoids in pregnancy- third trimester,"","",narrow,P,PrA,O22.43,ongoing_pregnancy
OngoingPregnancy5,Ongoing Pregnancy,ICD10,O22.5,Cerebral venous thrombosis in pregnancy,"","",narrow,P,PrA,O22.5,ongoing_pregnancy
OngoingPregnancy5,Ongoing Pregnancy,ICD10,O22.50,Cerebral venous thrombosis in pregnancy- unspecified trimester,"","",narrow,P,PrA,O22.50,ongoing_pregnancy
OngoingPregnancy5,Ongoing Pregnancy,ICD10,O22.51,Cerebral venous thrombosis in pregnancy- first trimester,"","",narrow,P,PrA,O22.51,ongoing_pregnancy
OngoingPregnancy5,Ongoing Pregnancy,ICD10,O22.52,Cerebral venous thrombosis in pregnancy- second trimester,"","",narrow,P,PrA,O22.52,ongoing_pregnancy
OngoingPregnancy5,Ongoing Pregnancy,ICD10,O22.53,Cerebral venous thrombosis in pregnancy- third trimester,"","",narrow,P,PrA,O22.53,ongoing_pregnancy
OngoingPregnancy5,Ongoing Pregnancy,ICD10,O22.8,Other venous complications in pregnancy,C0477814,Other venous complications in pregnancy,narrow,P,PrA,O22.8,ongoing_pregnancy
OngoingPregnancy5,Ongoing Pregnancy,ICD10,O22.8X,Other venous complications in pregnancy,"","",narrow,P,PrA,O22.8X,ongoing_pregnancy
OngoingPregnancy5,Ongoing Pregnancy,ICD10,O22.9,Venous complication in pregnancy- unspecified,C0495184,Venous complication in pregnancy- unspecified,narrow,P,PrA,O22.9,ongoing_pregnancy
OngoingPregnancy5,Ongoing Pregnancy,ICD10,O22.90,Venous complication in pregnancy- unspecified- unspecified trimester,"","",narrow,P,PrA,O22.90,ongoing_pregnancy
OngoingPregnancy5,Ongoing Pregnancy,ICD10,O22.91,Venous complication in pregnancy- unspecified- first trimester,"","",narrow,P,PrA,O22.91,ongoing_pregnancy
OngoingPregnancy5,Ongoing Pregnancy,ICD10,O22.92,Venous complication in pregnancy- unspecified- second trimester,"","",narrow,P,PrA,O22.92,ongoing_pregnancy
OngoingPregnancy5,Ongoing Pregnancy,ICD10,O22.93,Venous complication in pregnancy- unspecified- third trimester,"","",narrow,P,PrA,O22.93,ongoing_pregnancy
OngoingPregnancy5,Ongoing Pregnancy,ICD10,O26.5,Maternal hypotension syndrome,C0341966,Maternal hypotension syndrome,narrow,P,PrA,O26.5,ongoing_pregnancy
OngoingPregnancy5,Ongoing Pregnancy,ICD10,O26.50,Maternal hypotension syndrome- unspecified trimester,"","",narrow,P,PrA,O26.50,ongoing_pregnancy
OngoingPregnancy5,Ongoing Pregnancy,ICD10,O26.51,Maternal hypotension syndrome- first trimester,"","",narrow,P,PrA,O26.51,ongoing_pregnancy
OngoingPregnancy5,Ongoing Pregnancy,ICD10,O26.52,Maternal hypotension syndrome- second trimester,"","",narrow,P,PrA,O26.52,ongoing_pregnancy
OngoingPregnancy5,Ongoing Pregnancy,ICD10,O26.53,Maternal hypotension syndrome- third trimester,"","",narrow,P,PrA,O26.53,ongoing_pregnancy
OngoingPregnancy5,Ongoing Pregnancy,ICD10,O40,Polyhydramnios,C0020224,Polyhydramnios,narrow,P,PrA,O40,ongoing_pregnancy
OngoingPregnancy5,Ongoing Pregnancy,ICD10,O40.1,Polyhydramnios- first trimester,"","",narrow,P,PrA,O40.1,ongoing_pregnancy
OngoingPregnancy5,Ongoing Pregnancy,ICD10,O40.2,Polyhydramnios- second trimester,"","",narrow,P,PrA,O40.2,ongoing_pregnancy
OngoingPregnancy5,Ongoing Pregnancy,ICD10,O40.3,Polyhydramnios- third trimester,"","",narrow,P,PrA,O40.3,ongoing_pregnancy
OngoingPregnancy5,Ongoing Pregnancy,ICD10,O40.9,Polyhydramnios- unspecified trimester,"","",narrow,P,PrA,O40.9,ongoing_pregnancy
OngoingPregnancy5,Ongoing Pregnancy,ICD10,O41.0,Oligohydramnios,C0079924,Oligohydramnios,narrow,P,PrA,O41.0,ongoing_pregnancy
OngoingPregnancy5,Ongoing Pregnancy,ICD10,O41.00,Oligohydramnios- unspecified trimester,C0079924,Oligohydramnios,narrow,P,PrA,O41.00,ongoing_pregnancy
OngoingPregnancy5,Ongoing Pregnancy,ICD10,O41.01,Oligohydramnios- first trimester,"","",narrow,P,PrA,O41.01,ongoing_pregnancy
OngoingPregnancy5,Ongoing Pregnancy,ICD10,O41.02,Oligohydramnios- second trimester,"","",narrow,P,PrA,O41.02,ongoing_pregnancy
OngoingPregnancy5,Ongoing Pregnancy,ICD10,O41.03,Oligohydramnios- third trimester,"","",narrow,P,PrA,O41.03,ongoing_pregnancy
OngoingPregnancy5,Ongoing Pregnancy,ICD10,O75.4,Other complications of obstetric surgery and procedures,C0157465,Other complications of obstetric surgery and procedures,narrow,P,PrA,O75.4,ongoing_pregnancy
OngoingPregnancy5,Ongoing Pregnancy,ICD10CM,O22.2,Superficial thrombophlebitis in pregnancy,C0342054,Superficial thrombophlebitis in pregnancy,narrow,P,PrA,O22.2,ongoing_pregnancy
OngoingPregnancy5,Ongoing Pregnancy,ICD10CM,O22.20,Superficial thrombophlebitis in pregnancy- unspecified trimester,C0342054,Superficial thrombophlebitis in pregnancy,narrow,P,PrA,O22.20,ongoing_pregnancy
OngoingPregnancy5,Ongoing Pregnancy,ICD10CM,O22.21,Superficial thrombophlebitis in pregnancy- first trimester,"","",narrow,P,PrA,O22.21,ongoing_pregnancy
OngoingPregnancy5,Ongoing Pregnancy,ICD10CM,O22.22,Superficial thrombophlebitis in pregnancy- second trimester,"","",narrow,P,PrA,O22.22,ongoing_pregnancy
OngoingPregnancy5,Ongoing Pregnancy,ICD10CM,O22.23,Superficial thrombophlebitis in pregnancy- third trimester,"","",narrow,P,PrA,O22.23,ongoing_pregnancy
OngoingPregnancy5,Ongoing Pregnancy,ICD10CM,O22.3,Deep phlebothrombosis in pregnancy,C0342044,Antepartum deep vein thrombosis,narrow,P,PrA,O22.3,ongoing_pregnancy
OngoingPregnancy5,Ongoing Pregnancy,ICD10CM,O22.30,Deep phlebothrombosis in pregnancy- unspecified trimester,"","",narrow,P,PrA,O22.30,ongoing_pregnancy
OngoingPregnancy5,Ongoing Pregnancy,ICD10CM,O22.31,Deep phlebothrombosis in pregnancy- first trimester,"","",narrow,P,PrA,O22.31,ongoing_pregnancy
OngoingPregnancy5,Ongoing Pregnancy,ICD10CM,O22.32,Deep phlebothrombosis in pregnancy- second trimester,"","",narrow,P,PrA,O22.32,ongoing_pregnancy
OngoingPregnancy5,Ongoing Pregnancy,ICD10CM,O22.33,Deep phlebothrombosis in pregnancy- third trimester,"","",narrow,P,PrA,O22.33,ongoing_pregnancy
OngoingPregnancy5,Ongoing Pregnancy,ICD10CM,O22.8,Other venous complications in pregnancy,C0477814,Other venous complications in pregnancy,narrow,P,PrA,O22.8,ongoing_pregnancy
OngoingPregnancy5,Ongoing Pregnancy,ICD10CM,O22.8X,Other venous complications in pregnancy,C0477814,Other venous complications in pregnancy,narrow,P,PrA,O22.8X,ongoing_pregnancy
OngoingPregnancy5,Ongoing Pregnancy,ICD10CM,O22.9,Venous complication in pregnancy- unspecified,C0495184,Venous complication in pregnancy- unspecified,narrow,P,PrA,O22.9,ongoing_pregnancy
OngoingPregnancy5,Ongoing Pregnancy,ICD10CM,O22.90,Venous complication in pregnancy- unspecified- unspecified trimester,"","",narrow,P,PrA,O22.90,ongoing_pregnancy
OngoingPregnancy5,Ongoing Pregnancy,ICD10CM,O22.91,Venous complication in pregnancy- unspecified- first trimester,"","",narrow,P,PrA,O22.91,ongoing_pregnancy
OngoingPregnancy5,Ongoing Pregnancy,ICD10CM,O22.92,Venous complication in pregnancy- unspecified- second trimester,"","",narrow,P,PrA,O22.92,ongoing_pregnancy
OngoingPregnancy5,Ongoing Pregnancy,ICD10CM,O22.93,Venous complication in pregnancy- unspecified- third trimester,"","",narrow,P,PrA,O22.93,ongoing_pregnancy
OngoingPregnancy5,Ongoing Pregnancy,ICD10CM,O26.5,Maternal hypotension syndrome,C0341966,Maternal hypotension syndrome,narrow,P,PrA,O26.5,ongoing_pregnancy
OngoingPregnancy5,Ongoing Pregnancy,ICD10CM,O26.50,Maternal hypotension syndrome- unspecified trimester,C0341966,Maternal hypotension syndrome,narrow,P,PrA,O26.50,ongoing_pregnancy
OngoingPregnancy5,Ongoing Pregnancy,ICD10CM,O26.51,Maternal hypotension syndrome- first trimester,"","",narrow,P,PrA,O26.51,ongoing_pregnancy
OngoingPregnancy5,Ongoing Pregnancy,ICD10CM,O26.52,Maternal hypotension syndrome- second trimester,"","",narrow,P,PrA,O26.52,ongoing_pregnancy
OngoingPregnancy5,Ongoing Pregnancy,ICD10CM,O26.53,Maternal hypotension syndrome- third trimester,"","",narrow,P,PrA,O26.53,ongoing_pregnancy
OngoingPregnancy5,Ongoing Pregnancy,ICD10CM,O40,hydramnios,C0020224,Polyhydramnios,narrow,P,PrA,O40,ongoing_pregnancy
OngoingPregnancy5,Ongoing Pregnancy,ICD10CM,O40.1,Polyhydramnios- first trimester,"","",narrow,P,PrA,O40.1,ongoing_pregnancy
OngoingPregnancy5,Ongoing Pregnancy,ICD10CM,O40.2,Polyhydramnios- second trimester,"","",narrow,P,PrA,O40.2,ongoing_pregnancy
OngoingPregnancy5,Ongoing Pregnancy,ICD10CM,O40.3,Polyhydramnios- third trimester,"","",narrow,P,PrA,O40.3,ongoing_pregnancy
OngoingPregnancy5,Ongoing Pregnancy,ICD10CM,O40.9,Polyhydramnios- unspecified trimester,"","",narrow,P,PrA,O40.9,ongoing_pregnancy
OngoingPregnancy5,Ongoing Pregnancy,ICD10CM,O41.0,Oligohydramnios,C0079924,Oligohydramnios,narrow,P,PrA,O41.0,ongoing_pregnancy
OngoingPregnancy5,Ongoing Pregnancy,ICD10CM,O41.00,Oligohydramnios- unspecified trimester,C0079924,Oligohydramnios,narrow,P,PrA,O41.00,ongoing_pregnancy
OngoingPregnancy5,Ongoing Pregnancy,ICD10CM,O41.01,Oligohydramnios- first trimester,"","",narrow,P,PrA,O41.01,ongoing_pregnancy
OngoingPregnancy5,Ongoing Pregnancy,ICD10CM,O41.02,Oligohydramnios- second trimester,"","",narrow,P,PrA,O41.02,ongoing_pregnancy
OngoingPregnancy5,Ongoing Pregnancy,ICD10CM,O41.03,Oligohydramnios- third trimester,"","",narrow,P,PrA,O41.03,ongoing_pregnancy
OngoingPregnancy5,Ongoing Pregnancy,ICD10CM,O41.12,Chorioamnionitis,C0008495,Chorioamnionitis,narrow,P,PrA,O41.12,ongoing_pregnancy
OngoingPregnancy5,Ongoing Pregnancy,ICD10CM,O41.1290,Chorioamnionitis- unspecified trimester- not applicable or unspecified,C0008495,Chorioamnionitis,narrow,P,PrA,O41.1290,ongoing_pregnancy
OngoingPregnancy5,Ongoing Pregnancy,ICD10CM,O41.14,Placentitis,C0032059,Placentitis (disorder),narrow,P,PrA,O41.14,ongoing_pregnancy
OngoingPregnancy5,Ongoing Pregnancy,ICD10CM,O41.149,Placentitis- unspecified trimester,C0032059,Placentitis (disorder),narrow,P,PrA,O41.149,ongoing_pregnancy
OngoingPregnancy5,Ongoing Pregnancy,ICD10CM,O41.1490,Placentitis- unspecified trimester- not applicable or unspecified,C0032059,Placentitis (disorder),narrow,P,PrA,O41.1490,ongoing_pregnancy
OngoingPregnancy5,Ongoing Pregnancy,ICD10CM,O75.4,Other complications of obstetric surgery and procedures,C0157465,Other complications of obstetric surgery and procedures,narrow,P,PrA,O75.4,ongoing_pregnancy
OngoingPregnancy5,Ongoing Pregnancy,ICD10CM,O90.89,Placental polyp,C0152437,Placental polyp,narrow,P,PrA,O90.89,ongoing_pregnancy
OngoingPregnancy5,Ongoing Pregnancy,ICD10CM,O91.11,Gestational mammary abscess,C0741646,Abscess of breast- antepartum,narrow,P,PrA,O91.11,ongoing_pregnancy
OngoingPregnancy5,Ongoing Pregnancy,ICD9CM,657,Polyhydramnios,C0020224,Polyhydramnios,narrow,P,PrA,657,ongoing_pregnancy
OngoingPregnancy5,Ongoing Pregnancy,ICD9CM,657.0,Polyhydramnios,C0020224,Polyhydramnios,narrow,P,PrA,657.0,ongoing_pregnancy
OngoingPregnancy5,Ongoing Pregnancy,ICD9CM,657.00,Polyhydramnios- unspecified as to episode of care or not applicable,C1812620,Polyhydramnios- unspecified as to episode of care or not applicable,narrow,P,PrA,657.00,ongoing_pregnancy
OngoingPregnancy5,Ongoing Pregnancy,ICD9CM,657.03,Polyhydramnios- antepartum condition or complication,C0375436,polyhydramnios as antepartum condition,narrow,P,PrA,657.03,ongoing_pregnancy
OngoingPregnancy5,Ongoing Pregnancy,ICD9CM,658,Other problems associated with amniotic cavity and membranes,C0029715,Other problems associated with amniotic cavity and membranes,narrow,P,PrA,658,ongoing_pregnancy
OngoingPregnancy5,Ongoing Pregnancy,ICD9CM,658.0,Oligohydramnios,C0079924,Oligohydramnios,narrow,P,PrA,658.0,ongoing_pregnancy
OngoingPregnancy5,Ongoing Pregnancy,ICD9CM,658.00,Oligohydramnios- unspecified as to episode of care or not applicable,C0157141,Oligohydramnios- unspecified as to episode of care,narrow,P,PrA,658.00,ongoing_pregnancy
OngoingPregnancy5,Ongoing Pregnancy,ICD9CM,658.03,Oligohydramnios- antepartum condition or complication,C0157143,Oligohydramnios- antepartum,narrow,P,PrA,658.03,ongoing_pregnancy
OngoingPregnancy5,Ongoing Pregnancy,ICD9CM,658.13,Premature rupture of membranes- antepartum condition or complication,"","",narrow,P,PrA,658.13,ongoing_pregnancy
OngoingPregnancy5,Ongoing Pregnancy,ICD9CM,658.4,Infection of amniotic cavity,C0002631,Infection of amniotic cavity,narrow,P,PrA,658.4,ongoing_pregnancy
OngoingPregnancy5,Ongoing Pregnancy,ICD9CM,658.40,Infection of amniotic cavity- unspecified as to episode of care or not applicable,C0002631,Infection of amniotic cavity,narrow,P,PrA,658.40,ongoing_pregnancy
OngoingPregnancy5,Ongoing Pregnancy,ICD9CM,658.43,Infection of amniotic cavity- antepartum condition or complication,C0157158,Infection of amniotic cavity- antepartum,narrow,P,PrA,658.43,ongoing_pregnancy
OngoingPregnancy5,Ongoing Pregnancy,ICD9CM,658.8,Other problems associated with amniotic cavity and membranes,C0029715,Other problems associated with amniotic cavity and membranes,narrow,P,PrA,658.8,ongoing_pregnancy
OngoingPregnancy5,Ongoing Pregnancy,ICD9CM,658.80,Other problems associated with amniotic cavity and membranes- unspecified as to episode of care or not applicable,C0157159,Other problems associated with amniotic cavity and membranes- unspecified as to episode of care or not applicable,narrow,P,PrA,658.80,ongoing_pregnancy
OngoingPregnancy5,Ongoing Pregnancy,ICD9CM,658.83,Other problems associated with amniotic cavity and membranes- antepartum,C0157161,Other problems associated with amniotic cavity and membranes- antepartum,narrow,P,PrA,658.83,ongoing_pregnancy
OngoingPregnancy5,Ongoing Pregnancy,ICD9CM,658.9,Unspecified problem associated with amniotic cavity and membranes,C0405034,Disorder of amniotic cavity AND-OR membrane,narrow,P,PrA,658.9,ongoing_pregnancy
OngoingPregnancy5,Ongoing Pregnancy,ICD9CM,658.90,Unspecified problem associated with amniotic cavity and membranes- unspecified as to episode of care or not applicable,C0405037,Amniotic cavity and membrane problem,narrow,P,PrA,658.90,ongoing_pregnancy
OngoingPregnancy5,Ongoing Pregnancy,ICD9CM,658.93,Unspecified problem associated with amniotic cavity and membranes- antepartum condition or complication,C0157165,Unspecified problem associated with amniotic cavity and membranes- antepartum condition or complication,narrow,P,PrA,658.93,ongoing_pregnancy
OngoingPregnancy5,Ongoing Pregnancy,ICD9CM,659.23,Maternal pyrexia during labor- unspecified- antepartum condition or complication,C0157178,Unspecified type maternal pyrexia- antepartum,narrow,P,PrA,659.23,ongoing_pregnancy
OngoingPregnancy5,Ongoing Pregnancy,ICD9CM,659.4,Grand multiparity- with current pregnancy,C0157183,Grand multiparity- with current pregnancy,narrow,P,PrA,659.4,ongoing_pregnancy
OngoingPregnancy5,Ongoing Pregnancy,ICD9CM,659.40,Grand multiparity- unspecified as to episode of care or not applicable,C0157184,Grand multiparity- unspecified as to episode of care or not applicable,narrow,P,PrA,659.40,ongoing_pregnancy
OngoingPregnancy5,Ongoing Pregnancy,ICD9CM,659.43,Grand multiparity- antepartum condition or complication,C0157186,Grand multiparity- antepartum condition or complication,narrow,P,PrA,659.43,ongoing_pregnancy
OngoingPregnancy5,Ongoing Pregnancy,ICD9CM,659.5,Elderly primigravida,C0157187,Elderly primigravida,narrow,P,PrA,659.5,ongoing_pregnancy
OngoingPregnancy5,Ongoing Pregnancy,ICD9CM,659.5,Elderly primigravida- unspecified as to episode of care or not applicable,"","",narrow,P,PrA,659.5,ongoing_pregnancy
OngoingPregnancy5,Ongoing Pregnancy,ICD9CM,659.53,Elderly primigravida- antepartum condition or complication,"","",narrow,P,PrA,659.53,ongoing_pregnancy
OngoingPregnancy5,Ongoing Pregnancy,ICD9CM,659.7,Abnormality in fetal heart rate or rhythm,C0695245,Abnormality in fetal heart rate or rhythm,narrow,P,PrA,659.7,ongoing_pregnancy
OngoingPregnancy5,Ongoing Pregnancy,ICD9CM,659.70,Abnormality in fetal heart rate or rhythm- unspecified as to episode of care or not applicable,C0695246,Abnormality in fetal heart rate or rhythm- unspecified as to episode of care or not applicable,narrow,P,PrA,659.70,ongoing_pregnancy
OngoingPregnancy5,Ongoing Pregnancy,ICD9CM,659.73,Abnormality in fetal heart rate or rhythm- antepartum condition or complication,C0695248,Abnormality in fetal heart rate or rhythm- antepartum condition or complication,narrow,P,PrA,659.73,ongoing_pregnancy
OngoingPregnancy5,Ongoing Pregnancy,ICD9CM,660.33,Deep transverse arrest and persistent occipitoposterior position- antepartum condition or complication,C0157214,Deep transverse arrest and persistent occipitoposterior position- antepartum condition or complication,narrow,P,PrA,660.33,ongoing_pregnancy
OngoingPregnancy5,Ongoing Pregnancy,ICD9CM,660.43,Shoulder (girdle) dystocia- antepartum condition or complication,C0157218,Shoulder (girdle) dystocia- antepartum,narrow,P,PrA,660.43,ongoing_pregnancy
OngoingPregnancy5,Ongoing Pregnancy,ICD9CM,660.53,Locked twins- antepartum condition or complication,C0157222,Locked twins- antepartum,narrow,P,PrA,660.53,ongoing_pregnancy
OngoingPregnancy5,Ongoing Pregnancy,ICD9CM,665.83,Other specified obstetrical trauma- antepartum condition or complication,C0157383,Other specified obstetrical trauma- antepartum condition or complication,narrow,P,PrA,665.83,ongoing_pregnancy
OngoingPregnancy5,Ongoing Pregnancy,ICD9CM,665.93,Unspecified obstetrical trauma- antepartum condition or complication,C0157389,Unspecified obstetrical trauma- antepartum,narrow,P,PrA,665.93,ongoing_pregnancy
OngoingPregnancy5,Ongoing Pregnancy,ICD9CM,669.2,Maternal hypotension syndrome,C0341966,Maternal hypotension syndrome,narrow,P,PrA,669.2,ongoing_pregnancy
OngoingPregnancy5,Ongoing Pregnancy,ICD9CM,669.20,Maternal hypotension syndrome- unspecified as to episode of care or not applicable,C0157456,Maternal hypotension syndrome- unspecified as to episode of care or not applicable,narrow,P,PrA,669.20,ongoing_pregnancy
OngoingPregnancy5,Ongoing Pregnancy,ICD9CM,669.23,Maternal hypotension syndrome- antepartum condition or complication,"","",narrow,P,PrA,669.23,ongoing_pregnancy
OngoingPregnancy5,Ongoing Pregnancy,ICD9CM,669.4,Other complications of obstetrical surgery and procedures,C0157465,Other complications of obstetric surgery and procedures,narrow,P,PrA,669.4,ongoing_pregnancy
OngoingPregnancy5,Ongoing Pregnancy,ICD9CM,669.40,Other complications of obstetrical surgery and procedures- unspecified as to episode of care or not applicable,C0157466,Other complications of obstetrical surgery and procedures- unspecified as to episode of care or not applicable,narrow,P,PrA,669.40,ongoing_pregnancy
OngoingPregnancy5,Ongoing Pregnancy,ICD9CM,669.43,Other complications of obstetrical surgery and procedures- antepartum condition or complication,C0375475,Other complications of obstetrical surgery and procedures- antepartum condition or complication,narrow,P,PrA,669.43,ongoing_pregnancy
OngoingPregnancy5,Ongoing Pregnancy,ICD9CM,671.03,Varicose veins of legs complicating pregnancy and the puerperium- antepartum condition or complication,C0157498,Varicose veins of legs in pregnancy,narrow,P,PrA,671.03,ongoing_pregnancy
OngoingPregnancy5,Ongoing Pregnancy,ICD9CM,671.23,Superficial thrombophlebitis complicating pregnancy and the puerperium- antepartum condition or complication,C0342054,Superficial thrombophlebitis in pregnancy,narrow,P,PrA,671.23,ongoing_pregnancy
OngoingPregnancy5,Ongoing Pregnancy,ICD9CM,671.3,Deep phlebothrombosis- antepartum,C0342044,Antepartum deep vein thrombosis,narrow,P,PrA,671.3,ongoing_pregnancy
OngoingPregnancy5,Ongoing Pregnancy,ICD9CM,671.30,Deep phlebothrombosis- antepartum- unspecified as to episode of care or not applicable,C0342044,Antepartum deep vein thrombosis,narrow,P,PrA,671.30,ongoing_pregnancy
OngoingPregnancy5,Ongoing Pregnancy,ICD9CM,671.33,Deep phlebothrombosis- antepartum- antepartum condition or complication,C0342044,Antepartum deep vein thrombosis,narrow,P,PrA,671.33,ongoing_pregnancy
OngoingPregnancy5,Ongoing Pregnancy,ICD9CM,671.8,Other venous complications in pregnancy and the puerperium,C0157524,Venous complications in pregnancy and the puerperium- other,narrow,P,PrA,671.8,ongoing_pregnancy
OngoingPregnancy5,Ongoing Pregnancy,ICD9CM,671.80,Other venous complications of pregnancy and the puerperium- unspecified as to episode of care or not applicable,C0157525,Other venous complications of pregnancy and the puerperium- unspecified as to episode of care or not applicable,narrow,P,PrA,671.80,ongoing_pregnancy
OngoingPregnancy5,Ongoing Pregnancy,ICD9CM,671.83,Other venous complications of pregnancy and the puerperium- antepartum condition or complication,C0477814,Other venous complications in pregnancy,narrow,P,PrA,671.83,ongoing_pregnancy
OngoingPregnancy5,Ongoing Pregnancy,ICD9CM,671.93,Unspecified venous complication of pregnancy and the puerperium- antepartum condition or complication,C0495184,Venous complication in pregnancy- unspecified,narrow,P,PrA,671.93,ongoing_pregnancy
OngoingPregnancy5,Ongoing Pregnancy,ICD9CM,673.8,Other obstetrical pulmonary embolism,C0157564,Other obstetrical pulmonary embolism,narrow,P,PrA,673.8,ongoing_pregnancy
OngoingPregnancy5,Ongoing Pregnancy,ICD9CM,673.80,Other obstetrical pulmonary embolism- unspecified as to episode of care or not applicable,C0157565,Other obstetrical pulmonary embolism- unspecified as to episode of care or not applicable,narrow,P,PrA,673.80,ongoing_pregnancy
OngoingPregnancy5,Ongoing Pregnancy,ICD9CM,673.83,Other obstetrical pulmonary embolism- antepartum condition or complication,"","",narrow,P,PrA,673.83,ongoing_pregnancy
OngoingPregnancy5,Ongoing Pregnancy,ICD9CM,674.03,Cerebrovascular disorders in the puerperium- antepartum condition or complication,C0157575,Cerebrovascular disorders- antepartum,narrow,P,PrA,674.03,ongoing_pregnancy
OngoingPregnancy5,Ongoing Pregnancy,ICD9CM,674.4,Placental polyp,C0152437,Placental polyp,narrow,P,PrA,674.4,ongoing_pregnancy
OngoingPregnancy5,Ongoing Pregnancy,ICD9CM,674.40,Placental polyp- unspecified as to episode of care or not applicable,C0157589,Placental polyp- unspecified as to episode of care or not applicable,narrow,P,PrA,674.40,ongoing_pregnancy
OngoingPregnancy5,Ongoing Pregnancy,ICD9CM,675.13,Abscess of breast associated with childbirth- antepartum condition or complication,C0741646,Abscess of breast- antepartum,narrow,P,PrA,675.13,ongoing_pregnancy
OngoingPregnancy5,Ongoing Pregnancy,ICD9CM,675.23,Nonpurulent mastitis associated with childbirth- antepartum condition or complication,C1112795,Non-purulent mastitis- antepartum,narrow,P,PrA,675.23,ongoing_pregnancy
OngoingPregnancy5,Ongoing Pregnancy,ICD9CM,678,Other fetal conditions,C2349601,Other fetal conditions,narrow,P,PrA,678,ongoing_pregnancy
OngoingPregnancy5,Ongoing Pregnancy,ICD9CM,678.0,Fetal hematologic conditions,C2349594,fetal hematologic condition,narrow,P,PrA,678.0,ongoing_pregnancy
OngoingPregnancy5,Ongoing Pregnancy,ICD9CM,678.00,Fetal hematologic conditions- unspecified as to episode of care or not applicable,C2349591,Fetal hematologic conditions- unspecified as to episode of care or not applicable,narrow,P,PrA,678.00,ongoing_pregnancy
OngoingPregnancy5,Ongoing Pregnancy,ICD9CM,678.03,Fetal hematologic conditions- antepartum condition or complication,C2349593,Fetal hematologic conditions- antepartum condition or complication,narrow,P,PrA,678.03,ongoing_pregnancy
OngoingPregnancy5,Ongoing Pregnancy,ICD9CM,678.1,Fetal conjoined twins,"","",narrow,P,PrA,678.1,ongoing_pregnancy
OngoingPregnancy5,Ongoing Pregnancy,ICD9CM,678.1,Fetal conjoined twins- unspecified as to episode of care or not applicable,"","",narrow,P,PrA,678.1,ongoing_pregnancy
OngoingPregnancy5,Ongoing Pregnancy,ICD9CM,678.13,Fetal conjoined twins- antepartum condition or complication,"","",narrow,P,PrA,678.13,ongoing_pregnancy
OngoingPregnancy5,Ongoing Pregnancy,ICD9CM,679,Complications of in utero procedures,C2349615,complication of in utero procedure,narrow,P,PrA,679,ongoing_pregnancy
OngoingPregnancy5,Ongoing Pregnancy,ICD9CM,679.0,Maternal complications from in utero procedure,C2349607,Maternal complications from in utero procedure,narrow,P,PrA,679.0,ongoing_pregnancy
OngoingPregnancy5,Ongoing Pregnancy,ICD9CM,679.00,Maternal complications from in utero procedure- unspecified as to episode of care or not applicable,C2349602,Maternal complications from in utero procedure- unspecified as to episode of care or not applicable,narrow,P,PrA,679.00,ongoing_pregnancy
OngoingPregnancy5,Ongoing Pregnancy,ICD9CM,679.03,Maternal complications from in utero procedure- antepartum condition or complication,C2349605,Maternal complications from in utero procedure- antepartum condition or complication,narrow,P,PrA,679.03,ongoing_pregnancy
OngoingPregnancy5,Ongoing Pregnancy,ICD9CM,679.1,Fetal complications from in utero procedure,C2349613,Fetal complications from in utero procedure,narrow,P,PrA,679.1,ongoing_pregnancy
OngoingPregnancy5,Ongoing Pregnancy,ICD9CM,679.10,Fetal complications from in utero procedure- unspecified as to episode of care or not applicable,C2349608,Fetal complications from in utero procedure- unspecified as to episode of care or not applicable,narrow,P,PrA,679.10,ongoing_pregnancy
OngoingPregnancy5,Ongoing Pregnancy,ICD9CM,679.13,Fetal complications from in utero procedure- antepartum condition or complication,C2349611,Fetal complications from in utero procedure- antepartum condition or complication,narrow,P,PrA,679.13,ongoing_pregnancy
OngoingPregnancy5,Ongoing Pregnancy,ICPC2P,W84016,Hydramnios,C0020224,Polyhydramnios,narrow,P,PrA,W84016,ongoing_pregnancy
OngoingPregnancy5,Ongoing Pregnancy,ICPC2P,W84017,Primigravida-elderly,C0157187,Elderly primigravida,narrow,P,PrA,W84017,ongoing_pregnancy
OngoingPregnancy5,Ongoing Pregnancy,MTHICD9,657,Hydramnios,C0020224,Polyhydramnios,narrow,P,PrA,657,ongoing_pregnancy
OngoingPregnancy5,Ongoing Pregnancy,MTHICD9,658.00,Oligohydramnios- unspecified as to episode of care,C0157141,Oligohydramnios- unspecified as to episode of care,narrow,P,PrA,658.00,ongoing_pregnancy
OngoingPregnancy5,Ongoing Pregnancy,MTHICD9,658.03,Oligohydramnios- antepartum,C0157143,Oligohydramnios- antepartum,narrow,P,PrA,658.03,ongoing_pregnancy
OngoingPregnancy5,Ongoing Pregnancy,MTHICD9,658.4,Amnionitis,C0002631,Infection of amniotic cavity,narrow,P,PrA,658.4,ongoing_pregnancy
OngoingPregnancy5,Ongoing Pregnancy,MTHICD9,658.40,Infection of amniotic cavity- unspecified as to episode of care,C0002631,Infection of amniotic cavity,narrow,P,PrA,658.40,ongoing_pregnancy
OngoingPregnancy5,Ongoing Pregnancy,MTHICD9,658.43,Infection of amniotic cavity- antepartum,C0157158,Infection of amniotic cavity- antepartum,narrow,P,PrA,658.43,ongoing_pregnancy
OngoingPregnancy5,Ongoing Pregnancy,MTHICD9,658.8,Amnion nodosum,C0269802,Amnion nodosum,narrow,P,PrA,658.8,ongoing_pregnancy
OngoingPregnancy5,Ongoing Pregnancy,MTHICD9,658.80,Other problems associated with amniotic cavity and membranes- unspecified as to episode of care,C0157159,Other problems associated with amniotic cavity and membranes- unspecified as to episode of care or not applicable,narrow,P,PrA,658.80,ongoing_pregnancy
OngoingPregnancy5,Ongoing Pregnancy,MTHICD9,658.90,Unspecified problem associated with amniotic cavity and membranes- unspecified as to episode of care,C0405037,Amniotic cavity and membrane problem,narrow,P,PrA,658.90,ongoing_pregnancy
OngoingPregnancy5,Ongoing Pregnancy,MTHICD9,658.93,Unspecified problem associated with amniotic cavity and membranes- antepartum,C0157165,Unspecified problem associated with amniotic cavity and membranes- antepartum condition or complication,narrow,P,PrA,658.93,ongoing_pregnancy
OngoingPregnancy5,Ongoing Pregnancy,MTHICD9,659.23,Unspecified type maternal pyrexia- antepartum,C0157178,Unspecified type maternal pyrexia- antepartum,narrow,P,PrA,659.23,ongoing_pregnancy
OngoingPregnancy5,Ongoing Pregnancy,MTHICD9,659.4,Grand multiparity with current pregnancy,C0157183,Grand multiparity- with current pregnancy,narrow,P,PrA,659.4,ongoing_pregnancy
OngoingPregnancy5,Ongoing Pregnancy,MTHICD9,659.40,Grand multiparity with current pregnancy- unspecified as to episode of care,C0157184,Grand multiparity- unspecified as to episode of care or not applicable,narrow,P,PrA,659.40,ongoing_pregnancy
OngoingPregnancy5,Ongoing Pregnancy,MTHICD9,659.43,Grand multiparity with current pregnancy- antepartum,C0157186,Grand multiparity- antepartum condition or complication,narrow,P,PrA,659.43,ongoing_pregnancy
OngoingPregnancy5,Ongoing Pregnancy,MTHICD9,659.5,First pregnancy in a woman who will be 35 years of age or older at expected date of delivery,C0157187,Elderly primigravida,narrow,P,PrA,659.5,ongoing_pregnancy
OngoingPregnancy5,Ongoing Pregnancy,MTHICD9,659.6,Second or more pregnancy in a woman who will be 35 years of age or older at expected date of delivery,C0866392,Second or more pregnancy in a woman who will be 35 years of age or older at expected date of delivery,narrow,P,PrA,659.6,ongoing_pregnancy
OngoingPregnancy5,Ongoing Pregnancy,MTHICD9,659.7,Fetal tachycardia,C0410918,Fetal tachycardia,narrow,P,PrA,659.7,ongoing_pregnancy
OngoingPregnancy5,Ongoing Pregnancy,MTHICD9,659.70,Abnormality in fetal heart rate or rhythm- unspecified as to episode of care,C0695246,Abnormality in fetal heart rate or rhythm- unspecified as to episode of care or not applicable,narrow,P,PrA,659.70,ongoing_pregnancy
OngoingPregnancy5,Ongoing Pregnancy,MTHICD9,659.73,Abnormality in fetal heart rate or rhythm- antepartum,C0695248,Abnormality in fetal heart rate or rhythm- antepartum condition or complication,narrow,P,PrA,659.73,ongoing_pregnancy
OngoingPregnancy5,Ongoing Pregnancy,MTHICD9,660.33,Deep transverse arrest and persistent occipitoposterior position- antepartum,C0157214,Deep transverse arrest and persistent occipitoposterior position- antepartum condition or complication,narrow,P,PrA,660.33,ongoing_pregnancy
OngoingPregnancy5,Ongoing Pregnancy,MTHICD9,660.43,Shoulder dystocia- antepartum,C0157218,Shoulder (girdle) dystocia- antepartum,narrow,P,PrA,660.43,ongoing_pregnancy
OngoingPregnancy5,Ongoing Pregnancy,MTHICD9,660.53,Locked twins- antepartum,C0157222,Locked twins- antepartum,narrow,P,PrA,660.53,ongoing_pregnancy
OngoingPregnancy5,Ongoing Pregnancy,MTHICD9,665.83,Other specified obstetrical trauma- antepartum,C0157383,Other specified obstetrical trauma- antepartum condition or complication,narrow,P,PrA,665.83,ongoing_pregnancy
OngoingPregnancy5,Ongoing Pregnancy,MTHICD9,665.93,Unspecified obstetrical trauma- antepartum,C0157389,Unspecified obstetrical trauma- antepartum,narrow,P,PrA,665.93,ongoing_pregnancy
OngoingPregnancy5,Ongoing Pregnancy,MTHICD9,669.20,Maternal hypotension syndrome complicating labor and delivery- unspecified as to episode of care,C0157456,Maternal hypotension syndrome- unspecified as to episode of care or not applicable,narrow,P,PrA,669.20,ongoing_pregnancy
OngoingPregnancy5,Ongoing Pregnancy,MTHICD9,669.40,Other complications of obstetrical surgery and procedures- unspecified as to episode of care,C0157466,Other complications of obstetrical surgery and procedures- unspecified as to episode of care or not applicable,narrow,P,PrA,669.40,ongoing_pregnancy
OngoingPregnancy5,Ongoing Pregnancy,MTHICD9,671.03,Antepartum varicose veins of legs,C0157498,Varicose veins of legs in pregnancy,narrow,P,PrA,671.03,ongoing_pregnancy
OngoingPregnancy5,Ongoing Pregnancy,MTHICD9,671.23,Superficial thrombophlebitis- antepartum,C0342054,Superficial thrombophlebitis in pregnancy,narrow,P,PrA,671.23,ongoing_pregnancy
OngoingPregnancy5,Ongoing Pregnancy,MTHICD9,671.3,Deep-vein thrombosis- antepartum,C0342044,Antepartum deep vein thrombosis,narrow,P,PrA,671.3,ongoing_pregnancy
OngoingPregnancy5,Ongoing Pregnancy,MTHICD9,671.30,Deep phlebothrombosis- antepartum- unspecified as to episode of care,C0342044,Antepartum deep vein thrombosis,narrow,P,PrA,671.30,ongoing_pregnancy
OngoingPregnancy5,Ongoing Pregnancy,MTHICD9,671.33,Deep phlebothrombosis- antepartum,C0342044,Antepartum deep vein thrombosis,narrow,P,PrA,671.33,ongoing_pregnancy
OngoingPregnancy5,Ongoing Pregnancy,MTHICD9,671.80,Other venous complications of pregnancy and the puerperium- unspecified as to episode of care,C0157525,Other venous complications of pregnancy and the puerperium- unspecified as to episode of care or not applicable,narrow,P,PrA,671.80,ongoing_pregnancy
OngoingPregnancy5,Ongoing Pregnancy,MTHICD9,671.83,Other venous complications- antepartum,C0477814,Other venous complications in pregnancy,narrow,P,PrA,671.83,ongoing_pregnancy
OngoingPregnancy5,Ongoing Pregnancy,MTHICD9,671.93,Unspecified venous complication- antepartum,C0495184,Venous complication in pregnancy- unspecified,narrow,P,PrA,671.93,ongoing_pregnancy
OngoingPregnancy5,Ongoing Pregnancy,MTHICD9,673.8,Obstetrical pulmonary fat embolism,C0269960,Obstetrical pulmonary fat embolism,narrow,P,PrA,673.8,ongoing_pregnancy
OngoingPregnancy5,Ongoing Pregnancy,MTHICD9,673.80,Other obstetrical pulmonary embolism- unspecified as to episode of care,C0157565,Other obstetrical pulmonary embolism- unspecified as to episode of care or not applicable,narrow,P,PrA,673.80,ongoing_pregnancy
OngoingPregnancy5,Ongoing Pregnancy,MTHICD9,674.03,Cerebrovascular disorders- antepartum,C0157575,Cerebrovascular disorders- antepartum,narrow,P,PrA,674.03,ongoing_pregnancy
OngoingPregnancy5,Ongoing Pregnancy,MTHICD9,674.40,Placental polyp- unspecified as to episode of care,C0157589,Placental polyp- unspecified as to episode of care or not applicable,narrow,P,PrA,674.40,ongoing_pregnancy
OngoingPregnancy5,Ongoing Pregnancy,MTHICD9,675.13,Abscess of breast- antepartum,C0741646,Abscess of breast- antepartum,narrow,P,PrA,675.13,ongoing_pregnancy
OngoingPregnancy5,Ongoing Pregnancy,MTHICD9,675.23,Nonpurulent mastitis- antepartum,C1112795,Non-purulent mastitis- antepartum,narrow,P,PrA,675.23,ongoing_pregnancy
OngoingPregnancy5,Ongoing Pregnancy,MTHICD9,679.1,Fetal complications from amniocentesis,C2349614,Fetal complications from amniocentesis,narrow,P,PrA,679.1,ongoing_pregnancy
OngoingPregnancy5,Ongoing Pregnancy,MTHICD9,762.7,Amnionitis,C0008495,Chorioamnionitis,narrow,P,PrA,762.7,ongoing_pregnancy
OngoingPregnancy5,Ongoing Pregnancy,RCD2,L263.,Fetal distress-affecting care,C0410918,Fetal tachycardia,narrow,P,PrA,L263.,ongoing_pregnancy
OngoingPregnancy5,Ongoing Pregnancy,RCD2,L270.,Polyhydramnios,C0020224,Polyhydramnios,narrow,P,PrA,L270.,ongoing_pregnancy
OngoingPregnancy5,Ongoing Pregnancy,RCD2,L2700,Polyhydramnios unspecified,C0020224,Polyhydramnios,narrow,P,PrA,L2700,ongoing_pregnancy
OngoingPregnancy5,Ongoing Pregnancy,RCD2,L270z,Polyhydramnios NOS,C0020224,Polyhydramnios,narrow,P,PrA,L270z,ongoing_pregnancy
OngoingPregnancy5,Ongoing Pregnancy,RCD2,L280.,Oligohydramnios,C0079924,Oligohydramnios,narrow,P,PrA,L280.,ongoing_pregnancy
OngoingPregnancy5,Ongoing Pregnancy,RCD2,L2800,Oligohydramnios unspecified,C0079924,Oligohydramnios,narrow,P,PrA,L2800,ongoing_pregnancy
OngoingPregnancy5,Ongoing Pregnancy,RCD2,L280z,Oligohydramnios NOS,C0079924,Oligohydramnios,narrow,P,PrA,L280z,ongoing_pregnancy
OngoingPregnancy5,Ongoing Pregnancy,RCD2,L2840,Amniotic cavity infectn.unspec,C0002631,Infection of amniotic cavity,narrow,P,PrA,L2840,ongoing_pregnancy
OngoingPregnancy5,Ongoing Pregnancy,RCD2,L284z,Amniotic cavity infection NOS,C0002631,Infection of amniotic cavity,narrow,P,PrA,L284z,ongoing_pregnancy
OngoingPregnancy5,Ongoing Pregnancy,RCD2,L28y.,Other amniotic problems,C0269802,Amnion nodosum,narrow,P,PrA,L28y.,ongoing_pregnancy
OngoingPregnancy5,Ongoing Pregnancy,RCD2,L28z.,Amniotic problems NOS,C0405037,Amniotic cavity and membrane problem,narrow,P,PrA,L28z.,ongoing_pregnancy
OngoingPregnancy5,Ongoing Pregnancy,RCD2,L28z0,Amniotic problem NOS unspec.,C0405037,Amniotic cavity and membrane problem,narrow,P,PrA,L28z0,ongoing_pregnancy
OngoingPregnancy5,Ongoing Pregnancy,RCD2,L28zz,Amniotic problems NOS,C0405037,Amniotic cavity and membrane problem,narrow,P,PrA,L28zz,ongoing_pregnancy
OngoingPregnancy5,Ongoing Pregnancy,RCD2,L295.,Elderly primigravida,C0157187,Elderly primigravida,narrow,P,PrA,L295.,ongoing_pregnancy
OngoingPregnancy5,Ongoing Pregnancy,RCD2,L2950,Elderly primigravida unspecif.,C0157187,Elderly primigravida,narrow,P,PrA,L2950,ongoing_pregnancy
OngoingPregnancy5,Ongoing Pregnancy,RCD2,L295z,Elderly primigravida NOS,C0157187,Elderly primigravida,narrow,P,PrA,L295z,ongoing_pregnancy
OngoingPregnancy5,Ongoing Pregnancy,RCD2,L392.,Maternal hypotension syndrome,C0341966,Maternal hypotension syndrome,narrow,P,PrA,L392.,ongoing_pregnancy
OngoingPregnancy5,Ongoing Pregnancy,RCD2,L3920,Maternal hypotension synd.unsp,C0341966,Maternal hypotension syndrome,narrow,P,PrA,L3920,ongoing_pregnancy
OngoingPregnancy5,Ongoing Pregnancy,RCD2,L392z,Maternal hypotension syndr.NOS,C0341966,Maternal hypotension syndrome,narrow,P,PrA,L392z,ongoing_pregnancy
OngoingPregnancy5,Ongoing Pregnancy,RCD2,L413.,Antenatal deep vein thrombosis,C0342044,Antepartum deep vein thrombosis,narrow,P,PrA,L413.,ongoing_pregnancy
OngoingPregnancy5,Ongoing Pregnancy,RCD2,L4130,Antenatal DVT unspecified,C0342044,Antepartum deep vein thrombosis,narrow,P,PrA,L4130,ongoing_pregnancy
OngoingPregnancy5,Ongoing Pregnancy,RCD2,L413z,Antenatal DVT NOS,C0342044,Antepartum deep vein thrombosis,narrow,P,PrA,L413z,ongoing_pregnancy
OngoingPregnancy5,Ongoing Pregnancy,RCD2,L41y.,Other obst.venous complication,C0157524,Venous complications in pregnancy and the puerperium- other,narrow,P,PrA,L41y.,ongoing_pregnancy
OngoingPregnancy5,Ongoing Pregnancy,RCD2,L41y0,Other obst.venous complic.unsp,C0157524,Venous complications in pregnancy and the puerperium- other,narrow,P,PrA,L41y0,ongoing_pregnancy
OngoingPregnancy5,Ongoing Pregnancy,RCD2,L41yz,Other obst.venous complic.NOS,C0157524,Venous complications in pregnancy and the puerperium- other,narrow,P,PrA,L41yz,ongoing_pregnancy
OngoingPregnancy5,Ongoing Pregnancy,RCD2,L43y0,Other obst.pulm.embol.unspec.,C0157564,Other obstetrical pulmonary embolism,narrow,P,PrA,L43y0,ongoing_pregnancy
OngoingPregnancy5,Ongoing Pregnancy,RCD2,L43yz,Other obst.pulmonary embol.NOS,C0157564,Other obstetrical pulmonary embolism,narrow,P,PrA,L43yz,ongoing_pregnancy
OngoingPregnancy5,Ongoing Pregnancy,RCD2,L444.,Placental polyp,C0152437,Placental polyp,narrow,P,PrA,L444.,ongoing_pregnancy
OngoingPregnancy5,Ongoing Pregnancy,RCD2,L4440,Placental polyp unspecified,C0152437,Placental polyp,narrow,P,PrA,L4440,ongoing_pregnancy
OngoingPregnancy5,Ongoing Pregnancy,RCD2,L444z,Placental polyp NOS,C0152437,Placental polyp,narrow,P,PrA,L444z,ongoing_pregnancy
OngoingPregnancy5,Ongoing Pregnancy,RCD2,Lyu22,[X]Oth venous complicatns-preg,C0477814,Other venous complications in pregnancy,narrow,P,PrA,Lyu22,ongoing_pregnancy
OngoingPregnancy5,Ongoing Pregnancy,RCD2,Lyu4J,[X]O comp-obstet surg+procedur,C0157465,Other complications of obstetric surgery and procedures,narrow,P,PrA,Lyu4J,ongoing_pregnancy
OngoingPregnancy5,Ongoing Pregnancy,SCTSPA,10573002,amnionitis,C0002631,Infection of amniotic cavity,narrow,P,PrA,10573002,ongoing_pregnancy
OngoingPregnancy5,Ongoing Pregnancy,SCTSPA,11612004,corioamnionitis,C0008495,Chorioamnionitis,narrow,P,PrA,11612004,ongoing_pregnancy
OngoingPregnancy5,Ongoing Pregnancy,SCTSPA,199645005,polihidramnios no especificado,C0020224,Polyhydramnios,narrow,P,PrA,199645005,ongoing_pregnancy
OngoingPregnancy5,Ongoing Pregnancy,SCTSPA,199648007,polihidramnios- SAI,C0020224,Polyhydramnios,narrow,P,PrA,199648007,ongoing_pregnancy
OngoingPregnancy5,Ongoing Pregnancy,SCTSPA,199650004,polihidramnios- SAI,C0020224,Polyhydramnios,narrow,P,PrA,199650004,ongoing_pregnancy
OngoingPregnancy5,Ongoing Pregnancy,SCTSPA,199652007,oligohidramnios no especificado,C0079924,Oligohydramnios,narrow,P,PrA,199652007,ongoing_pregnancy
OngoingPregnancy5,Ongoing Pregnancy,SCTSPA,199656005,oligohidramnios- SAI,C0079924,Oligohydramnios,narrow,P,PrA,199656005,ongoing_pregnancy
OngoingPregnancy5,Ongoing Pregnancy,SCTSPA,199676004,infección de la cavidad amniótica no especificada,C0002631,Infection of amniotic cavity,narrow,P,PrA,199676004,ongoing_pregnancy
OngoingPregnancy5,Ongoing Pregnancy,SCTSPA,199679006,infección de la cavidad amniótica- SAI,C0002631,Infection of amniotic cavity,narrow,P,PrA,199679006,ongoing_pregnancy
OngoingPregnancy5,Ongoing Pregnancy,SCTSPA,199687007,problemas de las membranas y la cavidad amniótica- SAI,C0405037,Amniotic cavity and membrane problem,narrow,P,PrA,199687007,ongoing_pregnancy
OngoingPregnancy5,Ongoing Pregnancy,SCTSPA,199688002,problemas de las membranas y la cavidad amniótica- SAI- no especificados,C0405037,Amniotic cavity and membrane problem,narrow,P,PrA,199688002,ongoing_pregnancy
OngoingPregnancy5,Ongoing Pregnancy,SCTSPA,199691002,problema de las membranas y la cavidad amniótica- SAI,C0405037,Amniotic cavity and membrane problem,narrow,P,PrA,199691002,ongoing_pregnancy
OngoingPregnancy5,Ongoing Pregnancy,SCTSPA,199717006,primigesta añosa no especificada,C0157187,Elderly primigravida,narrow,P,PrA,199717006,ongoing_pregnancy
OngoingPregnancy5,Ongoing Pregnancy,SCTSPA,199720003,primigesta añosa- SAI,C0157187,Elderly primigravida,narrow,P,PrA,199720003,ongoing_pregnancy
OngoingPregnancy5,Ongoing Pregnancy,SCTSPA,200110006,síndrome de hipotensión materna- no especificado,C0341966,Maternal hypotension syndrome,narrow,P,PrA,200110006,ongoing_pregnancy
OngoingPregnancy5,Ongoing Pregnancy,SCTSPA,200115001,síndrome de hipotensión materna- SAI,C0341966,Maternal hypotension syndrome,narrow,P,PrA,200115001,ongoing_pregnancy
OngoingPregnancy5,Ongoing Pregnancy,SCTSPA,200231004,trombosis venosa profunda prenatal- no especificada,C0342044,Antepartum deep vein thrombosis,narrow,P,PrA,200231004,ongoing_pregnancy
OngoingPregnancy5,Ongoing Pregnancy,SCTSPA,200234007,trombosis venosa profunda prenatal- SAI,C0342044,Antepartum deep vein thrombosis,narrow,P,PrA,200234007,ongoing_pregnancy
OngoingPregnancy5,Ongoing Pregnancy,SCTSPA,200261007,otras complicaciones venosas en el embarazo y el puerperio,C0157524,Venous complications in pregnancy and the puerperium- other,narrow,P,PrA,200261007,ongoing_pregnancy
OngoingPregnancy5,Ongoing Pregnancy,SCTSPA,200262000,otras complicaciones venosas en el embarazo y el puerperio- no especificadas,C0157524,Venous complications in pregnancy and the puerperium- other,narrow,P,PrA,200262000,ongoing_pregnancy
OngoingPregnancy5,Ongoing Pregnancy,SCTSPA,200267006,otras complicaciones venosas en el embarazo y el puerperio- SAI,C0157524,Venous complications in pregnancy and the puerperium- other,narrow,P,PrA,200267006,ongoing_pregnancy
OngoingPregnancy5,Ongoing Pregnancy,SCTSPA,200314008,otra embolia pulmonar de causa obstétrica- no especificada,C0157564,Other obstetrical pulmonary embolism,narrow,P,PrA,200314008,ongoing_pregnancy
OngoingPregnancy5,Ongoing Pregnancy,SCTSPA,200319003,otra embolia pulmonar de causa obstétrica- SAI,C0157564,Other obstetrical pulmonary embolism,narrow,P,PrA,200319003,ongoing_pregnancy
OngoingPregnancy5,Ongoing Pregnancy,SCTSPA,200350001,pólipo placentario- no especificado,C0152437,Placental polyp,narrow,P,PrA,200350001,ongoing_pregnancy
OngoingPregnancy5,Ongoing Pregnancy,SCTSPA,200353004,pólipo placentario- SAI,C0152437,Placental polyp,narrow,P,PrA,200353004,ongoing_pregnancy
OngoingPregnancy5,Ongoing Pregnancy,SCTSPA,200498006,[X]otras complicaciones venosas en el embarazo,C0477814,Other venous complications in pregnancy,narrow,P,PrA,200498006,ongoing_pregnancy
OngoingPregnancy5,Ongoing Pregnancy,SCTSPA,200542009,[X]otras complicaciones de los procedimientos y cirugías obstétricas,C0157465,Other complications of obstetric surgery and procedures,narrow,P,PrA,200542009,ongoing_pregnancy
OngoingPregnancy5,Ongoing Pregnancy,SCTSPA,20391007,quiste amniótico,C0269803,Amniotic cyst,narrow,P,PrA,20391007,ongoing_pregnancy
OngoingPregnancy5,Ongoing Pregnancy,SCTSPA,2261009,embolia grasa pulmonar obstétrica,C0269960,Obstetrical pulmonary fat embolism,narrow,P,PrA,2261009,ongoing_pregnancy
OngoingPregnancy5,Ongoing Pregnancy,SCTSPA,240298005,taquicardia fetal,C0410918,Fetal tachycardia,narrow,P,PrA,240298005,ongoing_pregnancy
OngoingPregnancy5,Ongoing Pregnancy,SCTSPA,240299002,bradicardia fetal,C0410919,Fetal bradycardia,narrow,P,PrA,240299002,ongoing_pregnancy
OngoingPregnancy5,Ongoing Pregnancy,SCTSPA,251673004,desaceleración cardíaca fetal,C0429480,Fetal heart deceleration,narrow,P,PrA,251673004,ongoing_pregnancy
OngoingPregnancy5,Ongoing Pregnancy,SCTSPA,267261001,polihidramnios e hidramnios,C0020224,Polyhydramnios,narrow,P,PrA,267261001,ongoing_pregnancy
OngoingPregnancy5,Ongoing Pregnancy,SCTSPA,267285009,otra embolia pulmonar obstétrica,C0157564,Other obstetrical pulmonary embolism,narrow,P,PrA,267285009,ongoing_pregnancy
OngoingPregnancy5,Ongoing Pregnancy,SCTSPA,289341007,desaceleración cardíaca fetal - hallazgo,C0429480,Fetal heart deceleration,narrow,P,PrA,289341007,ongoing_pregnancy
OngoingPregnancy5,Ongoing Pregnancy,SCTSPA,29399001,primigesta añosa,C0157187,Elderly primigravida,narrow,P,PrA,29399001,ongoing_pregnancy
OngoingPregnancy5,Ongoing Pregnancy,SCTSPA,308133005,várices de las piernas en el embarazo,C0157498,Varicose veins of legs in pregnancy,narrow,P,PrA,308133005,ongoing_pregnancy
OngoingPregnancy5,Ongoing Pregnancy,SCTSPA,308136002,tromboflebitis superficial en el embarazo,C0342054,Superficial thrombophlebitis in pregnancy,narrow,P,PrA,308136002,ongoing_pregnancy
OngoingPregnancy5,Ongoing Pregnancy,SCTSPA,308141005,complicación venosa del embarazo- no especificada,C0495184,Venous complication in pregnancy- unspecified,narrow,P,PrA,308141005,ongoing_pregnancy
OngoingPregnancy5,Ongoing Pregnancy,SCTSPA,312194002,infección de la cavidad amniótica,C0002631,Infection of amniotic cavity,narrow,P,PrA,312194002,ongoing_pregnancy
OngoingPregnancy5,Ongoing Pregnancy,SCTSPA,39249009,placentitis,C0032059,Placentitis (disorder),narrow,P,PrA,39249009,ongoing_pregnancy
OngoingPregnancy5,Ongoing Pregnancy,SCTSPA,405235009,hidropesía de la membrana amniótica,C0020224,Polyhydramnios,narrow,P,PrA,405235009,ongoing_pregnancy
OngoingPregnancy5,Ongoing Pregnancy,SCTSPA,49956009,trombosis de venas profundas preparto,C0342044,Antepartum deep vein thrombosis,narrow,P,PrA,49956009,ongoing_pregnancy
OngoingPregnancy5,Ongoing Pregnancy,SCTSPA,51195001,pólipo placentario,C0152437,Placental polyp,narrow,P,PrA,51195001,ongoing_pregnancy
OngoingPregnancy5,Ongoing Pregnancy,SCTSPA,59566000,oligoamnios,C0079924,Oligohydramnios,narrow,P,PrA,59566000,ongoing_pregnancy
OngoingPregnancy5,Ongoing Pregnancy,SCTSPA,71473008,amnios nudoso,C0269802,Amnion nodosum,narrow,P,PrA,71473008,ongoing_pregnancy
OngoingPregnancy5,Ongoing Pregnancy,SCTSPA,72860003,trastorno de la cavidad Y-O membrana amniótica,C0405034,Disorder of amniotic cavity AND-OR membrane,narrow,P,PrA,72860003,ongoing_pregnancy
OngoingPregnancy5,Ongoing Pregnancy,SCTSPA,86203003,polihidramnios,C0020224,Polyhydramnios,narrow,P,PrA,86203003,ongoing_pregnancy
OngoingPregnancy5,Ongoing Pregnancy,SCTSPA,88887003,síndrome de hipotensión materna,C0341966,Maternal hypotension syndrome,narrow,P,PrA,88887003,ongoing_pregnancy
OngoingPregnancy5,Ongoing Pregnancy,SNOMEDCT_US,10573002,Infection of amniotic cavity,C0002631,Infection of amniotic cavity,narrow,P,PrA,10573002,ongoing_pregnancy
OngoingPregnancy5,Ongoing Pregnancy,SNOMEDCT_US,11612004,Chorioamnionitis,C0008495,Chorioamnionitis,narrow,P,PrA,11612004,ongoing_pregnancy
OngoingPregnancy5,Ongoing Pregnancy,SNOMEDCT_US,156188008,Polyhydramnios,C0020224,Polyhydramnios,narrow,P,PrA,156188008,ongoing_pregnancy
OngoingPregnancy5,Ongoing Pregnancy,SNOMEDCT_US,156190009,Oligohydramnios,C0079924,Oligohydramnios,narrow,P,PrA,156190009,ongoing_pregnancy
OngoingPregnancy5,Ongoing Pregnancy,SNOMEDCT_US,156268003,Antenatal deep vein thrombosis,C0342044,Antepartum deep vein thrombosis,narrow,P,PrA,156268003,ongoing_pregnancy
OngoingPregnancy5,Ongoing Pregnancy,SNOMEDCT_US,157051001,Oligohydramnios,C0079924,Oligohydramnios,narrow,P,PrA,157051001,ongoing_pregnancy
OngoingPregnancy5,Ongoing Pregnancy,SNOMEDCT_US,157052008,Polyhydramnios,C0020224,Polyhydramnios,narrow,P,PrA,157052008,ongoing_pregnancy
OngoingPregnancy5,Ongoing Pregnancy,SNOMEDCT_US,199590007,Fetal tachycardia,C0410918,Fetal tachycardia,narrow,P,PrA,199590007,ongoing_pregnancy
OngoingPregnancy5,Ongoing Pregnancy,SNOMEDCT_US,199644009,Hydramnios,C0020224,Polyhydramnios,narrow,P,PrA,199644009,ongoing_pregnancy
OngoingPregnancy5,Ongoing Pregnancy,SNOMEDCT_US,199645005,Polyhydramnios unspecified,C0020224,Polyhydramnios,narrow,P,PrA,199645005,ongoing_pregnancy
OngoingPregnancy5,Ongoing Pregnancy,SNOMEDCT_US,199648007,Polyhydramnios NOS,C0020224,Polyhydramnios,narrow,P,PrA,199648007,ongoing_pregnancy
OngoingPregnancy5,Ongoing Pregnancy,SNOMEDCT_US,199650004,Polyhydramnios NOS,C0020224,Polyhydramnios,narrow,P,PrA,199650004,ongoing_pregnancy
OngoingPregnancy5,Ongoing Pregnancy,SNOMEDCT_US,199652007,Oligohydramnios unspecified,C0079924,Oligohydramnios,narrow,P,PrA,199652007,ongoing_pregnancy
OngoingPregnancy5,Ongoing Pregnancy,SNOMEDCT_US,199656005,Oligohydramnios NOS,C0079924,Oligohydramnios,narrow,P,PrA,199656005,ongoing_pregnancy
OngoingPregnancy5,Ongoing Pregnancy,SNOMEDCT_US,199675000,Amnionitis,C0002631,Infection of amniotic cavity,narrow,P,PrA,199675000,ongoing_pregnancy
OngoingPregnancy5,Ongoing Pregnancy,SNOMEDCT_US,199676004,Amniotic cavity infection unspecified,C0002631,Infection of amniotic cavity,narrow,P,PrA,199676004,ongoing_pregnancy
OngoingPregnancy5,Ongoing Pregnancy,SNOMEDCT_US,199679006,Amniotic cavity infection NOS,C0002631,Infection of amniotic cavity,narrow,P,PrA,199679006,ongoing_pregnancy
OngoingPregnancy5,Ongoing Pregnancy,SNOMEDCT_US,199680009,Amnion nodosum,C0269802,Amnion nodosum,narrow,P,PrA,199680009,ongoing_pregnancy
OngoingPregnancy5,Ongoing Pregnancy,SNOMEDCT_US,199687007,Amniotic cavity and membrane problems NOS,C0405037,Amniotic cavity and membrane problem,narrow,P,PrA,199687007,ongoing_pregnancy
OngoingPregnancy5,Ongoing Pregnancy,SNOMEDCT_US,199688002,Amniotic cavity and membrane problem NOS- unspecified,C0405037,Amniotic cavity and membrane problem,narrow,P,PrA,199688002,ongoing_pregnancy
OngoingPregnancy5,Ongoing Pregnancy,SNOMEDCT_US,199691002,Amniotic cavity and membrane problem NOS,C0405037,Amniotic cavity and membrane problem,narrow,P,PrA,199691002,ongoing_pregnancy
OngoingPregnancy5,Ongoing Pregnancy,SNOMEDCT_US,199717006,Elderly primigravida unspecified,C0157187,Elderly primigravida,narrow,P,PrA,199717006,ongoing_pregnancy
OngoingPregnancy5,Ongoing Pregnancy,SNOMEDCT_US,199720003,Elderly primigravida NOS,C0157187,Elderly primigravida,narrow,P,PrA,199720003,ongoing_pregnancy
OngoingPregnancy5,Ongoing Pregnancy,SNOMEDCT_US,200110006,Maternal hypotension syndrome unspecified,C0341966,Maternal hypotension syndrome,narrow,P,PrA,200110006,ongoing_pregnancy
OngoingPregnancy5,Ongoing Pregnancy,SNOMEDCT_US,200115001,Maternal hypotension syndrome NOS,C0341966,Maternal hypotension syndrome,narrow,P,PrA,200115001,ongoing_pregnancy
OngoingPregnancy5,Ongoing Pregnancy,SNOMEDCT_US,200210002,Varicose veins of legs in pregnancy,C0157498,Varicose veins of legs in pregnancy,narrow,P,PrA,200210002,ongoing_pregnancy
OngoingPregnancy5,Ongoing Pregnancy,SNOMEDCT_US,200228000,Superficial thrombophlebitis in pregnancy,C0342054,Superficial thrombophlebitis in pregnancy,narrow,P,PrA,200228000,ongoing_pregnancy
OngoingPregnancy5,Ongoing Pregnancy,SNOMEDCT_US,200231004,Antenatal deep vein thrombosis unspecified,C0342044,Antepartum deep vein thrombosis,narrow,P,PrA,200231004,ongoing_pregnancy
OngoingPregnancy5,Ongoing Pregnancy,SNOMEDCT_US,200234007,Antenatal deep vein thrombosis NOS,C0342044,Antepartum deep vein thrombosis,narrow,P,PrA,200234007,ongoing_pregnancy
OngoingPregnancy5,Ongoing Pregnancy,SNOMEDCT_US,200261007,Other venous complication of pregnancy and the puerperium,C0157524,Venous complications in pregnancy and the puerperium- other,narrow,P,PrA,200261007,ongoing_pregnancy
OngoingPregnancy5,Ongoing Pregnancy,SNOMEDCT_US,200262000,Other venous complication of pregnancy and the puerperium unspecified,C0157524,Venous complications in pregnancy and the puerperium- other,narrow,P,PrA,200262000,ongoing_pregnancy
OngoingPregnancy5,Ongoing Pregnancy,SNOMEDCT_US,200267006,Other venous complication of pregnancy and the puerperium NOS,C0157524,Venous complications in pregnancy and the puerperium- other,narrow,P,PrA,200267006,ongoing_pregnancy
OngoingPregnancy5,Ongoing Pregnancy,SNOMEDCT_US,200274001,Venous complication of pregnancy- unspecified,C0495184,Venous complication in pregnancy- unspecified,narrow,P,PrA,200274001,ongoing_pregnancy
OngoingPregnancy5,Ongoing Pregnancy,SNOMEDCT_US,200313002,Other obstetric pulmonary embolism,C0157564,Other obstetrical pulmonary embolism,narrow,P,PrA,200313002,ongoing_pregnancy
OngoingPregnancy5,Ongoing Pregnancy,SNOMEDCT_US,200314008,Other obstetric pulmonary embolism unspecified,C0157564,Other obstetrical pulmonary embolism,narrow,P,PrA,200314008,ongoing_pregnancy
OngoingPregnancy5,Ongoing Pregnancy,SNOMEDCT_US,200319003,Other obstetric pulmonary embolism NOS,C0157564,Other obstetrical pulmonary embolism,narrow,P,PrA,200319003,ongoing_pregnancy
OngoingPregnancy5,Ongoing Pregnancy,SNOMEDCT_US,200350001,Placental polyp unspecified,C0152437,Placental polyp,narrow,P,PrA,200350001,ongoing_pregnancy
OngoingPregnancy5,Ongoing Pregnancy,SNOMEDCT_US,200353004,Placental polyp NOS,C0152437,Placental polyp,narrow,P,PrA,200353004,ongoing_pregnancy
OngoingPregnancy5,Ongoing Pregnancy,SNOMEDCT_US,200498006,[X]Other venous complications in pregnancy,C0477814,Other venous complications in pregnancy,narrow,P,PrA,200498006,ongoing_pregnancy
OngoingPregnancy5,Ongoing Pregnancy,SNOMEDCT_US,200542009,[X]Other complications of obstetric surgery and procedures,C0157465,Other complications of obstetric surgery and procedures,narrow,P,PrA,200542009,ongoing_pregnancy
OngoingPregnancy5,Ongoing Pregnancy,SNOMEDCT_US,20391007,Amniotic cyst,C0269803,Amniotic cyst,narrow,P,PrA,20391007,ongoing_pregnancy
OngoingPregnancy5,Ongoing Pregnancy,SNOMEDCT_US,2261009,Obstetrical pulmonary fat embolism,C0269960,Obstetrical pulmonary fat embolism,narrow,P,PrA,2261009,ongoing_pregnancy
OngoingPregnancy5,Ongoing Pregnancy,SNOMEDCT_US,240298005,Fetal tachycardia,C0410918,Fetal tachycardia,narrow,P,PrA,240298005,ongoing_pregnancy
OngoingPregnancy5,Ongoing Pregnancy,SNOMEDCT_US,240299002,Fetal bradycardia,C0410919,Fetal bradycardia,narrow,P,PrA,240299002,ongoing_pregnancy
OngoingPregnancy5,Ongoing Pregnancy,SNOMEDCT_US,251673004,Fetal heart deceleration,C0429480,Fetal heart deceleration,narrow,P,PrA,251673004,ongoing_pregnancy
OngoingPregnancy5,Ongoing Pregnancy,SNOMEDCT_US,267261001,Polyhydramnios and hydramnios,C0020224,Polyhydramnios,narrow,P,PrA,267261001,ongoing_pregnancy
OngoingPregnancy5,Ongoing Pregnancy,SNOMEDCT_US,267263003,Chorioamnionitis,C0008495,Chorioamnionitis,narrow,P,PrA,267263003,ongoing_pregnancy
OngoingPregnancy5,Ongoing Pregnancy,SNOMEDCT_US,267285009,Other obstetric pulmonary embolism,C0157564,Other obstetrical pulmonary embolism,narrow,P,PrA,267285009,ongoing_pregnancy
OngoingPregnancy5,Ongoing Pregnancy,SNOMEDCT_US,289341007,Finding of fetal heart deceleration,C0429480,Fetal heart deceleration,narrow,P,PrA,289341007,ongoing_pregnancy
OngoingPregnancy5,Ongoing Pregnancy,SNOMEDCT_US,29399001,Elderly primigravida,C0157187,Elderly primigravida,narrow,P,PrA,29399001,ongoing_pregnancy
OngoingPregnancy5,Ongoing Pregnancy,SNOMEDCT_US,308133005,Varicose veins of legs in pregnancy,C0157498,Varicose veins of legs in pregnancy,narrow,P,PrA,308133005,ongoing_pregnancy
OngoingPregnancy5,Ongoing Pregnancy,SNOMEDCT_US,308136002,Superficial thrombophlebitis in pregnancy,C0342054,Superficial thrombophlebitis in pregnancy,narrow,P,PrA,308136002,ongoing_pregnancy
OngoingPregnancy5,Ongoing Pregnancy,SNOMEDCT_US,308141005,Venous complication of pregnancy- unspecified,C0495184,Venous complication in pregnancy- unspecified,narrow,P,PrA,308141005,ongoing_pregnancy
OngoingPregnancy5,Ongoing Pregnancy,SNOMEDCT_US,312194002,Amniotic cavity infection,C0002631,Infection of amniotic cavity,narrow,P,PrA,312194002,ongoing_pregnancy
OngoingPregnancy5,Ongoing Pregnancy,SNOMEDCT_US,39249009,Placentitis,C0032059,Placentitis (disorder),narrow,P,PrA,39249009,ongoing_pregnancy
OngoingPregnancy5,Ongoing Pregnancy,SNOMEDCT_US,405235009,Hydrops of amnion,C0020224,Polyhydramnios,narrow,P,PrA,405235009,ongoing_pregnancy
OngoingPregnancy5,Ongoing Pregnancy,SNOMEDCT_US,49956009,Antepartum deep vein thrombosis,C0342044,Antepartum deep vein thrombosis,narrow,P,PrA,49956009,ongoing_pregnancy
OngoingPregnancy5,Ongoing Pregnancy,SNOMEDCT_US,51195001,Placental polyp,C0152437,Placental polyp,narrow,P,PrA,51195001,ongoing_pregnancy
OngoingPregnancy5,Ongoing Pregnancy,SNOMEDCT_US,59566000,Oligohydramnios,C0079924,Oligohydramnios,narrow,P,PrA,59566000,ongoing_pregnancy
OngoingPregnancy5,Ongoing Pregnancy,SNOMEDCT_US,71473008,Amnion nodosum,C0269802,Amnion nodosum,narrow,P,PrA,71473008,ongoing_pregnancy
OngoingPregnancy5,Ongoing Pregnancy,SNOMEDCT_US,72860003,Disorder of amniotic cavity AND-OR membrane,C0405034,Disorder of amniotic cavity AND-OR membrane,narrow,P,PrA,72860003,ongoing_pregnancy
OngoingPregnancy5,Ongoing Pregnancy,SNOMEDCT_US,86203003,Polyhydramnios,C0020224,Polyhydramnios,narrow,P,PrA,86203003,ongoing_pregnancy
OngoingPregnancy5,Ongoing Pregnancy,SNOMEDCT_US,88887003,Maternal hypotension syndrome,C0341966,Maternal hypotension syndrome,narrow,P,PrA,88887003,ongoing_pregnancy
OngoingPregnancy6,Ongoing Pregnancy,ICD10CM,Z3A,Weeks of gestation,C1135241,Weeks pregnant,narrow,P,PrA,Z3A,ongoing_pregnancy
OngoingPregnancy6,Ongoing Pregnancy,ICD10CM,Z3A.00,Weeks of gestation of pregnancy not specified,"","",narrow,P,PrA,Z3A.00,ongoing_pregnancy
OngoingPregnancy6,Ongoing Pregnancy,ICD10CM,Z3A.01,Less than 8 weeks gestation of pregnancy,"","",narrow,P,PrA,Z3A.01,ongoing_pregnancy
OngoingPregnancy6,Ongoing Pregnancy,ICD10CM,Z3A.08,8 weeks gestation of pregnancy,"","",narrow,P,PrA,Z3A.08,ongoing_pregnancy
OngoingPregnancy6,Ongoing Pregnancy,ICD10CM,Z3A.09,9 weeks gestation of pregnancy,"","",narrow,P,PrA,Z3A.09,ongoing_pregnancy
OngoingPregnancy6,Ongoing Pregnancy,ICD10CM,Z3A.10,10 weeks gestation of pregnancy,"","",narrow,P,PrA,Z3A.10,ongoing_pregnancy
OngoingPregnancy6,Ongoing Pregnancy,ICD10CM,Z3A.11,11 weeks gestation of pregnancy,"","",narrow,P,PrA,Z3A.11,ongoing_pregnancy
OngoingPregnancy6,Ongoing Pregnancy,ICD10CM,Z3A.12,12 weeks gestation of pregnancy,"","",narrow,P,PrA,Z3A.12,ongoing_pregnancy
OngoingPregnancy6,Ongoing Pregnancy,ICD10CM,Z3A.13,13 weeks gestation of pregnancy,"","",narrow,P,PrA,Z3A.13,ongoing_pregnancy
OngoingPregnancy6,Ongoing Pregnancy,ICD10CM,Z3A.14,14 weeks gestation of pregnancy,"","",narrow,P,PrA,Z3A.14,ongoing_pregnancy
OngoingPregnancy6,Ongoing Pregnancy,ICD10CM,Z3A.15,15 weeks gestation of pregnancy,"","",narrow,P,PrA,Z3A.15,ongoing_pregnancy
OngoingPregnancy6,Ongoing Pregnancy,ICD10CM,Z3A.16,16 weeks gestation of pregnancy,"","",narrow,P,PrA,Z3A.16,ongoing_pregnancy
OngoingPregnancy6,Ongoing Pregnancy,ICD10CM,Z3A.17,17 weeks gestation of pregnancy,"","",narrow,P,PrA,Z3A.17,ongoing_pregnancy
OngoingPregnancy6,Ongoing Pregnancy,ICD10CM,Z3A.18,18 weeks gestation of pregnancy,"","",narrow,P,PrA,Z3A.18,ongoing_pregnancy
OngoingPregnancy6,Ongoing Pregnancy,ICD10CM,Z3A.19,19 weeks gestation of pregnancy,"","",narrow,P,PrA,Z3A.19,ongoing_pregnancy
OngoingPregnancy6,Ongoing Pregnancy,ICD10CM,Z3A.20,20 weeks gestation of pregnancy,"","",narrow,P,PrA,Z3A.20,ongoing_pregnancy
OngoingPregnancy6,Ongoing Pregnancy,ICD10CM,Z3A.21,21 weeks gestation of pregnancy,"","",narrow,P,PrA,Z3A.21,ongoing_pregnancy
OngoingPregnancy6,Ongoing Pregnancy,ICD10CM,Z3A.22,22 weeks gestation of pregnancy,"","",narrow,P,PrA,Z3A.22,ongoing_pregnancy
OngoingPregnancy6,Ongoing Pregnancy,ICD10CM,Z3A.23,23 weeks gestation of pregnancy,"","",narrow,P,PrA,Z3A.23,ongoing_pregnancy
OngoingPregnancy6,Ongoing Pregnancy,ICD10CM,Z3A.24,24 weeks gestation of pregnancy,"","",narrow,P,PrA,Z3A.24,ongoing_pregnancy
OngoingPregnancy6,Ongoing Pregnancy,ICD10CM,Z3A.25,25 weeks gestation of pregnancy,"","",narrow,P,PrA,Z3A.25,ongoing_pregnancy
OngoingPregnancy6,Ongoing Pregnancy,ICD10CM,Z3A.26,26 weeks gestation of pregnancy,"","",narrow,P,PrA,Z3A.26,ongoing_pregnancy
OngoingPregnancy6,Ongoing Pregnancy,ICD10CM,Z3A.27,27 weeks gestation of pregnancy,"","",narrow,P,PrA,Z3A.27,ongoing_pregnancy
OngoingPregnancy6,Ongoing Pregnancy,ICD10CM,Z3A.28,28 weeks gestation of pregnancy,"","",narrow,P,PrA,Z3A.28,ongoing_pregnancy
OngoingPregnancy6,Ongoing Pregnancy,ICD10CM,Z3A.29,29 weeks gestation of pregnancy,"","",narrow,P,PrA,Z3A.29,ongoing_pregnancy
OngoingPregnancy6,Ongoing Pregnancy,ICD10CM,Z3A.30,30 weeks gestation of pregnancy,"","",narrow,P,PrA,Z3A.30,ongoing_pregnancy
OngoingPregnancy6,Ongoing Pregnancy,ICD10CM,Z3A.31,31 weeks gestation of pregnancy,"","",narrow,P,PrA,Z3A.31,ongoing_pregnancy
OngoingPregnancy6,Ongoing Pregnancy,ICD10CM,Z3A.32,32 weeks gestation of pregnancy,"","",narrow,P,PrA,Z3A.32,ongoing_pregnancy
OngoingPregnancy6,Ongoing Pregnancy,ICD10CM,Z3A.33,33 weeks gestation of pregnancy,"","",narrow,P,PrA,Z3A.33,ongoing_pregnancy
OngoingPregnancy6,Ongoing Pregnancy,ICD10CM,Z3A.34,34 weeks gestation of pregnancy,"","",narrow,P,PrA,Z3A.34,ongoing_pregnancy
OngoingPregnancy6,Ongoing Pregnancy,ICD10CM,Z3A.35,35 weeks gestation of pregnancy,"","",narrow,P,PrA,Z3A.35,ongoing_pregnancy
OngoingPregnancy6,Ongoing Pregnancy,ICD10CM,Z3A.36,36 weeks gestation of pregnancy,"","",narrow,P,PrA,Z3A.36,ongoing_pregnancy
OngoingPregnancy6,Ongoing Pregnancy,ICD10CM,Z3A.37,37 weeks gestation of pregnancy,"","",narrow,P,PrA,Z3A.37,ongoing_pregnancy
OngoingPregnancy6,Ongoing Pregnancy,ICD10CM,Z3A.38,38 weeks gestation of pregnancy,"","",narrow,P,PrA,Z3A.38,ongoing_pregnancy
OngoingPregnancy6,Ongoing Pregnancy,ICD10CM,Z3A.39,39 weeks gestation of pregnancy,"","",narrow,P,PrA,Z3A.39,ongoing_pregnancy
OngoingPregnancy6,Ongoing Pregnancy,ICD10CM,Z3A.40,40 weeks gestation of pregnancy,"","",narrow,P,PrA,Z3A.40,ongoing_pregnancy
OngoingPregnancy6,Ongoing Pregnancy,ICD10CM,Z3A.41,41 weeks gestation of pregnancy,"","",narrow,P,PrA,Z3A.41,ongoing_pregnancy
OngoingPregnancy6,Ongoing Pregnancy,ICD10CM,Z3A.42,42 weeks gestation of pregnancy,"","",narrow,P,PrA,Z3A.42,ongoing_pregnancy
OngoingPregnancy6,Ongoing Pregnancy,ICD10CM,Z3A.49,Greater than 42 weeks gestation of pregnancy,"","",narrow,P,PrA,Z3A.49,ongoing_pregnancy
OngoingPregnancy6,Ongoing Pregnancy,ICD9CM,773.3,Hydrops fetalis due to isoimmunization,C0455990,Immune Hydrops Fetalis,narrow,P,PrA,773.3,ongoing_pregnancy
OngoingPregnancy6,Ongoing Pregnancy,RCD2,Q423.,Hydrops fetalis-due to isoimm.,C0455990,Immune Hydrops Fetalis,narrow,P,PrA,Q423.,ongoing_pregnancy
OngoingPregnancy6,Ongoing Pregnancy,SCTSPA,15539009,hidropesía fetal por isoinmunización,C0455990,Immune Hydrops Fetalis,narrow,P,PrA,15539009,ongoing_pregnancy
OngoingPregnancy6,Ongoing Pregnancy,SCTSPA,18471004,crecimiento fetal lento Y-O desnutrición fetal,C0158849,Slow fetal growth AND-OR fetal malnutrition,narrow,P,PrA,18471004,ongoing_pregnancy
OngoingPregnancy6,Ongoing Pregnancy,SCTSPA,206432002,hidropesía fetal por isoinmunización [dup],C0455990,Immune Hydrops Fetalis,narrow,P,PrA,206432002,ongoing_pregnancy
OngoingPregnancy6,Ongoing Pregnancy,SNOMEDCT_US,15539009,Hydrops fetalis due to isoimmunization,C0455990,Immune Hydrops Fetalis,narrow,P,PrA,15539009,ongoing_pregnancy
OngoingPregnancy6,Ongoing Pregnancy,SNOMEDCT_US,157134005,Hydrops fetalis - due to isoim,C0455990,Immune Hydrops Fetalis,narrow,P,PrA,157134005,ongoing_pregnancy
OngoingPregnancy6,Ongoing Pregnancy,SNOMEDCT_US,18471004,Slow fetal growth AND-OR fetal malnutrition,C0158849,Slow fetal growth AND-OR fetal malnutrition,narrow,P,PrA,18471004,ongoing_pregnancy
OngoingPregnancy6,Ongoing Pregnancy,SNOMEDCT_US,206162003,Slow fetal growth and fetal malnutrition,C0158849,Slow fetal growth AND-OR fetal malnutrition,narrow,P,PrA,206162003,ongoing_pregnancy
OngoingPregnancy6,Ongoing Pregnancy,SNOMEDCT_US,206432002,Hydrops fetalis due to isoimmunisation,C0455990,Immune Hydrops Fetalis,narrow,P,PrA,206432002,ongoing_pregnancy
OngoingPregnancy6,Ongoing Pregnancy,SNOMEDCT_US,268814006,Slow fetal growth and fetal malnutrition,C0158849,Slow fetal growth AND-OR fetal malnutrition,narrow,P,PrA,268814006,ongoing_pregnancy
OngoingPregnancy6,Ongoing Pregnancy,SNOMEDCT_US,268879006,Hydrops fetalis - due to isoim,C0455990,Immune Hydrops Fetalis,narrow,P,PrA,268879006,ongoing_pregnancy
OngoingPregnancy7,Ongoing Pregnancy,ICD10,N88.3,Incompetence of cervix uteri,C0007871,Uterine Cervical Incompetence,narrow,P,PrA,N88.3,ongoing_pregnancy
OngoingPregnancy7,Ongoing Pregnancy,ICD10,O12.0,Gestational oedema,C0341960,Gestational edema,narrow,P,PrA,O12.0,ongoing_pregnancy
OngoingPregnancy7,Ongoing Pregnancy,ICD10,O12.00,Gestational edema- unspecified trimester,"","",narrow,P,PrA,O12.00,ongoing_pregnancy
OngoingPregnancy7,Ongoing Pregnancy,ICD10,O12.01,Gestational edema- first trimester,"","",narrow,P,PrA,O12.01,ongoing_pregnancy
OngoingPregnancy7,Ongoing Pregnancy,ICD10,O12.02,Gestational edema- second trimester,"","",narrow,P,PrA,O12.02,ongoing_pregnancy
OngoingPregnancy7,Ongoing Pregnancy,ICD10,O12.03,Gestational edema- third trimester,"","",narrow,P,PrA,O12.03,ongoing_pregnancy
OngoingPregnancy7,Ongoing Pregnancy,ICD10,O14.10,Severe pre-eclampsia- unspecified trimester,"","",narrow,P,PrA,O14.10,ongoing_pregnancy
OngoingPregnancy7,Ongoing Pregnancy,ICD10,O14.12,severe pre-eclampsia- second trimester,C2903577,"",narrow,P,PrA,O14.12,ongoing_pregnancy
OngoingPregnancy7,Ongoing Pregnancy,ICD10,O14.13,severe pre-eclampsia- third trimester,C2903578,"",narrow,P,PrA,O14.13,ongoing_pregnancy
OngoingPregnancy7,Ongoing Pregnancy,ICD10,O14.9,Pre-eclampsia- unspecified,C0032914,Pre-Eclampsia,narrow,P,PrA,O14.9,ongoing_pregnancy
OngoingPregnancy7,Ongoing Pregnancy,ICD10,O14.90,Unspecified pre-eclampsia- unspecified trimester,C0032914,Pre-Eclampsia,narrow,P,PrA,O14.90,ongoing_pregnancy
OngoingPregnancy7,Ongoing Pregnancy,ICD10,O14.92,Unspecified pre-eclampsia- second trimester,"","",narrow,P,PrA,O14.92,ongoing_pregnancy
OngoingPregnancy7,Ongoing Pregnancy,ICD10,O14.93,Unspecified pre-eclampsia- third trimester,"","",narrow,P,PrA,O14.93,ongoing_pregnancy
OngoingPregnancy7,Ongoing Pregnancy,ICD10,O15.00,Eclampsia complicating pregnancy- unspecified trimester,"","",narrow,P,PrA,O15.00,ongoing_pregnancy
OngoingPregnancy7,Ongoing Pregnancy,ICD10,O15.02,Eclampsia complicating pregnancy- second trimester,"","",narrow,P,PrA,O15.02,ongoing_pregnancy
OngoingPregnancy7,Ongoing Pregnancy,ICD10,O15.03,Eclampsia complicating pregnancy- third trimester,"","",narrow,P,PrA,O15.03,ongoing_pregnancy
OngoingPregnancy7,Ongoing Pregnancy,ICD10,O20.0,Threatened abortion,C0000821,Threatened abortion,narrow,P,PrA,O20.0,ongoing_pregnancy
OngoingPregnancy7,Ongoing Pregnancy,ICD10,O23,Infections of genitourinary tract in pregnancy,C0156756,Genitourinary tract infection in pregnancy,narrow,P,PrA,O23,ongoing_pregnancy
OngoingPregnancy7,Ongoing Pregnancy,ICD10,O23.0,Infections of kidney in pregnancy,"","",narrow,P,PrA,O23.0,ongoing_pregnancy
OngoingPregnancy7,Ongoing Pregnancy,ICD10,O23.00,Infections of kidney in pregnancy- unspecified trimester,"","",narrow,P,PrA,O23.00,ongoing_pregnancy
OngoingPregnancy7,Ongoing Pregnancy,ICD10,O23.01,Infections of kidney in pregnancy- first trimester,"","",narrow,P,PrA,O23.01,ongoing_pregnancy
OngoingPregnancy7,Ongoing Pregnancy,ICD10,O23.02,Infections of kidney in pregnancy- second trimester,"","",narrow,P,PrA,O23.02,ongoing_pregnancy
OngoingPregnancy7,Ongoing Pregnancy,ICD10,O23.03,Infections of kidney in pregnancy- third trimester,"","",narrow,P,PrA,O23.03,ongoing_pregnancy
OngoingPregnancy7,Ongoing Pregnancy,ICD10,O23.1,Infections of bladder in pregnancy,"","",narrow,P,PrA,O23.1,ongoing_pregnancy
OngoingPregnancy7,Ongoing Pregnancy,ICD10,O23.10,Infections of bladder in pregnancy- unspecified trimester,"","",narrow,P,PrA,O23.10,ongoing_pregnancy
OngoingPregnancy7,Ongoing Pregnancy,ICD10,O23.11,Infections of bladder in pregnancy- first trimester,"","",narrow,P,PrA,O23.11,ongoing_pregnancy
OngoingPregnancy7,Ongoing Pregnancy,ICD10,O23.12,Infections of bladder in pregnancy- second trimester,"","",narrow,P,PrA,O23.12,ongoing_pregnancy
OngoingPregnancy7,Ongoing Pregnancy,ICD10,O23.13,Infections of bladder in pregnancy- third trimester,"","",narrow,P,PrA,O23.13,ongoing_pregnancy
OngoingPregnancy7,Ongoing Pregnancy,ICD10,O23.2,Infections of urethra in pregnancy,"","",narrow,P,PrA,O23.2,ongoing_pregnancy
OngoingPregnancy7,Ongoing Pregnancy,ICD10,O23.20,Infections of urethra in pregnancy- unspecified trimester,"","",narrow,P,PrA,O23.20,ongoing_pregnancy
OngoingPregnancy7,Ongoing Pregnancy,ICD10,O23.21,Infections of urethra in pregnancy- first trimester,"","",narrow,P,PrA,O23.21,ongoing_pregnancy
OngoingPregnancy7,Ongoing Pregnancy,ICD10,O23.22,Infections of urethra in pregnancy- second trimester,"","",narrow,P,PrA,O23.22,ongoing_pregnancy
OngoingPregnancy7,Ongoing Pregnancy,ICD10,O23.23,Infections of urethra in pregnancy- third trimester,"","",narrow,P,PrA,O23.23,ongoing_pregnancy
OngoingPregnancy7,Ongoing Pregnancy,ICD10,O23.3,Infections of other parts of urinary tract in pregnancy,"","",narrow,P,PrA,O23.3,ongoing_pregnancy
OngoingPregnancy7,Ongoing Pregnancy,ICD10,O23.30,Infections of other parts of urinary tract in pregnancy- unspecified trimester,"","",narrow,P,PrA,O23.30,ongoing_pregnancy
OngoingPregnancy7,Ongoing Pregnancy,ICD10,O23.31,Infections of other parts of urinary tract in pregnancy- first trimester,"","",narrow,P,PrA,O23.31,ongoing_pregnancy
OngoingPregnancy7,Ongoing Pregnancy,ICD10,O23.32,Infections of other parts of urinary tract in pregnancy- second trimester,"","",narrow,P,PrA,O23.32,ongoing_pregnancy
OngoingPregnancy7,Ongoing Pregnancy,ICD10,O23.33,Infections of other parts of urinary tract in pregnancy- third trimester,"","",narrow,P,PrA,O23.33,ongoing_pregnancy
OngoingPregnancy7,Ongoing Pregnancy,ICD10,O23.4,Unspecified infection of urinary tract in pregnancy,C0495188,Urinary tract infection in pregnancy,narrow,P,PrA,O23.4,ongoing_pregnancy
OngoingPregnancy7,Ongoing Pregnancy,ICD10,O23.40,Unspecified infection of urinary tract in pregnancy- unspecified trimester,"","",narrow,P,PrA,O23.40,ongoing_pregnancy
OngoingPregnancy7,Ongoing Pregnancy,ICD10,O23.41,Unspecified infection of urinary tract in pregnancy- first trimester,"","",narrow,P,PrA,O23.41,ongoing_pregnancy
OngoingPregnancy7,Ongoing Pregnancy,ICD10,O23.42,Unspecified infection of urinary tract in pregnancy- second trimester,"","",narrow,P,PrA,O23.42,ongoing_pregnancy
OngoingPregnancy7,Ongoing Pregnancy,ICD10,O23.43,Unspecified infection of urinary tract in pregnancy- third trimester,"","",narrow,P,PrA,O23.43,ongoing_pregnancy
OngoingPregnancy7,Ongoing Pregnancy,ICD10,O23.5,Infections of the genital tract in pregnancy,"","",narrow,P,PrA,O23.5,ongoing_pregnancy
OngoingPregnancy7,Ongoing Pregnancy,ICD10,O23.51,Infection of cervix in pregnancy,"","",narrow,P,PrA,O23.51,ongoing_pregnancy
OngoingPregnancy7,Ongoing Pregnancy,ICD10,O23.52,Salpingo-oophoritis in pregnancy,"","",narrow,P,PrA,O23.52,ongoing_pregnancy
OngoingPregnancy7,Ongoing Pregnancy,ICD10,O23.59,Infection of other part of genital tract in pregnancy,"","",narrow,P,PrA,O23.59,ongoing_pregnancy
OngoingPregnancy7,Ongoing Pregnancy,ICD10,O23.9,Unspecified genitourinary tract infection in pregnancy - Other and unspecified genitourinary tract infection in pregnancy,"","",narrow,P,PrA,O23.9,ongoing_pregnancy
OngoingPregnancy7,Ongoing Pregnancy,ICD10,O23.90,Unspecified genitourinary tract infection in pregnancy- unspecified trimester,"","",narrow,P,PrA,O23.90,ongoing_pregnancy
OngoingPregnancy7,Ongoing Pregnancy,ICD10,O23.91,Unspecified genitourinary tract infection in pregnancy- first trimester,"","",narrow,P,PrA,O23.91,ongoing_pregnancy
OngoingPregnancy7,Ongoing Pregnancy,ICD10,O23.92,Unspecified genitourinary tract infection in pregnancy- second trimester,"","",narrow,P,PrA,O23.92,ongoing_pregnancy
OngoingPregnancy7,Ongoing Pregnancy,ICD10,O23.93,Unspecified genitourinary tract infection in pregnancy- third trimester,"","",narrow,P,PrA,O23.93,ongoing_pregnancy
OngoingPregnancy7,Ongoing Pregnancy,ICD10,O24.4,Diabetes mellitus arising in pregnancy,C0085207,Gestational Diabetes,narrow,P,PrA,O24.4,ongoing_pregnancy
OngoingPregnancy7,Ongoing Pregnancy,ICD10,O24.41,Gestational diabetes mellitus in pregnancy,"","",narrow,P,PrA,O24.41,ongoing_pregnancy
OngoingPregnancy7,Ongoing Pregnancy,ICD10,O26.4,Herpes gestationis,C0019343,Pemphigoid Gestationis,narrow,P,PrA,O26.4,ongoing_pregnancy
OngoingPregnancy7,Ongoing Pregnancy,ICD10,O26.40,Herpes gestationis- unspecified trimester,"","",narrow,P,PrA,O26.40,ongoing_pregnancy
OngoingPregnancy7,Ongoing Pregnancy,ICD10,O26.41,Herpes gestationis- first trimester,"","",narrow,P,PrA,O26.41,ongoing_pregnancy
OngoingPregnancy7,Ongoing Pregnancy,ICD10,O26.42,Herpes gestationis- second trimester,"","",narrow,P,PrA,O26.42,ongoing_pregnancy
OngoingPregnancy7,Ongoing Pregnancy,ICD10,O26.43,Herpes gestationis- third trimester,"","",narrow,P,PrA,O26.43,ongoing_pregnancy
OngoingPregnancy7,Ongoing Pregnancy,ICD10,O30,Multiple gestation,C0032989,Multiple Pregnancy,narrow,P,PrA,O30,ongoing_pregnancy
OngoingPregnancy7,Ongoing Pregnancy,ICD10,O30.0,Twin pregnancy,C0152150,Pregnancy- Twin,narrow,P,PrA,O30.0,ongoing_pregnancy
OngoingPregnancy7,Ongoing Pregnancy,ICD10,O30.00,Twin pregnancy- unspecified number of placenta and unspecified number of amniotic sacs,C0152150,Pregnancy- Twin,narrow,P,PrA,O30.00,ongoing_pregnancy
OngoingPregnancy7,Ongoing Pregnancy,ICD10,O30.01,Twin pregnancy- monochorionic-monoamniotic,"","",narrow,P,PrA,O30.01,ongoing_pregnancy
OngoingPregnancy7,Ongoing Pregnancy,ICD10,O30.02,Conjoined twin pregnancy,"","",narrow,P,PrA,O30.02,ongoing_pregnancy
OngoingPregnancy7,Ongoing Pregnancy,ICD10,O30.03,Twin pregnancy- monochorionic-diamniotic,"","",narrow,P,PrA,O30.03,ongoing_pregnancy
OngoingPregnancy7,Ongoing Pregnancy,ICD10,O30.04,Twin pregnancy- dichorionic-diamniotic,"","",narrow,P,PrA,O30.04,ongoing_pregnancy
OngoingPregnancy7,Ongoing Pregnancy,ICD10,O30.09,Twin pregnancy- unable to determine number of placenta and number of amniotic sacs,"","",narrow,P,PrA,O30.09,ongoing_pregnancy
OngoingPregnancy7,Ongoing Pregnancy,ICD10,O30.10,Triplet pregnancy- unspecified number of placenta and unspecified number of amniotic sacs,"","",narrow,P,PrA,O30.10,ongoing_pregnancy
OngoingPregnancy7,Ongoing Pregnancy,ICD10,O30.11,Triplet pregnancy with two or more monochorionic fetuses,"","",narrow,P,PrA,O30.11,ongoing_pregnancy
OngoingPregnancy7,Ongoing Pregnancy,ICD10,O30.12,Triplet pregnancy with two or more monoamniotic fetuses,"","",narrow,P,PrA,O30.12,ongoing_pregnancy
OngoingPregnancy7,Ongoing Pregnancy,ICD10,O30.13,Triplet pregnancy- trichorionic-triamniotic,"","",narrow,P,PrA,O30.13,ongoing_pregnancy
OngoingPregnancy7,Ongoing Pregnancy,ICD10,O30.19,Triplet pregnancy- unable to determine number of placenta and number of amniotic sacs,"","",narrow,P,PrA,O30.19,ongoing_pregnancy
OngoingPregnancy7,Ongoing Pregnancy,ICD10,O30.20,Quadruplet pregnancy- unspecified number of placenta and unspecified number of amniotic sacs,"","",narrow,P,PrA,O30.20,ongoing_pregnancy
OngoingPregnancy7,Ongoing Pregnancy,ICD10,O30.21,Quadruplet pregnancy with two or more monochorionic fetuses,"","",narrow,P,PrA,O30.21,ongoing_pregnancy
OngoingPregnancy7,Ongoing Pregnancy,ICD10,O30.22,Quadruplet pregnancy with two or more monoamniotic fetuses,"","",narrow,P,PrA,O30.22,ongoing_pregnancy
OngoingPregnancy7,Ongoing Pregnancy,ICD10,O30.23,Quadruplet pregnancy- quadrachorionic-quadra-amniotic,"","",narrow,P,PrA,O30.23,ongoing_pregnancy
OngoingPregnancy7,Ongoing Pregnancy,ICD10,O30.29,Quadruplet pregnancy- unable to determine number of placenta and number of amniotic sacs,"","",narrow,P,PrA,O30.29,ongoing_pregnancy
OngoingPregnancy7,Ongoing Pregnancy,ICD10,O30.8,Other specified multiple gestation,C0156917,Other specified multiple gestation,narrow,P,PrA,O30.8,ongoing_pregnancy
OngoingPregnancy7,Ongoing Pregnancy,ICD10,O30.80,Other specified multiple gestation- unspecified number of placenta and unspecified number of amniotic sacs,C2921363,Other specified multiple gestation- unspecified number of placenta and unspecified number of amniotic sacs,narrow,P,PrA,O30.80,ongoing_pregnancy
OngoingPregnancy7,Ongoing Pregnancy,ICD10,O30.81,Other specified multiple gestation with two or more monochorionic fetuses,"","",narrow,P,PrA,O30.81,ongoing_pregnancy
OngoingPregnancy7,Ongoing Pregnancy,ICD10,O30.82,Other specified multiple gestation with two or more monoamniotic fetuses,"","",narrow,P,PrA,O30.82,ongoing_pregnancy
OngoingPregnancy7,Ongoing Pregnancy,ICD10,O30.83,Other specified multiple gestation- number of chorions and amnions are both equal to the number of fetuses,"","",narrow,P,PrA,O30.83,ongoing_pregnancy
OngoingPregnancy7,Ongoing Pregnancy,ICD10,O30.89,Other specified multiple gestation- unable to determine number of placenta and number of amniotic sacs,"","",narrow,P,PrA,O30.89,ongoing_pregnancy
OngoingPregnancy7,Ongoing Pregnancy,ICD10,O30.9,Multiple gestation- unspecified,C0032989,Multiple Pregnancy,narrow,P,PrA,O30.9,ongoing_pregnancy
OngoingPregnancy7,Ongoing Pregnancy,ICD10,O30.91,Multiple gestation- unspecified- first trimester,"","",narrow,P,PrA,O30.91,ongoing_pregnancy
OngoingPregnancy7,Ongoing Pregnancy,ICD10,O30.92,Multiple gestation- unspecified- second trimester,"","",narrow,P,PrA,O30.92,ongoing_pregnancy
OngoingPregnancy7,Ongoing Pregnancy,ICD10,O30.93,Multiple gestation- unspecified- third trimester,"","",narrow,P,PrA,O30.93,ongoing_pregnancy
OngoingPregnancy7,Ongoing Pregnancy,ICD10,O40,Polyhydramnios,C0020224,Polyhydramnios,narrow,P,PrA,O40,ongoing_pregnancy
OngoingPregnancy7,Ongoing Pregnancy,ICD10,O40.1,Polyhydramnios- first trimester,"","",narrow,P,PrA,O40.1,ongoing_pregnancy
OngoingPregnancy7,Ongoing Pregnancy,ICD10,O40.2,Polyhydramnios- second trimester,"","",narrow,P,PrA,O40.2,ongoing_pregnancy
OngoingPregnancy7,Ongoing Pregnancy,ICD10,O40.3,Polyhydramnios- third trimester,"","",narrow,P,PrA,O40.3,ongoing_pregnancy
OngoingPregnancy7,Ongoing Pregnancy,ICD10,O40.9,Polyhydramnios- unspecified trimester,"","",narrow,P,PrA,O40.9,ongoing_pregnancy
OngoingPregnancy7,Ongoing Pregnancy,ICD10,O43,Placental disorders,C0032045,Placenta Disorders,narrow,P,PrA,O43,ongoing_pregnancy
OngoingPregnancy7,Ongoing Pregnancy,ICD10,O43.0,Placental transfusion syndromes,"","",narrow,P,PrA,O43.0,ongoing_pregnancy
OngoingPregnancy7,Ongoing Pregnancy,ICD10,O43.01,Fetomaternal placental transfusion syndrome,"","",narrow,P,PrA,O43.01,ongoing_pregnancy
OngoingPregnancy7,Ongoing Pregnancy,ICD10,O43.02,Fetus-to-fetus placental transfusion syndrome,"","",narrow,P,PrA,O43.02,ongoing_pregnancy
OngoingPregnancy7,Ongoing Pregnancy,ICD10,O43.1,Malformation of placenta,"","",narrow,P,PrA,O43.1,ongoing_pregnancy
OngoingPregnancy7,Ongoing Pregnancy,ICD10,O43.10,Malformation of placenta- unspecified,"","",narrow,P,PrA,O43.10,ongoing_pregnancy
OngoingPregnancy7,Ongoing Pregnancy,ICD10,O43.11,Circumvallate placenta,"","",narrow,P,PrA,O43.11,ongoing_pregnancy
OngoingPregnancy7,Ongoing Pregnancy,ICD10,O43.12,Velamentous insertion of umbilical cord,"","",narrow,P,PrA,O43.12,ongoing_pregnancy
OngoingPregnancy7,Ongoing Pregnancy,ICD10,O43.19,Other malformation of placenta,"","",narrow,P,PrA,O43.19,ongoing_pregnancy
OngoingPregnancy7,Ongoing Pregnancy,ICD10,O43.2,Morbidly adherent placenta,"","",narrow,P,PrA,O43.2,ongoing_pregnancy
OngoingPregnancy7,Ongoing Pregnancy,ICD10,O43.21,Placenta accreta,"","",narrow,P,PrA,O43.21,ongoing_pregnancy
OngoingPregnancy7,Ongoing Pregnancy,ICD10,O43.22,Placenta increta,"","",narrow,P,PrA,O43.22,ongoing_pregnancy
OngoingPregnancy7,Ongoing Pregnancy,ICD10,O43.23,Placenta percreta,"","",narrow,P,PrA,O43.23,ongoing_pregnancy
OngoingPregnancy7,Ongoing Pregnancy,ICD10,O43.81,Placental infarction,"","",narrow,P,PrA,O43.81,ongoing_pregnancy
OngoingPregnancy7,Ongoing Pregnancy,ICD10,O43.89,Other placental disorders,"","",narrow,P,PrA,O43.89,ongoing_pregnancy
OngoingPregnancy7,Ongoing Pregnancy,ICD10,O43.9,Placental disorder- unspecified,C0032045,Placenta Disorders,narrow,P,PrA,O43.9,ongoing_pregnancy
OngoingPregnancy7,Ongoing Pregnancy,ICD10,O43.90,Unspecified placental disorder- unspecified trimester,C0032045,Placenta Disorders,narrow,P,PrA,O43.90,ongoing_pregnancy
OngoingPregnancy7,Ongoing Pregnancy,ICD10,O43.91,Unspecified placental disorder- first trimester,"","",narrow,P,PrA,O43.91,ongoing_pregnancy
OngoingPregnancy7,Ongoing Pregnancy,ICD10,O43.92,Unspecified placental disorder- second trimester,"","",narrow,P,PrA,O43.92,ongoing_pregnancy
OngoingPregnancy7,Ongoing Pregnancy,ICD10,O43.93,Unspecified placental disorder- third trimester,"","",narrow,P,PrA,O43.93,ongoing_pregnancy
OngoingPregnancy7,Ongoing Pregnancy,ICD10,O45,Premature separation of placenta [abruptio placentae],C0000832,Abruptio Placentae,narrow,P,PrA,O45,ongoing_pregnancy
OngoingPregnancy7,Ongoing Pregnancy,ICD10,O45.0,Premature separation of placenta with coagulation defect,"","",narrow,P,PrA,O45.0,ongoing_pregnancy
OngoingPregnancy7,Ongoing Pregnancy,ICD10,O45.00,Premature separation of placenta with coagulation defect- unspecified,"","",narrow,P,PrA,O45.00,ongoing_pregnancy
OngoingPregnancy7,Ongoing Pregnancy,ICD10,O45.01,Premature separation of placenta with afibrinogenemia,"","",narrow,P,PrA,O45.01,ongoing_pregnancy
OngoingPregnancy7,Ongoing Pregnancy,ICD10,O45.02,Premature separation of placenta with disseminated intravascular coagulation,"","",narrow,P,PrA,O45.02,ongoing_pregnancy
OngoingPregnancy7,Ongoing Pregnancy,ICD10,O45.09,Premature separation of placenta with other coagulation defect,"","",narrow,P,PrA,O45.09,ongoing_pregnancy
OngoingPregnancy7,Ongoing Pregnancy,ICD10,O45.8,Other premature separation of placenta,"","",narrow,P,PrA,O45.8,ongoing_pregnancy
OngoingPregnancy7,Ongoing Pregnancy,ICD10,O45.8X,Other premature separation of placenta,"","",narrow,P,PrA,O45.8X,ongoing_pregnancy
OngoingPregnancy7,Ongoing Pregnancy,ICD10,O45.9,Premature separation of placenta- unspecified,C0000832,Abruptio Placentae,narrow,P,PrA,O45.9,ongoing_pregnancy
OngoingPregnancy7,Ongoing Pregnancy,ICD10,O45.90,Premature separation of placenta- unspecified- unspecified trimester,"","",narrow,P,PrA,O45.90,ongoing_pregnancy
OngoingPregnancy7,Ongoing Pregnancy,ICD10,O45.91,Premature separation of placenta- unspecified- first trimester,"","",narrow,P,PrA,O45.91,ongoing_pregnancy
OngoingPregnancy7,Ongoing Pregnancy,ICD10,O45.92,Premature separation of placenta- unspecified- second trimester,"","",narrow,P,PrA,O45.92,ongoing_pregnancy
OngoingPregnancy7,Ongoing Pregnancy,ICD10,O45.93,Premature separation of placenta- unspecified- third trimester,"","",narrow,P,PrA,O45.93,ongoing_pregnancy
OngoingPregnancy7,Ongoing Pregnancy,ICD10,O46.0,Antepartum haemorrhage with coagulation defect,C0156631,Antepartum hemorrhage associated with coagulation defect,narrow,P,PrA,O46.0,ongoing_pregnancy
OngoingPregnancy7,Ongoing Pregnancy,ICD10,O46.00,Antepartum hemorrhage with coagulation defect- unspecified,"","",narrow,P,PrA,O46.00,ongoing_pregnancy
OngoingPregnancy7,Ongoing Pregnancy,ICD10,O46.01,Antepartum hemorrhage with afibrinogenemia,"","",narrow,P,PrA,O46.01,ongoing_pregnancy
OngoingPregnancy7,Ongoing Pregnancy,ICD10,O46.02,Antepartum hemorrhage with disseminated intravascular coagulation,"","",narrow,P,PrA,O46.02,ongoing_pregnancy
OngoingPregnancy7,Ongoing Pregnancy,ICD10,O46.09,Antepartum hemorrhage with other coagulation defect,"","",narrow,P,PrA,O46.09,ongoing_pregnancy
OngoingPregnancy7,Ongoing Pregnancy,ICD10,O46.8,Other antepartum haemorrhage,C0156635,Other antepartum hemorrhage,narrow,P,PrA,O46.8,ongoing_pregnancy
OngoingPregnancy7,Ongoing Pregnancy,ICD10,O46.8X,Other antepartum hemorrhage,"","",narrow,P,PrA,O46.8X,ongoing_pregnancy
OngoingPregnancy7,Ongoing Pregnancy,ICD10,Z33,Pregnant state- incidental,C0451636,Pregnant state- incidental,narrow,P,PrA,Z33,ongoing_pregnancy
OngoingPregnancy7,Ongoing Pregnancy,ICD10,Z33.1,Pregnant state- incidental,C0451636,Pregnant state- incidental,narrow,P,PrA,Z33.1,ongoing_pregnancy
OngoingPregnancy7,Ongoing Pregnancy,ICD10,Z33.3,Pregnant state- gestational carrier,"","",narrow,P,PrA,Z33.3,ongoing_pregnancy
OngoingPregnancy7,Ongoing Pregnancy,ICD10,Z33.9,Pregnancy as a chance finding,"","",narrow,P,PrA,Z33.9,ongoing_pregnancy
OngoingPregnancy7,Ongoing Pregnancy,ICD10,Z34,Supervision of normal pregnancy,C0700573,Encounter due to normal pregnancy,narrow,P,PrA,Z34,ongoing_pregnancy
OngoingPregnancy7,Ongoing Pregnancy,ICD10,Z34.0,Supervision of normal first pregnancy,C0260550,Encounter due to first normal pregnancy supervision,narrow,P,PrA,Z34.0,ongoing_pregnancy
OngoingPregnancy7,Ongoing Pregnancy,ICD10,Z34.00,Encounter for supervision of normal first pregnancy- unspecified trimester,"","",narrow,P,PrA,Z34.00,ongoing_pregnancy
OngoingPregnancy7,Ongoing Pregnancy,ICD10,Z34.01,Encounter for supervision of normal first pregnancy- first trimester,"","",narrow,P,PrA,Z34.01,ongoing_pregnancy
OngoingPregnancy7,Ongoing Pregnancy,ICD10,Z34.02,Encounter for supervision of normal first pregnancy- second trimester,"","",narrow,P,PrA,Z34.02,ongoing_pregnancy
OngoingPregnancy7,Ongoing Pregnancy,ICD10,Z34.03,Encounter for supervision of normal first pregnancy- third trimester,"","",narrow,P,PrA,Z34.03,ongoing_pregnancy
OngoingPregnancy7,Ongoing Pregnancy,ICD10,Z34.8,Supervision of other normal pregnancy,C0038843,Supervision of other normal pregnancy,narrow,P,PrA,Z34.8,ongoing_pregnancy
OngoingPregnancy7,Ongoing Pregnancy,ICD10,Z34.80,Encounter for supervision of other normal pregnancy- unspecified trimester,"","",narrow,P,PrA,Z34.80,ongoing_pregnancy
OngoingPregnancy7,Ongoing Pregnancy,ICD10,Z34.81,Encounter for supervision of other normal pregnancy- first trimester,"","",narrow,P,PrA,Z34.81,ongoing_pregnancy
OngoingPregnancy7,Ongoing Pregnancy,ICD10,Z34.82,Encounter for supervision of other normal pregnancy- second trimester,"","",narrow,P,PrA,Z34.82,ongoing_pregnancy
OngoingPregnancy7,Ongoing Pregnancy,ICD10,Z34.83,Encounter for supervision of other normal pregnancy- third trimester,"","",narrow,P,PrA,Z34.83,ongoing_pregnancy
OngoingPregnancy7,Ongoing Pregnancy,ICD10,Z34.9,Supervision of normal pregnancy- unspecified,C0700573,Encounter due to normal pregnancy,narrow,P,PrA,Z34.9,ongoing_pregnancy
OngoingPregnancy7,Ongoing Pregnancy,ICD10,Z34.90,Encounter for supervision of normal pregnancy- unspecified- unspecified trimester,"","",narrow,P,PrA,Z34.90,ongoing_pregnancy
OngoingPregnancy7,Ongoing Pregnancy,ICD10,Z34.91,Encounter for supervision of normal pregnancy- unspecified- first trimester,"","",narrow,P,PrA,Z34.91,ongoing_pregnancy
OngoingPregnancy7,Ongoing Pregnancy,ICD10,Z34.92,Encounter for supervision of normal pregnancy- unspecified- second trimester,"","",narrow,P,PrA,Z34.92,ongoing_pregnancy
OngoingPregnancy7,Ongoing Pregnancy,ICD10,Z34.93,Encounter for supervision of normal pregnancy- unspecified- third trimester,"","",narrow,P,PrA,Z34.93,ongoing_pregnancy
OngoingPregnancy7,Ongoing Pregnancy,ICD10,Z35,Supervision of high-risk pregnancy,C0260551,Encounter for supervision of high-risk pregnancy,narrow,P,PrA,Z35,ongoing_pregnancy
OngoingPregnancy7,Ongoing Pregnancy,ICD10,Z35.0,Supervision of pregnancy with history of infertility,"","",narrow,P,PrA,Z35.0,ongoing_pregnancy
OngoingPregnancy7,Ongoing Pregnancy,ICD10,Z35.1,Supervision of pregnancy with history of abortive outcome,"","",narrow,P,PrA,Z35.1,ongoing_pregnancy
OngoingPregnancy7,Ongoing Pregnancy,ICD10,Z35.2,Supervision of pregnancy with other poor reproductive or obstetric history,"","",narrow,P,PrA,Z35.2,ongoing_pregnancy
OngoingPregnancy7,Ongoing Pregnancy,ICD10,Z35.3,Supervision of pregnancy with history of insufficient antenatal care,"","",narrow,P,PrA,Z35.3,ongoing_pregnancy
OngoingPregnancy7,Ongoing Pregnancy,ICD10,Z35.4,Supervision of pregnancy with grand multiparity,"","",narrow,P,PrA,Z35.4,ongoing_pregnancy
OngoingPregnancy7,Ongoing Pregnancy,ICD10,Z35.5,Supervision of elderly primigravida,"","",narrow,P,PrA,Z35.5,ongoing_pregnancy
OngoingPregnancy7,Ongoing Pregnancy,ICD10,Z35.6,Supervision of very young primigravida,"","",narrow,P,PrA,Z35.6,ongoing_pregnancy
OngoingPregnancy7,Ongoing Pregnancy,ICD10,Z35.7,Supervision of high-risk pregnancy due to social problems,"","",narrow,P,PrA,Z35.7,ongoing_pregnancy
OngoingPregnancy7,Ongoing Pregnancy,ICD10,Z35.8,Supervision of other high-risk pregnancies,C0260559,Encounter for supervision of other high-risk pregnancies,narrow,P,PrA,Z35.8,ongoing_pregnancy
OngoingPregnancy7,Ongoing Pregnancy,ICD10,Z35.9,Supervision of high-risk pregnancy- unspecified,C0260551,Encounter for supervision of high-risk pregnancy,narrow,P,PrA,Z35.9,ongoing_pregnancy
OngoingPregnancy7,Ongoing Pregnancy,ICD10,Z36,Antenatal screening,C0260591,Encounter due to antenatal screening,narrow,P,PrA,Z36,ongoing_pregnancy
OngoingPregnancy7,Ongoing Pregnancy,ICD10,Z36.0,Encounter for antenatal screening for chromosomal anomalies - Antenatal screening for chromosomal anomalies,"","",narrow,P,PrA,Z36.0,ongoing_pregnancy
OngoingPregnancy7,Ongoing Pregnancy,ICD10,Z36.1,Antenatal screening for raised alphafetoprotein level,C0496648,Antenatal screening for raised alphafetoprotein level,narrow,P,PrA,Z36.1,ongoing_pregnancy
OngoingPregnancy7,Ongoing Pregnancy,ICD10,Z36.2,Other antenatal screening based on amniocentesis,C0260594,Other antenatal screening based on amniocentesis,narrow,P,PrA,Z36.2,ongoing_pregnancy
OngoingPregnancy7,Ongoing Pregnancy,ICD10,Z36.3,Antenatal screening for malformations using ultrasound and other physical methods - Encounter for antenatal screening for malformations,"","",narrow,P,PrA,Z36.3,ongoing_pregnancy
OngoingPregnancy7,Ongoing Pregnancy,ICD10,Z36.4,Antenatal screening for fetal growth retardation using ultrasound and other physical methods,C0260596,Antenatal screening for fetal growth retardation using ultrasound and other physical methods,narrow,P,PrA,Z36.4,ongoing_pregnancy
OngoingPregnancy7,Ongoing Pregnancy,ICD10,Z36.5,Antenatal screening for isoimmunization - Encounter for antenatal screening for isoimmunization,"","",narrow,P,PrA,Z36.5,ongoing_pregnancy
OngoingPregnancy7,Ongoing Pregnancy,ICD10,Z36.8,Other antenatal screening - Encounter for other antenatal screening,"","",narrow,P,PrA,Z36.8,ongoing_pregnancy
OngoingPregnancy7,Ongoing Pregnancy,ICD10,Z36.81,Encounter for antenatal screening for hydrops fetalis,"","",narrow,P,PrA,Z36.81,ongoing_pregnancy
OngoingPregnancy7,Ongoing Pregnancy,ICD10,Z36.82,Encounter for antenatal screening for nuchal translucency,"","",narrow,P,PrA,Z36.82,ongoing_pregnancy
OngoingPregnancy7,Ongoing Pregnancy,ICD10,Z36.83,Encounter for fetal screening for congenital cardiac abnormalities,"","",narrow,P,PrA,Z36.83,ongoing_pregnancy
OngoingPregnancy7,Ongoing Pregnancy,ICD10,Z36.84,Encounter for antenatal screening for fetal lung maturity,"","",narrow,P,PrA,Z36.84,ongoing_pregnancy
OngoingPregnancy7,Ongoing Pregnancy,ICD10,Z36.85,Encounter for antenatal screening for Streptococcus B,"","",narrow,P,PrA,Z36.85,ongoing_pregnancy
OngoingPregnancy7,Ongoing Pregnancy,ICD10,Z36.86,Encounter for antenatal screening for cervical length,"","",narrow,P,PrA,Z36.86,ongoing_pregnancy
OngoingPregnancy7,Ongoing Pregnancy,ICD10,Z36.87,Encounter for antenatal screening for uncertain dates,"","",narrow,P,PrA,Z36.87,ongoing_pregnancy
OngoingPregnancy7,Ongoing Pregnancy,ICD10,Z36.88,Encounter for antenatal screening for fetal macrosomia,"","",narrow,P,PrA,Z36.88,ongoing_pregnancy
OngoingPregnancy7,Ongoing Pregnancy,ICD10,Z36.89,Encounter for other specified antenatal screening,"","",narrow,P,PrA,Z36.89,ongoing_pregnancy
OngoingPregnancy7,Ongoing Pregnancy,ICD10,Z36.8A,Encounter for antenatal screening for other genetic defects,"","",narrow,P,PrA,Z36.8A,ongoing_pregnancy
OngoingPregnancy7,Ongoing Pregnancy,ICD10,Z36.9,Antenatal screening- unspecified,C0260591,Encounter due to antenatal screening,narrow,P,PrA,Z36.9,ongoing_pregnancy
OngoingPregnancy7,Ongoing Pregnancy,ICD10CM,N88.3,Incompetence of cervix uteri,C0007871,Uterine Cervical Incompetence,narrow,P,PrA,N88.3,ongoing_pregnancy
OngoingPregnancy7,Ongoing Pregnancy,ICD10CM,O02.81,Inappropriate change in quantitative human chorionic gonadotropin (hCG) in early pregnancy,C3161120,Inappropriate change in quantitative human chorionic gonadotropin (hCG) in early pregnancy,narrow,P,PrA,O02.81,ongoing_pregnancy
OngoingPregnancy7,Ongoing Pregnancy,ICD10CM,O12.0,Gestational edema,C0341960,Gestational edema,narrow,P,PrA,O12.0,ongoing_pregnancy
OngoingPregnancy7,Ongoing Pregnancy,ICD10CM,O12.00,Gestational edema- unspecified trimester,"","",narrow,P,PrA,O12.00,ongoing_pregnancy
OngoingPregnancy7,Ongoing Pregnancy,ICD10CM,O12.01,Gestational edema- first trimester,"","",narrow,P,PrA,O12.01,ongoing_pregnancy
OngoingPregnancy7,Ongoing Pregnancy,ICD10CM,O12.02,Gestational edema- second trimester,"","",narrow,P,PrA,O12.02,ongoing_pregnancy
OngoingPregnancy7,Ongoing Pregnancy,ICD10CM,O12.03,Gestational edema- third trimester,"","",narrow,P,PrA,O12.03,ongoing_pregnancy
OngoingPregnancy7,Ongoing Pregnancy,ICD10CM,O14,Pre-eclampsia,C0032914,Pre-Eclampsia,narrow,P,PrA,O14,ongoing_pregnancy
OngoingPregnancy7,Ongoing Pregnancy,ICD10CM,O14.0,Mild to moderate pre-eclampsia,C2977271,"",narrow,P,PrA,O14.0,ongoing_pregnancy
OngoingPregnancy7,Ongoing Pregnancy,ICD10CM,O14.00,Mild to moderate pre-eclampsia- unspecified trimester,C2977272,"",narrow,P,PrA,O14.00,ongoing_pregnancy
OngoingPregnancy7,Ongoing Pregnancy,ICD10CM,O14.02,Mild to moderate pre-eclampsia- second trimester,C2903574,"",narrow,P,PrA,O14.02,ongoing_pregnancy
OngoingPregnancy7,Ongoing Pregnancy,ICD10CM,O14.03,Mild to moderate pre-eclampsia- third trimester,C2903575,"",narrow,P,PrA,O14.03,ongoing_pregnancy
OngoingPregnancy7,Ongoing Pregnancy,ICD10CM,O14.10,Severe pre-eclampsia- unspecified trimester,"","",narrow,P,PrA,O14.10,ongoing_pregnancy
OngoingPregnancy7,Ongoing Pregnancy,ICD10CM,O14.12,severe pre-eclampsia- second trimester,C2903577,"",narrow,P,PrA,O14.12,ongoing_pregnancy
OngoingPregnancy7,Ongoing Pregnancy,ICD10CM,O14.13,severe pre-eclampsia- third trimester,C2903578,"",narrow,P,PrA,O14.13,ongoing_pregnancy
OngoingPregnancy7,Ongoing Pregnancy,ICD10CM,O14.9,Unspecified pre-eclampsia,C0032914,Pre-Eclampsia,narrow,P,PrA,O14.9,ongoing_pregnancy
OngoingPregnancy7,Ongoing Pregnancy,ICD10CM,O14.90,Unspecified pre-eclampsia- unspecified trimester,C0032914,Pre-Eclampsia,narrow,P,PrA,O14.90,ongoing_pregnancy
OngoingPregnancy7,Ongoing Pregnancy,ICD10CM,O14.92,Unspecified pre-eclampsia- second trimester,"","",narrow,P,PrA,O14.92,ongoing_pregnancy
OngoingPregnancy7,Ongoing Pregnancy,ICD10CM,O14.93,Unspecified pre-eclampsia- third trimester,"","",narrow,P,PrA,O14.93,ongoing_pregnancy
OngoingPregnancy7,Ongoing Pregnancy,ICD10CM,O15.00,Eclampsia complicating pregnancy- unspecified trimester,C4268996,"",narrow,P,PrA,O15.00,ongoing_pregnancy
OngoingPregnancy7,Ongoing Pregnancy,ICD10CM,O15.02,Eclampsia complicating pregnancy- second trimester,C4268997,"",narrow,P,PrA,O15.02,ongoing_pregnancy
OngoingPregnancy7,Ongoing Pregnancy,ICD10CM,O15.03,Eclampsia complicating pregnancy- third trimester,C4268998,"",narrow,P,PrA,O15.03,ongoing_pregnancy
OngoingPregnancy7,Ongoing Pregnancy,ICD10CM,O20.0,Threatened abortion,C0000821,Threatened abortion,narrow,P,PrA,O20.0,ongoing_pregnancy
OngoingPregnancy7,Ongoing Pregnancy,ICD10CM,O23,Infections of genitourinary tract in pregnancy,C0156756,Genitourinary tract infection in pregnancy,narrow,P,PrA,O23,ongoing_pregnancy
OngoingPregnancy7,Ongoing Pregnancy,ICD10CM,O23.0,Infections of kidney in pregnancy,"","",narrow,P,PrA,O23.0,ongoing_pregnancy
OngoingPregnancy7,Ongoing Pregnancy,ICD10CM,O23.00,Infections of kidney in pregnancy- unspecified trimester,"","",narrow,P,PrA,O23.00,ongoing_pregnancy
OngoingPregnancy7,Ongoing Pregnancy,ICD10CM,O23.01,Infections of kidney in pregnancy- first trimester,"","",narrow,P,PrA,O23.01,ongoing_pregnancy
OngoingPregnancy7,Ongoing Pregnancy,ICD10CM,O23.02,Infections of kidney in pregnancy- second trimester,"","",narrow,P,PrA,O23.02,ongoing_pregnancy
OngoingPregnancy7,Ongoing Pregnancy,ICD10CM,O23.03,Infections of kidney in pregnancy- third trimester,"","",narrow,P,PrA,O23.03,ongoing_pregnancy
OngoingPregnancy7,Ongoing Pregnancy,ICD10CM,O23.1,Infections of bladder in pregnancy,"","",narrow,P,PrA,O23.1,ongoing_pregnancy
OngoingPregnancy7,Ongoing Pregnancy,ICD10CM,O23.10,Infections of bladder in pregnancy- unspecified trimester,"","",narrow,P,PrA,O23.10,ongoing_pregnancy
OngoingPregnancy7,Ongoing Pregnancy,ICD10CM,O23.11,Infections of bladder in pregnancy- first trimester,"","",narrow,P,PrA,O23.11,ongoing_pregnancy
OngoingPregnancy7,Ongoing Pregnancy,ICD10CM,O23.12,Infections of bladder in pregnancy- second trimester,"","",narrow,P,PrA,O23.12,ongoing_pregnancy
OngoingPregnancy7,Ongoing Pregnancy,ICD10CM,O23.13,Infections of bladder in pregnancy- third trimester,"","",narrow,P,PrA,O23.13,ongoing_pregnancy
OngoingPregnancy7,Ongoing Pregnancy,ICD10CM,O23.2,Infections of urethra in pregnancy,"","",narrow,P,PrA,O23.2,ongoing_pregnancy
OngoingPregnancy7,Ongoing Pregnancy,ICD10CM,O23.20,Infections of urethra in pregnancy- unspecified trimester,"","",narrow,P,PrA,O23.20,ongoing_pregnancy
OngoingPregnancy7,Ongoing Pregnancy,ICD10CM,O23.21,Infections of urethra in pregnancy- first trimester,"","",narrow,P,PrA,O23.21,ongoing_pregnancy
OngoingPregnancy7,Ongoing Pregnancy,ICD10CM,O23.22,Infections of urethra in pregnancy- second trimester,"","",narrow,P,PrA,O23.22,ongoing_pregnancy
OngoingPregnancy7,Ongoing Pregnancy,ICD10CM,O23.23,Infections of urethra in pregnancy- third trimester,"","",narrow,P,PrA,O23.23,ongoing_pregnancy
OngoingPregnancy7,Ongoing Pregnancy,ICD10CM,O23.3,Infections of other parts of urinary tract in pregnancy,"","",narrow,P,PrA,O23.3,ongoing_pregnancy
OngoingPregnancy7,Ongoing Pregnancy,ICD10CM,O23.30,Infections of other parts of urinary tract in pregnancy- unspecified trimester,"","",narrow,P,PrA,O23.30,ongoing_pregnancy
OngoingPregnancy7,Ongoing Pregnancy,ICD10CM,O23.31,Infections of other parts of urinary tract in pregnancy- first trimester,"","",narrow,P,PrA,O23.31,ongoing_pregnancy
OngoingPregnancy7,Ongoing Pregnancy,ICD10CM,O23.32,Infections of other parts of urinary tract in pregnancy- second trimester,"","",narrow,P,PrA,O23.32,ongoing_pregnancy
OngoingPregnancy7,Ongoing Pregnancy,ICD10CM,O23.33,Infections of other parts of urinary tract in pregnancy- third trimester,"","",narrow,P,PrA,O23.33,ongoing_pregnancy
OngoingPregnancy7,Ongoing Pregnancy,ICD10CM,O23.4,Unspecified infection of urinary tract in pregnancy,C0495188,Urinary tract infection in pregnancy,narrow,P,PrA,O23.4,ongoing_pregnancy
OngoingPregnancy7,Ongoing Pregnancy,ICD10CM,O23.40,Unspecified infection of urinary tract in pregnancy- unspecified trimester,C0495188,Urinary tract infection in pregnancy,narrow,P,PrA,O23.40,ongoing_pregnancy
OngoingPregnancy7,Ongoing Pregnancy,ICD10CM,O23.41,Unspecified infection of urinary tract in pregnancy- first trimester,"","",narrow,P,PrA,O23.41,ongoing_pregnancy
OngoingPregnancy7,Ongoing Pregnancy,ICD10CM,O23.42,Unspecified infection of urinary tract in pregnancy- second trimester,"","",narrow,P,PrA,O23.42,ongoing_pregnancy
OngoingPregnancy7,Ongoing Pregnancy,ICD10CM,O23.43,Unspecified infection of urinary tract in pregnancy- third trimester,"","",narrow,P,PrA,O23.43,ongoing_pregnancy
OngoingPregnancy7,Ongoing Pregnancy,ICD10CM,O23.5,Infections of the genital tract in pregnancy,"","",narrow,P,PrA,O23.5,ongoing_pregnancy
OngoingPregnancy7,Ongoing Pregnancy,ICD10CM,O23.51,Infection of cervix in pregnancy,"","",narrow,P,PrA,O23.51,ongoing_pregnancy
OngoingPregnancy7,Ongoing Pregnancy,ICD10CM,O23.52,Salpingo-oophoritis in pregnancy,"","",narrow,P,PrA,O23.52,ongoing_pregnancy
OngoingPregnancy7,Ongoing Pregnancy,ICD10CM,O23.59,Infection of other part of genital tract in pregnancy,"","",narrow,P,PrA,O23.59,ongoing_pregnancy
OngoingPregnancy7,Ongoing Pregnancy,ICD10CM,O23.9,Genitourinary tract infection in pregnancy NOS,C0156756,Genitourinary tract infection in pregnancy,narrow,P,PrA,O23.9,ongoing_pregnancy
OngoingPregnancy7,Ongoing Pregnancy,ICD10CM,O23.90,Unspecified genitourinary tract infection in pregnancy- unspecified trimester,C0156756,Genitourinary tract infection in pregnancy,narrow,P,PrA,O23.90,ongoing_pregnancy
OngoingPregnancy7,Ongoing Pregnancy,ICD10CM,O23.91,Unspecified genitourinary tract infection in pregnancy- first trimester,"","",narrow,P,PrA,O23.91,ongoing_pregnancy
OngoingPregnancy7,Ongoing Pregnancy,ICD10CM,O23.92,Unspecified genitourinary tract infection in pregnancy- second trimester,"","",narrow,P,PrA,O23.92,ongoing_pregnancy
OngoingPregnancy7,Ongoing Pregnancy,ICD10CM,O23.93,Unspecified genitourinary tract infection in pregnancy- third trimester,"","",narrow,P,PrA,O23.93,ongoing_pregnancy
OngoingPregnancy7,Ongoing Pregnancy,ICD10CM,O24.4,Diabetes mellitus arising in pregnancy,C0085207,Gestational Diabetes,narrow,P,PrA,O24.4,ongoing_pregnancy
OngoingPregnancy7,Ongoing Pregnancy,ICD10CM,O26.4,Herpes gestationis,C0019343,Pemphigoid Gestationis,narrow,P,PrA,O26.4,ongoing_pregnancy
OngoingPregnancy7,Ongoing Pregnancy,ICD10CM,O26.40,Herpes gestationis- unspecified trimester,C0019343,Pemphigoid Gestationis,narrow,P,PrA,O26.40,ongoing_pregnancy
OngoingPregnancy7,Ongoing Pregnancy,ICD10CM,O26.41,Herpes gestationis- first trimester,"","",narrow,P,PrA,O26.41,ongoing_pregnancy
OngoingPregnancy7,Ongoing Pregnancy,ICD10CM,O26.42,Herpes gestationis- second trimester,"","",narrow,P,PrA,O26.42,ongoing_pregnancy
OngoingPregnancy7,Ongoing Pregnancy,ICD10CM,O26.43,Herpes gestationis- third trimester,"","",narrow,P,PrA,O26.43,ongoing_pregnancy
OngoingPregnancy7,Ongoing Pregnancy,ICD10CM,O26.61,Liver and biliary tract disorders in pregnancy,C3161439,Liver and biliary tract disorders in pregnancy,narrow,P,PrA,O26.61,ongoing_pregnancy
OngoingPregnancy7,Ongoing Pregnancy,ICD10CM,O30,Multiple gestation,C0032989,Multiple Pregnancy,narrow,P,PrA,O30,ongoing_pregnancy
OngoingPregnancy7,Ongoing Pregnancy,ICD10CM,O30.0,Twin pregnancy,C0152150,Pregnancy- Twin,narrow,P,PrA,O30.0,ongoing_pregnancy
OngoingPregnancy7,Ongoing Pregnancy,ICD10CM,O30.00,Twin pregnancy- unspecified number of placenta and unspecified number of amniotic sacs,C0152150,Pregnancy- Twin,narrow,P,PrA,O30.00,ongoing_pregnancy
OngoingPregnancy7,Ongoing Pregnancy,ICD10CM,O30.009,Twin pregnancy- unspecified number of placenta and unspecified number of amniotic sacs- unspecified trimester,C0152150,Pregnancy- Twin,narrow,P,PrA,O30.009,ongoing_pregnancy
OngoingPregnancy7,Ongoing Pregnancy,ICD10CM,O30.01,Twin pregnancy- monochorionic-monoamniotic,"","",narrow,P,PrA,O30.01,ongoing_pregnancy
OngoingPregnancy7,Ongoing Pregnancy,ICD10CM,O30.02,Conjoined twin pregnancy,"","",narrow,P,PrA,O30.02,ongoing_pregnancy
OngoingPregnancy7,Ongoing Pregnancy,ICD10CM,O30.03,Twin pregnancy- monochorionic-diamniotic,"","",narrow,P,PrA,O30.03,ongoing_pregnancy
OngoingPregnancy7,Ongoing Pregnancy,ICD10CM,O30.04,Twin pregnancy- dichorionic-diamniotic,"","",narrow,P,PrA,O30.04,ongoing_pregnancy
OngoingPregnancy7,Ongoing Pregnancy,ICD10CM,O30.09,Twin pregnancy- unable to determine number of placenta and number of amniotic sacs,"","",narrow,P,PrA,O30.09,ongoing_pregnancy
OngoingPregnancy7,Ongoing Pregnancy,ICD10CM,O30.10,Triplet pregnancy- unspecified number of placenta and unspecified number of amniotic sacs,"","",narrow,P,PrA,O30.10,ongoing_pregnancy
OngoingPregnancy7,Ongoing Pregnancy,ICD10CM,O30.11,Triplet pregnancy with two or more monochorionic fetuses,"","",narrow,P,PrA,O30.11,ongoing_pregnancy
OngoingPregnancy7,Ongoing Pregnancy,ICD10CM,O30.12,Triplet pregnancy with two or more monoamniotic fetuses,"","",narrow,P,PrA,O30.12,ongoing_pregnancy
OngoingPregnancy7,Ongoing Pregnancy,ICD10CM,O30.13,Triplet pregnancy- trichorionic-triamniotic,"","",narrow,P,PrA,O30.13,ongoing_pregnancy
OngoingPregnancy7,Ongoing Pregnancy,ICD10CM,O30.19,Triplet pregnancy- unable to determine number of placenta and number of amniotic sacs,"","",narrow,P,PrA,O30.19,ongoing_pregnancy
OngoingPregnancy7,Ongoing Pregnancy,ICD10CM,O30.20,Quadruplet pregnancy- unspecified number of placenta and unspecified number of amniotic sacs,"","",narrow,P,PrA,O30.20,ongoing_pregnancy
OngoingPregnancy7,Ongoing Pregnancy,ICD10CM,O30.21,Quadruplet pregnancy with two or more monochorionic fetuses,"","",narrow,P,PrA,O30.21,ongoing_pregnancy
OngoingPregnancy7,Ongoing Pregnancy,ICD10CM,O30.22,Quadruplet pregnancy with two or more monoamniotic fetuses,"","",narrow,P,PrA,O30.22,ongoing_pregnancy
OngoingPregnancy7,Ongoing Pregnancy,ICD10CM,O30.23,Quadruplet pregnancy- quadrachorionic-quadra-amniotic,"","",narrow,P,PrA,O30.23,ongoing_pregnancy
OngoingPregnancy7,Ongoing Pregnancy,ICD10CM,O30.29,Quadruplet pregnancy- unable to determine number of placenta and number of amniotic sacs,"","",narrow,P,PrA,O30.29,ongoing_pregnancy
OngoingPregnancy7,Ongoing Pregnancy,ICD10CM,O30.80,Other specified multiple gestation- unspecified number of placenta and unspecified number of amniotic sacs,C2921363,Other specified multiple gestation- unspecified number of placenta and unspecified number of amniotic sacs,narrow,P,PrA,O30.80,ongoing_pregnancy
OngoingPregnancy7,Ongoing Pregnancy,ICD10CM,O30.81,Other specified multiple gestation with two or more monochorionic fetuses,"","",narrow,P,PrA,O30.81,ongoing_pregnancy
OngoingPregnancy7,Ongoing Pregnancy,ICD10CM,O30.82,Other specified multiple gestation with two or more monoamniotic fetuses,"","",narrow,P,PrA,O30.82,ongoing_pregnancy
OngoingPregnancy7,Ongoing Pregnancy,ICD10CM,O30.83,Other specified multiple gestation- number of chorions and amnions are both equal to the number of fetuses,"","",narrow,P,PrA,O30.83,ongoing_pregnancy
OngoingPregnancy7,Ongoing Pregnancy,ICD10CM,O30.89,Other specified multiple gestation- unable to determine number of placenta and number of amniotic sacs,C2921366,Other specified multiple gestation- unable to determine number of placenta and number of amniotic sacs,narrow,P,PrA,O30.89,ongoing_pregnancy
OngoingPregnancy7,Ongoing Pregnancy,ICD10CM,O30.9,Multiple gestation- unspecified,C0032989,Multiple Pregnancy,narrow,P,PrA,O30.9,ongoing_pregnancy
OngoingPregnancy7,Ongoing Pregnancy,ICD10CM,O30.90,Multiple gestation- unspecified- unspecified trimester,C0032989,Multiple Pregnancy,narrow,P,PrA,O30.90,ongoing_pregnancy
OngoingPregnancy7,Ongoing Pregnancy,ICD10CM,O30.91,Multiple gestation- unspecified- first trimester,"","",narrow,P,PrA,O30.91,ongoing_pregnancy
OngoingPregnancy7,Ongoing Pregnancy,ICD10CM,O30.92,Multiple gestation- unspecified- second trimester,"","",narrow,P,PrA,O30.92,ongoing_pregnancy
OngoingPregnancy7,Ongoing Pregnancy,ICD10CM,O30.93,Multiple gestation- unspecified- third trimester,"","",narrow,P,PrA,O30.93,ongoing_pregnancy
OngoingPregnancy7,Ongoing Pregnancy,ICD10CM,O40,hydramnios,C0020224,Polyhydramnios,narrow,P,PrA,O40,ongoing_pregnancy
OngoingPregnancy7,Ongoing Pregnancy,ICD10CM,O40.1,Polyhydramnios- first trimester,"","",narrow,P,PrA,O40.1,ongoing_pregnancy
OngoingPregnancy7,Ongoing Pregnancy,ICD10CM,O40.2,Polyhydramnios- second trimester,"","",narrow,P,PrA,O40.2,ongoing_pregnancy
OngoingPregnancy7,Ongoing Pregnancy,ICD10CM,O40.3,Polyhydramnios- third trimester,"","",narrow,P,PrA,O40.3,ongoing_pregnancy
OngoingPregnancy7,Ongoing Pregnancy,ICD10CM,O40.9,Polyhydramnios- unspecified trimester,"","",narrow,P,PrA,O40.9,ongoing_pregnancy
OngoingPregnancy7,Ongoing Pregnancy,ICD10CM,O43,Placental disorders,C0032045,Placenta Disorders,narrow,P,PrA,O43,ongoing_pregnancy
OngoingPregnancy7,Ongoing Pregnancy,ICD10CM,O43.0,Placental transfusion syndromes,"","",narrow,P,PrA,O43.0,ongoing_pregnancy
OngoingPregnancy7,Ongoing Pregnancy,ICD10CM,O43.01,Fetomaternal placental transfusion syndrome,"","",narrow,P,PrA,O43.01,ongoing_pregnancy
OngoingPregnancy7,Ongoing Pregnancy,ICD10CM,O43.02,Fetus-to-fetus placental transfusion syndrome,"","",narrow,P,PrA,O43.02,ongoing_pregnancy
OngoingPregnancy7,Ongoing Pregnancy,ICD10CM,O43.1,Malformation of placenta,"","",narrow,P,PrA,O43.1,ongoing_pregnancy
OngoingPregnancy7,Ongoing Pregnancy,ICD10CM,O43.10,Malformation of placenta- unspecified,"","",narrow,P,PrA,O43.10,ongoing_pregnancy
OngoingPregnancy7,Ongoing Pregnancy,ICD10CM,O43.11,Circumvallate placenta,"","",narrow,P,PrA,O43.11,ongoing_pregnancy
OngoingPregnancy7,Ongoing Pregnancy,ICD10CM,O43.12,Velamentous insertion of umbilical cord,"","",narrow,P,PrA,O43.12,ongoing_pregnancy
OngoingPregnancy7,Ongoing Pregnancy,ICD10CM,O43.19,Other malformation of placenta,"","",narrow,P,PrA,O43.19,ongoing_pregnancy
OngoingPregnancy7,Ongoing Pregnancy,ICD10CM,O43.2,Morbidly adherent placenta,"","",narrow,P,PrA,O43.2,ongoing_pregnancy
OngoingPregnancy7,Ongoing Pregnancy,ICD10CM,O43.21,Placenta accreta,"","",narrow,P,PrA,O43.21,ongoing_pregnancy
OngoingPregnancy7,Ongoing Pregnancy,ICD10CM,O43.22,Placenta increta,"","",narrow,P,PrA,O43.22,ongoing_pregnancy
OngoingPregnancy7,Ongoing Pregnancy,ICD10CM,O43.23,Placenta percreta,"","",narrow,P,PrA,O43.23,ongoing_pregnancy
OngoingPregnancy7,Ongoing Pregnancy,ICD10CM,O43.81,Placental infarction,"","",narrow,P,PrA,O43.81,ongoing_pregnancy
OngoingPregnancy7,Ongoing Pregnancy,ICD10CM,O43.89,Other placental disorders,"","",narrow,P,PrA,O43.89,ongoing_pregnancy
OngoingPregnancy7,Ongoing Pregnancy,ICD10CM,O43.9,Unspecified placental disorder,C0032045,Placenta Disorders,narrow,P,PrA,O43.9,ongoing_pregnancy
OngoingPregnancy7,Ongoing Pregnancy,ICD10CM,O43.90,Unspecified placental disorder- unspecified trimester,C0032045,Placenta Disorders,narrow,P,PrA,O43.90,ongoing_pregnancy
OngoingPregnancy7,Ongoing Pregnancy,ICD10CM,O43.91,Unspecified placental disorder- first trimester,"","",narrow,P,PrA,O43.91,ongoing_pregnancy
OngoingPregnancy7,Ongoing Pregnancy,ICD10CM,O43.92,Unspecified placental disorder- second trimester,"","",narrow,P,PrA,O43.92,ongoing_pregnancy
OngoingPregnancy7,Ongoing Pregnancy,ICD10CM,O43.93,Unspecified placental disorder- third trimester,"","",narrow,P,PrA,O43.93,ongoing_pregnancy
OngoingPregnancy7,Ongoing Pregnancy,ICD10CM,O45,Premature separation of placenta [abruptio placentae],C0000832,Abruptio Placentae,narrow,P,PrA,O45,ongoing_pregnancy
OngoingPregnancy7,Ongoing Pregnancy,ICD10CM,O45.0,Premature separation of placenta with coagulation defect,"","",narrow,P,PrA,O45.0,ongoing_pregnancy
OngoingPregnancy7,Ongoing Pregnancy,ICD10CM,O45.00,Premature separation of placenta with coagulation defect- unspecified,"","",narrow,P,PrA,O45.00,ongoing_pregnancy
OngoingPregnancy7,Ongoing Pregnancy,ICD10CM,O45.01,Premature separation of placenta with afibrinogenemia,"","",narrow,P,PrA,O45.01,ongoing_pregnancy
OngoingPregnancy7,Ongoing Pregnancy,ICD10CM,O45.02,Premature separation of placenta with disseminated intravascular coagulation,"","",narrow,P,PrA,O45.02,ongoing_pregnancy
OngoingPregnancy7,Ongoing Pregnancy,ICD10CM,O45.09,Premature separation of placenta with other coagulation defect,"","",narrow,P,PrA,O45.09,ongoing_pregnancy
OngoingPregnancy7,Ongoing Pregnancy,ICD10CM,O45.8,Other premature separation of placenta,"","",narrow,P,PrA,O45.8,ongoing_pregnancy
OngoingPregnancy7,Ongoing Pregnancy,ICD10CM,O45.8X,Other premature separation of placenta,"","",narrow,P,PrA,O45.8X,ongoing_pregnancy
OngoingPregnancy7,Ongoing Pregnancy,ICD10CM,O45.9,Abruptio placentae NOS,C0000832,Abruptio Placentae,narrow,P,PrA,O45.9,ongoing_pregnancy
OngoingPregnancy7,Ongoing Pregnancy,ICD10CM,O45.90,Premature separation of placenta- unspecified- unspecified trimester,C0000832,Abruptio Placentae,narrow,P,PrA,O45.90,ongoing_pregnancy
OngoingPregnancy7,Ongoing Pregnancy,ICD10CM,O45.91,Premature separation of placenta- unspecified- first trimester,"","",narrow,P,PrA,O45.91,ongoing_pregnancy
OngoingPregnancy7,Ongoing Pregnancy,ICD10CM,O45.92,Premature separation of placenta- unspecified- second trimester,"","",narrow,P,PrA,O45.92,ongoing_pregnancy
OngoingPregnancy7,Ongoing Pregnancy,ICD10CM,O45.93,Premature separation of placenta- unspecified- third trimester,"","",narrow,P,PrA,O45.93,ongoing_pregnancy
OngoingPregnancy7,Ongoing Pregnancy,ICD10CM,O46.0,Antepartum hemorrhage with coagulation defect,C0156631,Antepartum hemorrhage associated with coagulation defect,narrow,P,PrA,O46.0,ongoing_pregnancy
OngoingPregnancy7,Ongoing Pregnancy,ICD10CM,O46.00,Antepartum hemorrhage with coagulation defect- unspecified,C0156631,Antepartum hemorrhage associated with coagulation defect,narrow,P,PrA,O46.00,ongoing_pregnancy
OngoingPregnancy7,Ongoing Pregnancy,ICD10CM,O46.01,Antepartum hemorrhage with afibrinogenemia,"","",narrow,P,PrA,O46.01,ongoing_pregnancy
OngoingPregnancy7,Ongoing Pregnancy,ICD10CM,O46.02,Antepartum hemorrhage with disseminated intravascular coagulation,"","",narrow,P,PrA,O46.02,ongoing_pregnancy
OngoingPregnancy7,Ongoing Pregnancy,ICD10CM,O46.09,Antepartum hemorrhage with other coagulation defect,"","",narrow,P,PrA,O46.09,ongoing_pregnancy
OngoingPregnancy7,Ongoing Pregnancy,ICD10CM,O46.8,Other antepartum hemorrhage,C0156635,Other antepartum hemorrhage,narrow,P,PrA,O46.8,ongoing_pregnancy
OngoingPregnancy7,Ongoing Pregnancy,ICD10CM,O46.8X,Other antepartum hemorrhage,"","",narrow,P,PrA,O46.8X,ongoing_pregnancy
OngoingPregnancy7,Ongoing Pregnancy,ICD10CM,O46.8X,Other antepartum hemorrhage,C0156635,Other antepartum hemorrhage,narrow,P,PrA,O46.8X,ongoing_pregnancy
OngoingPregnancy7,Ongoing Pregnancy,ICD10CM,O46.8X9,Other antepartum hemorrhage- unspecified trimester,C0156635,Other antepartum hemorrhage,narrow,P,PrA,O46.8X9,ongoing_pregnancy
OngoingPregnancy7,Ongoing Pregnancy,ICD10CM,Z33,Pregnant state,C0868560,Encounter due to pregnant state,narrow,P,PrA,Z33,ongoing_pregnancy
OngoingPregnancy7,Ongoing Pregnancy,ICD10CM,Z33.1,Pregnant state- incidental,C0451636,Pregnant state- incidental,narrow,P,PrA,Z33.1,ongoing_pregnancy
OngoingPregnancy7,Ongoing Pregnancy,ICD10CM,Z33.3,Pregnant state- gestational carrier,"","",narrow,P,PrA,Z33.3,ongoing_pregnancy
OngoingPregnancy7,Ongoing Pregnancy,ICD10CM,Z3A,Weeks of gestation,C1135241,Weeks pregnant,narrow,P,PrA,Z3A,ongoing_pregnancy
OngoingPregnancy7,Ongoing Pregnancy,ICD10CM,Z3A.0,Weeks of gestation of pregnancy- unspecified or less than 10 weeks,C3264081,Weeks of gestation of pregnancy- unspecified or less than 10 weeks,narrow,P,PrA,Z3A.0,ongoing_pregnancy
OngoingPregnancy7,Ongoing Pregnancy,ICD10CM,Z3A.00,Weeks of gestation of pregnancy not specified,"","",narrow,P,PrA,Z3A.00,ongoing_pregnancy
OngoingPregnancy7,Ongoing Pregnancy,ICD10CM,Z3A.01,Less than 8 weeks gestation of pregnancy,"","",narrow,P,PrA,Z3A.01,ongoing_pregnancy
OngoingPregnancy7,Ongoing Pregnancy,ICD10CM,Z3A.08,8 weeks gestation of pregnancy,"","",narrow,P,PrA,Z3A.08,ongoing_pregnancy
OngoingPregnancy7,Ongoing Pregnancy,ICD10CM,Z3A.09,9 weeks gestation of pregnancy,"","",narrow,P,PrA,Z3A.09,ongoing_pregnancy
OngoingPregnancy7,Ongoing Pregnancy,ICD10CM,Z3A.1,Weeks of gestation of pregnancy- weeks 10-19,C3264086,Weeks of gestation of pregnancy- weeks 10-19,narrow,P,PrA,Z3A.1,ongoing_pregnancy
OngoingPregnancy7,Ongoing Pregnancy,ICD10CM,Z3A.10,10 weeks gestation of pregnancy,"","",narrow,P,PrA,Z3A.10,ongoing_pregnancy
OngoingPregnancy7,Ongoing Pregnancy,ICD10CM,Z3A.11,11 weeks gestation of pregnancy,"","",narrow,P,PrA,Z3A.11,ongoing_pregnancy
OngoingPregnancy7,Ongoing Pregnancy,ICD10CM,Z3A.12,12 weeks gestation of pregnancy,"","",narrow,P,PrA,Z3A.12,ongoing_pregnancy
OngoingPregnancy7,Ongoing Pregnancy,ICD10CM,Z3A.13,13 weeks gestation of pregnancy,"","",narrow,P,PrA,Z3A.13,ongoing_pregnancy
OngoingPregnancy7,Ongoing Pregnancy,ICD10CM,Z3A.14,14 weeks gestation of pregnancy,"","",narrow,P,PrA,Z3A.14,ongoing_pregnancy
OngoingPregnancy7,Ongoing Pregnancy,ICD10CM,Z3A.15,15 weeks gestation of pregnancy,"","",narrow,P,PrA,Z3A.15,ongoing_pregnancy
OngoingPregnancy7,Ongoing Pregnancy,ICD10CM,Z3A.16,16 weeks gestation of pregnancy,"","",narrow,P,PrA,Z3A.16,ongoing_pregnancy
OngoingPregnancy7,Ongoing Pregnancy,ICD10CM,Z3A.17,17 weeks gestation of pregnancy,"","",narrow,P,PrA,Z3A.17,ongoing_pregnancy
OngoingPregnancy7,Ongoing Pregnancy,ICD10CM,Z3A.18,18 weeks gestation of pregnancy,"","",narrow,P,PrA,Z3A.18,ongoing_pregnancy
OngoingPregnancy7,Ongoing Pregnancy,ICD10CM,Z3A.19,19 weeks gestation of pregnancy,"","",narrow,P,PrA,Z3A.19,ongoing_pregnancy
OngoingPregnancy7,Ongoing Pregnancy,ICD10CM,Z3A.2,Weeks of gestation of pregnancy- weeks 20-29,C3264097,Weeks of gestation of pregnancy- weeks 20-29,narrow,P,PrA,Z3A.2,ongoing_pregnancy
OngoingPregnancy7,Ongoing Pregnancy,ICD10CM,Z3A.20,20 weeks gestation of pregnancy,"","",narrow,P,PrA,Z3A.20,ongoing_pregnancy
OngoingPregnancy7,Ongoing Pregnancy,ICD10CM,Z3A.21,21 weeks gestation of pregnancy,"","",narrow,P,PrA,Z3A.21,ongoing_pregnancy
OngoingPregnancy7,Ongoing Pregnancy,ICD10CM,Z3A.22,22 weeks gestation of pregnancy,"","",narrow,P,PrA,Z3A.22,ongoing_pregnancy
OngoingPregnancy7,Ongoing Pregnancy,ICD10CM,Z3A.23,23 weeks gestation of pregnancy,"","",narrow,P,PrA,Z3A.23,ongoing_pregnancy
OngoingPregnancy7,Ongoing Pregnancy,ICD10CM,Z3A.24,24 weeks gestation of pregnancy,"","",narrow,P,PrA,Z3A.24,ongoing_pregnancy
OngoingPregnancy7,Ongoing Pregnancy,ICD10CM,Z3A.25,25 weeks gestation of pregnancy,"","",narrow,P,PrA,Z3A.25,ongoing_pregnancy
OngoingPregnancy7,Ongoing Pregnancy,ICD10CM,Z3A.26,26 weeks gestation of pregnancy,"","",narrow,P,PrA,Z3A.26,ongoing_pregnancy
OngoingPregnancy7,Ongoing Pregnancy,ICD10CM,Z3A.27,27 weeks gestation of pregnancy,"","",narrow,P,PrA,Z3A.27,ongoing_pregnancy
OngoingPregnancy7,Ongoing Pregnancy,ICD10CM,Z3A.28,28 weeks gestation of pregnancy,"","",narrow,P,PrA,Z3A.28,ongoing_pregnancy
OngoingPregnancy7,Ongoing Pregnancy,ICD10CM,Z3A.29,29 weeks gestation of pregnancy,"","",narrow,P,PrA,Z3A.29,ongoing_pregnancy
OngoingPregnancy7,Ongoing Pregnancy,ICD10CM,Z3A.3,Weeks of gestation of pregnancy- weeks 30-39,C3264108,Weeks of gestation of pregnancy- weeks 30-39,narrow,P,PrA,Z3A.3,ongoing_pregnancy
OngoingPregnancy7,Ongoing Pregnancy,ICD10CM,Z3A.30,30 weeks gestation of pregnancy,"","",narrow,P,PrA,Z3A.30,ongoing_pregnancy
OngoingPregnancy7,Ongoing Pregnancy,ICD10CM,Z3A.31,31 weeks gestation of pregnancy,"","",narrow,P,PrA,Z3A.31,ongoing_pregnancy
OngoingPregnancy7,Ongoing Pregnancy,ICD10CM,Z3A.32,32 weeks gestation of pregnancy,"","",narrow,P,PrA,Z3A.32,ongoing_pregnancy
OngoingPregnancy7,Ongoing Pregnancy,ICD10CM,Z3A.33,33 weeks gestation of pregnancy,"","",narrow,P,PrA,Z3A.33,ongoing_pregnancy
OngoingPregnancy7,Ongoing Pregnancy,ICD10CM,Z3A.34,34 weeks gestation of pregnancy,"","",narrow,P,PrA,Z3A.34,ongoing_pregnancy
OngoingPregnancy7,Ongoing Pregnancy,ICD10CM,Z3A.35,35 weeks gestation of pregnancy,"","",narrow,P,PrA,Z3A.35,ongoing_pregnancy
OngoingPregnancy7,Ongoing Pregnancy,ICD10CM,Z3A.36,36 weeks gestation of pregnancy,"","",narrow,P,PrA,Z3A.36,ongoing_pregnancy
OngoingPregnancy7,Ongoing Pregnancy,ICD10CM,Z3A.37,37 weeks gestation of pregnancy,"","",narrow,P,PrA,Z3A.37,ongoing_pregnancy
OngoingPregnancy7,Ongoing Pregnancy,ICD10CM,Z3A.38,38 weeks gestation of pregnancy,"","",narrow,P,PrA,Z3A.38,ongoing_pregnancy
OngoingPregnancy7,Ongoing Pregnancy,ICD10CM,Z3A.39,39 weeks gestation of pregnancy,"","",narrow,P,PrA,Z3A.39,ongoing_pregnancy
OngoingPregnancy7,Ongoing Pregnancy,ICD10CM,Z3A.4,Weeks of gestation of pregnancy- weeks 40 or greater,C3264119,Weeks of gestation of pregnancy- weeks 40 or greater,narrow,P,PrA,Z3A.4,ongoing_pregnancy
OngoingPregnancy7,Ongoing Pregnancy,ICD10CM,Z3A.40,40 weeks gestation of pregnancy,"","",narrow,P,PrA,Z3A.40,ongoing_pregnancy
OngoingPregnancy7,Ongoing Pregnancy,ICD10CM,Z3A.41,41 weeks gestation of pregnancy,"","",narrow,P,PrA,Z3A.41,ongoing_pregnancy
OngoingPregnancy7,Ongoing Pregnancy,ICD10CM,Z3A.42,42 weeks gestation of pregnancy,"","",narrow,P,PrA,Z3A.42,ongoing_pregnancy
OngoingPregnancy7,Ongoing Pregnancy,ICD10CM,Z3A.49,Greater than 42 weeks gestation of pregnancy,"","",narrow,P,PrA,Z3A.49,ongoing_pregnancy
OngoingPregnancy7,Ongoing Pregnancy,ICD9CM,622.5,Incompetence of cervix,C0007871,Uterine Cervical Incompetence,narrow,P,PrA,622.5,ongoing_pregnancy
OngoingPregnancy7,Ongoing Pregnancy,ICD9CM,631,Other abnormal products of conception,C3161120,"",narrow,P,PrA,631,ongoing_pregnancy
OngoingPregnancy7,Ongoing Pregnancy,ICD9CM,640.0,Threatened abortion,C0000821,Threatened abortion,narrow,P,PrA,640.0,ongoing_pregnancy
OngoingPregnancy7,Ongoing Pregnancy,ICD9CM,640.00,Threatened abortion- unspecified as to episode of care or not applicable,"","",narrow,P,PrA,640.00,ongoing_pregnancy
OngoingPregnancy7,Ongoing Pregnancy,ICD9CM,640.03,Threatened abortion- antepartum condition or complication,C0000821,Threatened abortion,narrow,P,PrA,640.03,ongoing_pregnancy
OngoingPregnancy7,Ongoing Pregnancy,ICD9CM,641.2,Premature separation of placenta,C0000832,Abruptio Placentae,narrow,P,PrA,641.2,ongoing_pregnancy
OngoingPregnancy7,Ongoing Pregnancy,ICD9CM,641.20,Premature separation of placenta- unspecified as to episode of care or not applicable,C0000832,Abruptio Placentae,narrow,P,PrA,641.20,ongoing_pregnancy
OngoingPregnancy7,Ongoing Pregnancy,ICD9CM,641.3,Antepartum hemorrhage associated with coagulation defects,C0156631,Antepartum hemorrhage associated with coagulation defect,narrow,P,PrA,641.3,ongoing_pregnancy
OngoingPregnancy7,Ongoing Pregnancy,ICD9CM,641.33,Antepartum hemorrhage associated with coagulation defects- antepartum condition or complication,C0156631,Antepartum hemorrhage associated with coagulation defect,narrow,P,PrA,641.33,ongoing_pregnancy
OngoingPregnancy7,Ongoing Pregnancy,ICD9CM,641.8,Other antepartum hemorrhage,C0156635,Other antepartum hemorrhage,narrow,P,PrA,641.8,ongoing_pregnancy
OngoingPregnancy7,Ongoing Pregnancy,ICD9CM,641.83,Other antepartum hemorrhage- antepartum condition or complication,C0156635,Other antepartum hemorrhage,narrow,P,PrA,641.83,ongoing_pregnancy
OngoingPregnancy7,Ongoing Pregnancy,ICD9CM,646.20,Unspecified renal disease in pregnancy- without mention of hypertension- unspecified as to episode of care or not applicable,C0156738,Renal disorder in pregnancy,narrow,P,PrA,646.20,ongoing_pregnancy
OngoingPregnancy7,Ongoing Pregnancy,ICD9CM,646.23,Unspecified renal disease in pregnancy- without mention of hypertension- antepartum condition or complication,C0156738,Renal disorder in pregnancy,narrow,P,PrA,646.23,ongoing_pregnancy
OngoingPregnancy7,Ongoing Pregnancy,ICD9CM,646.5,Asymptomatic bacteriuria in pregnancy,C0156750,Asymptomatic bacteriuria in pregnancy,narrow,P,PrA,646.5,ongoing_pregnancy
OngoingPregnancy7,Ongoing Pregnancy,ICD9CM,646.50,Asymptomatic bacteriuria in pregnancy- unspecified as to episode of care or not applicable,C0156750,Asymptomatic bacteriuria in pregnancy,narrow,P,PrA,646.50,ongoing_pregnancy
OngoingPregnancy7,Ongoing Pregnancy,ICD9CM,646.53,Asymptomatic bacteriuria in pregnancy- antepartum condition or complication,C0156750,Asymptomatic bacteriuria in pregnancy,narrow,P,PrA,646.53,ongoing_pregnancy
OngoingPregnancy7,Ongoing Pregnancy,ICD9CM,646.6,Infections of genitourinary tract in pregnancy,C0156756,Genitourinary tract infection in pregnancy,narrow,P,PrA,646.6,ongoing_pregnancy
OngoingPregnancy7,Ongoing Pregnancy,ICD9CM,646.60,Infections of genitourinary tract in pregnancy- unspecified as to episode of care or not applicable,C0156756,Genitourinary tract infection in pregnancy,narrow,P,PrA,646.60,ongoing_pregnancy
OngoingPregnancy7,Ongoing Pregnancy,ICD9CM,646.63,Infections of genitourinary tract in pregnancy- antepartum condition or complication,C0156756,Genitourinary tract infection in pregnancy,narrow,P,PrA,646.63,ongoing_pregnancy
OngoingPregnancy7,Ongoing Pregnancy,ICD9CM,646.7,Liver and biliary tract disorders in pregnancy,C3161439,Liver and biliary tract disorders in pregnancy,narrow,P,PrA,646.7,ongoing_pregnancy
OngoingPregnancy7,Ongoing Pregnancy,ICD9CM,646.70,Liver and biliary tract disorders in pregnancy- unspecified as to episode of care or not applicable,C0156762,Liver disorder in pregnancy,narrow,P,PrA,646.70,ongoing_pregnancy
OngoingPregnancy7,Ongoing Pregnancy,ICD9CM,646.73,Liver and biliary tract disorders in pregnancy- antepartum condition or complication,C0156762,Liver disorder in pregnancy,narrow,P,PrA,646.73,ongoing_pregnancy
OngoingPregnancy7,Ongoing Pregnancy,ICD9CM,646.9,Unspecified complication of pregnancy,C0032962,Pregnancy Complications,narrow,P,PrA,646.9,ongoing_pregnancy
OngoingPregnancy7,Ongoing Pregnancy,ICD9CM,646.9,Unspecified complication of pregnancy- unspecified as to episode of care or not applicable,"","",narrow,P,PrA,646.9,ongoing_pregnancy
OngoingPregnancy7,Ongoing Pregnancy,ICD9CM,646.92999999999995,Unspecified complication of pregnancy- antepartum condition or complication,"","",narrow,P,PrA,646.92999999999995,ongoing_pregnancy
OngoingPregnancy7,Ongoing Pregnancy,ICD9CM,651,Multiple gestation,C0032989,Multiple Pregnancy,narrow,P,PrA,651,ongoing_pregnancy
OngoingPregnancy7,Ongoing Pregnancy,ICD9CM,651,Twin pregnancy- unspecified as to episode of care or not applicable,"","",narrow,P,PrA,651,ongoing_pregnancy
OngoingPregnancy7,Ongoing Pregnancy,ICD9CM,651.0,Twin pregnancy,C0152150,Pregnancy- Twin,narrow,P,PrA,651.0,ongoing_pregnancy
OngoingPregnancy7,Ongoing Pregnancy,ICD9CM,651.10,Triplet pregnancy- unspecified as to episode of care or not applicable,"","",narrow,P,PrA,651.10,ongoing_pregnancy
OngoingPregnancy7,Ongoing Pregnancy,ICD9CM,651.20,Quadruplet pregnancy- unspecified as to episode of care or not applicable,"","",narrow,P,PrA,651.20,ongoing_pregnancy
OngoingPregnancy7,Ongoing Pregnancy,ICD9CM,651.3,Twin pregnancy with fetal loss and retention of one fetus,"","",narrow,P,PrA,651.3,ongoing_pregnancy
OngoingPregnancy7,Ongoing Pregnancy,ICD9CM,651.30,Twin pregnancy with fetal loss and retention of one fetus- unspecified as to episode of care or not applicable,"","",narrow,P,PrA,651.30,ongoing_pregnancy
OngoingPregnancy7,Ongoing Pregnancy,ICD9CM,651.33000000000004,Twin pregnancy with fetal loss and retention of one fetus- antepartum condition or complication,"","",narrow,P,PrA,651.33000000000004,ongoing_pregnancy
OngoingPregnancy7,Ongoing Pregnancy,ICD9CM,651.4,Triplet pregnancy with fetal loss and retention of one or more fetus (es),"","",narrow,P,PrA,651.4,ongoing_pregnancy
OngoingPregnancy7,Ongoing Pregnancy,ICD9CM,651.4,Triplet pregnancy with fetal loss and retention of one or more fetus(es)- unspecified as to episode of care or not applicable,"","",narrow,P,PrA,651.4,ongoing_pregnancy
OngoingPregnancy7,Ongoing Pregnancy,ICD9CM,651.43,Triplet pregnancy with fetal loss and retention of one or more fetus(es)- antepartum condition or complication,"","",narrow,P,PrA,651.43,ongoing_pregnancy
OngoingPregnancy7,Ongoing Pregnancy,ICD9CM,651.5,Quadruplet pregnancy with fetal loss and retention of one or more fetus(es),"","",narrow,P,PrA,651.5,ongoing_pregnancy
OngoingPregnancy7,Ongoing Pregnancy,ICD9CM,651.50,Quadruplet pregnancy with fetal loss and retention of one or more fetus(es)- unspecified as to episode of care or not applicable,"","",narrow,P,PrA,651.50,ongoing_pregnancy
OngoingPregnancy7,Ongoing Pregnancy,ICD9CM,651.53,Quadruplet pregnancy with fetal loss and retention of one or more fetus(es)- antepartum condition or complication,"","",narrow,P,PrA,651.53,ongoing_pregnancy
OngoingPregnancy7,Ongoing Pregnancy,ICD9CM,651.6,Other multiple pregnancy with fetal loss and retention of one or more fetus(es),"","",narrow,P,PrA,651.6,ongoing_pregnancy
OngoingPregnancy7,Ongoing Pregnancy,ICD9CM,651.60,Other multiple pregnancy with fetal loss and retention of one or more fetus(es)- unspecified as to episode of care or not applicable,"","",narrow,P,PrA,651.60,ongoing_pregnancy
OngoingPregnancy7,Ongoing Pregnancy,ICD9CM,651.63,Other multiple pregnancy with fetal loss and retention of one or more fetus(es)- antepartum condition or complication,"","",narrow,P,PrA,651.63,ongoing_pregnancy
OngoingPregnancy7,Ongoing Pregnancy,ICD9CM,651.80,Other specified multiple gestation- unspecified as to episode of care or not applicable,"","",narrow,P,PrA,651.80,ongoing_pregnancy
OngoingPregnancy7,Ongoing Pregnancy,ICD9CM,651.83000000000004,Other specified multiple gestation- antepartum condition or complication,"","",narrow,P,PrA,651.83000000000004,ongoing_pregnancy
OngoingPregnancy7,Ongoing Pregnancy,ICD9CM,651.9,Unspecified multiple gestation,C0032989,Multiple Pregnancy,narrow,P,PrA,651.9,ongoing_pregnancy
OngoingPregnancy7,Ongoing Pregnancy,ICD9CM,651.90,Unspecified multiple gestation- unspecified as to episode of care or not applicable,C0032989,Multiple Pregnancy,narrow,P,PrA,651.90,ongoing_pregnancy
OngoingPregnancy7,Ongoing Pregnancy,ICD9CM,657,Polyhydramnios,C0020224,Polyhydramnios,narrow,P,PrA,657,ongoing_pregnancy
OngoingPregnancy7,Ongoing Pregnancy,ICD9CM,657.0,Polyhydramnios,C0020224,Polyhydramnios,narrow,P,PrA,657.0,ongoing_pregnancy
OngoingPregnancy7,Ongoing Pregnancy,ICD9CM,792.3,Nonspecific abnormal findings in amniotic fluid,C0266781,Abnormal amniotic fluid,narrow,P,PrA,792.3,ongoing_pregnancy
OngoingPregnancy7,Ongoing Pregnancy,ICD9CM,796.5,Abnormal finding on antenatal screening,C0490012,Abnormal finding on antenatal screening,narrow,P,PrA,796.5,ongoing_pregnancy
OngoingPregnancy7,Ongoing Pregnancy,ICD9CM,V22,Normal pregnancy,C0700573,Encounter due to normal pregnancy,narrow,P,PrA,V22,ongoing_pregnancy
OngoingPregnancy7,Ongoing Pregnancy,ICD9CM,V22.0,Supervision of normal first pregnancy,C0260550,Encounter due to first normal pregnancy supervision,narrow,P,PrA,V22.0,ongoing_pregnancy
OngoingPregnancy7,Ongoing Pregnancy,ICD9CM,V22.1,Supervision of other normal pregnancy,C0038843,Supervision of other normal pregnancy,narrow,P,PrA,V22.1,ongoing_pregnancy
OngoingPregnancy7,Ongoing Pregnancy,ICD9CM,V22.2,Pregnant state- incidental,C0451636,Pregnant state- incidental,narrow,P,PrA,V22.2,ongoing_pregnancy
OngoingPregnancy7,Ongoing Pregnancy,ICD9CM,V23,Supervision of high-risk pregnancy,C0260551,Encounter for supervision of high-risk pregnancy,narrow,P,PrA,V23,ongoing_pregnancy
OngoingPregnancy7,Ongoing Pregnancy,ICD9CM,V23.0,Supervision of high-risk pregnancy with history of infertility,C0260552,Encounter due to supervision of high risk pregnancy with history of infertility,narrow,P,PrA,V23.0,ongoing_pregnancy
OngoingPregnancy7,Ongoing Pregnancy,ICD9CM,V23.1,Supervision of high-risk pregnancy with history of trophoblastic disease,C0260553,Supervision of high-risk pregnancy with history of trophoblastic disease,narrow,P,PrA,V23.1,ongoing_pregnancy
OngoingPregnancy7,Ongoing Pregnancy,ICD9CM,V23.2,Supervision of high-risk pregnancy with history of abortion,C0260554,Supervision of high-risk pregnancy with history of abortion,narrow,P,PrA,V23.2,ongoing_pregnancy
OngoingPregnancy7,Ongoing Pregnancy,ICD9CM,V23.3,Supervision of high-risk pregnancy with grand multiparity,C0260555,Encounter for supervision of high-risk pregnancy with grand multiparity,narrow,P,PrA,V23.3,ongoing_pregnancy
OngoingPregnancy7,Ongoing Pregnancy,ICD9CM,V23.4,Supervision of high-risk pregnancy with other poor obstetric history,C0260556,Supervision of high-risk pregnancy with other poor obstetric history,narrow,P,PrA,V23.4,ongoing_pregnancy
OngoingPregnancy7,Ongoing Pregnancy,ICD9CM,V23.42,Pregnancy with history of ectopic pregnancy,C3161149,Pregnancy with history of ectopic pregnancy,narrow,P,PrA,V23.42,ongoing_pregnancy
OngoingPregnancy7,Ongoing Pregnancy,ICD9CM,V23.49,Pregnancy with other poor obstetric history,C0481651,Pregnancy with other poor obstetric history,narrow,P,PrA,V23.49,ongoing_pregnancy
OngoingPregnancy7,Ongoing Pregnancy,ICD9CM,V23.5,Supervision of high-risk pregnancy with other poor reproductive history,C0260557,Supervision of high-risk pregnancy with other poor reproductive history,narrow,P,PrA,V23.5,ongoing_pregnancy
OngoingPregnancy7,Ongoing Pregnancy,ICD9CM,V23.7,Supervision of high-risk pregnancy with insufficient prenatal care,C0695231,Supervision of high-risk pregnancy with insufficient prenatal care,narrow,P,PrA,V23.7,ongoing_pregnancy
OngoingPregnancy7,Ongoing Pregnancy,ICD9CM,V23.8,Supervision of other high-risk pregnancy,C0260559,Encounter for supervision of other high-risk pregnancies,narrow,P,PrA,V23.8,ongoing_pregnancy
OngoingPregnancy7,Ongoing Pregnancy,ICD9CM,V23.81,Supervision of high-risk pregnancy with elderly primigravida,C0740177,Encounter due to elderly primigravida,narrow,P,PrA,V23.81,ongoing_pregnancy
OngoingPregnancy7,Ongoing Pregnancy,ICD9CM,V23.82,Supervision of high-risk pregnancy with elderly multigravida,C0695244,Encounter due to elderly multigravida,narrow,P,PrA,V23.82,ongoing_pregnancy
OngoingPregnancy7,Ongoing Pregnancy,ICD9CM,V23.83,Supervision of high-risk pregnancy with young primigravida,C0695260,Supervision of high-risk pregnancy with young primigravida,narrow,P,PrA,V23.83,ongoing_pregnancy
OngoingPregnancy7,Ongoing Pregnancy,ICD9CM,V23.84,Supervision of high-risk pregnancy with young multigravida,C0695261,Supervision of high-risk pregnancy with young multigravida,narrow,P,PrA,V23.84,ongoing_pregnancy
OngoingPregnancy7,Ongoing Pregnancy,ICD9CM,V23.89,Supervision of other high-risk pregnancy,C0260559,Encounter for supervision of other high-risk pregnancies,narrow,P,PrA,V23.89,ongoing_pregnancy
OngoingPregnancy7,Ongoing Pregnancy,ICD9CM,V23.9,Supervision of unspecified high-risk pregnancy,C3714588,Supervision of unspecified high-risk pregnancy,narrow,P,PrA,V23.9,ongoing_pregnancy
OngoingPregnancy7,Ongoing Pregnancy,ICD9CM,V28.0,Antenatal screening for chromosomal anomalies by amniocentesis,C1962919,Encounter for screening for chromosomal anomalies by amniocentesis in ICD9CM,narrow,P,PrA,V28.0,ongoing_pregnancy
OngoingPregnancy7,Ongoing Pregnancy,ICD9CM,V28.1,Antenatal screening for raised alpha-fetoprotein levels in amniotic fluid,C0496648,Antenatal screening for raised alphafetoprotein level,narrow,P,PrA,V28.1,ongoing_pregnancy
OngoingPregnancy7,Ongoing Pregnancy,ICD9CM,V28.2,Other antenatal screening based on amniocentesis,C0260594,Other antenatal screening based on amniocentesis,narrow,P,PrA,V28.2,ongoing_pregnancy
OngoingPregnancy7,Ongoing Pregnancy,ICD9CM,V28.3,Encounter for routine screening for malformation using ultrasonics,C2349862,Encounter for routine screening for malformation using ultrasonics,narrow,P,PrA,V28.3,ongoing_pregnancy
OngoingPregnancy7,Ongoing Pregnancy,ICD9CM,V28.4,Antenatal screening for fetal growth retardation using ultrasonics,C0260596,Antenatal screening for fetal growth retardation using ultrasound and other physical methods,narrow,P,PrA,V28.4,ongoing_pregnancy
OngoingPregnancy7,Ongoing Pregnancy,ICD9CM,V28.6,Antenatal screening for Streptococcus B,C0490021,Antenatal screening for Streptococcus B,narrow,P,PrA,V28.6,ongoing_pregnancy
OngoingPregnancy7,Ongoing Pregnancy,ICD9CM,V28.8,Other specified antenatal screening,C0260598,Encounter due to other specified antenatal screening,narrow,P,PrA,V28.8,ongoing_pregnancy
OngoingPregnancy7,Ongoing Pregnancy,ICD9CM,V28.81,Encounter for fetal anatomic survey,C2349864,Encounter for fetal anatomic survey,narrow,P,PrA,V28.81,ongoing_pregnancy
OngoingPregnancy7,Ongoing Pregnancy,ICD9CM,V28.82,Encounter for screening for risk of pre-term labor,C2349865,Encounter for screening for risk of pre-term labor,narrow,P,PrA,V28.82,ongoing_pregnancy
OngoingPregnancy7,Ongoing Pregnancy,ICD9CM,V28.89,Other specified antenatal screening,C0260598,Encounter due to other specified antenatal screening,narrow,P,PrA,V28.89,ongoing_pregnancy
OngoingPregnancy7,Ongoing Pregnancy,ICD9CM,V28.9,Unspecified antenatal screening,C0260591,Encounter due to antenatal screening,narrow,P,PrA,V28.9,ongoing_pregnancy
OngoingPregnancy7,Ongoing Pregnancy,ICD9CM,V61.5,Multiparity,C0700322,Encounter due to multiparity,narrow,P,PrA,V61.5,ongoing_pregnancy
OngoingPregnancy7,Ongoing Pregnancy,ICD9CM,V61.6,Illegitimacy or illegitimate pregnancy,C1313860,Encounter due to Illegitimate pregnancy,narrow,P,PrA,V61.6,ongoing_pregnancy
OngoingPregnancy7,Ongoing Pregnancy,ICD9CM,V61.7,Other unwanted pregnancy,C0029865,Other unwanted pregnancy,narrow,P,PrA,V61.7,ongoing_pregnancy
OngoingPregnancy7,Ongoing Pregnancy,ICD9CM,V89.04,Suspected problem with fetal growth not found,C2349931,Encounter due to suspected problem with fetal growth not found,narrow,P,PrA,V89.04,ongoing_pregnancy
OngoingPregnancy7,Ongoing Pregnancy,ICD9CM,V89.05,Suspected cervical shortening not found,C2349932,Encounter due to suspected cervical shortening not found,narrow,P,PrA,V89.05,ongoing_pregnancy
OngoingPregnancy7,Ongoing Pregnancy,ICD9CM,V89.09,Other suspected maternal and fetal condition not found,C2349933,Other suspected maternal and fetal condition not found,narrow,P,PrA,V89.09,ongoing_pregnancy
OngoingPregnancy7,Ongoing Pregnancy,ICD9CM,V91.00,Twin gestation- unspecified number of placenta- unspecified number of amniotic sacs,C2921346,Twin gestation- unspecified number of placenta- unspecified number of amniotic sacs,narrow,P,PrA,V91.00,ongoing_pregnancy
OngoingPregnancy7,Ongoing Pregnancy,ICD9CM,V91.10,Triplet gestation- unspecified number of placenta and unspecified number of amniotic sacs,C2921352,Triplet gestation- unspecified number of placenta and unspecified number of amniotic sacs,narrow,P,PrA,V91.10,ongoing_pregnancy
OngoingPregnancy7,Ongoing Pregnancy,ICD9CM,V91.11,Triplet gestation- with two or more monochorionic fetuses,C2921353,Triplet gestation- with two or more monochorionic fetuses,narrow,P,PrA,V91.11,ongoing_pregnancy
OngoingPregnancy7,Ongoing Pregnancy,ICD9CM,V91.12,Triplet gestation- with two or more monoamniotic fetuses,C2921354,triplet gestation placenta status two or more monoamniotic fetuses,narrow,P,PrA,V91.12,ongoing_pregnancy
OngoingPregnancy7,Ongoing Pregnancy,ICD9CM,V91.19,Triplet gestation- unable to determine number of placenta and number of amniotic sacs,C2921355,triplet gestation placenta status unable to determine number of placentae- amniotic sacs,narrow,P,PrA,V91.19,ongoing_pregnancy
OngoingPregnancy7,Ongoing Pregnancy,ICD9CM,V91.20,Quadruplet gestation- unspecified number of placenta and unspecified number of amniotic sacs,C2921357,Quadruplet gestation- unspecified number of placenta and unspecified number of amniotic sacs,narrow,P,PrA,V91.20,ongoing_pregnancy
OngoingPregnancy7,Ongoing Pregnancy,ICD9CM,V91.21,Quadruplet gestation- with two or more monochorionic fetuses,C2921358,quadruplet gestation placenta status two or more monochorionic fetuses,narrow,P,PrA,V91.21,ongoing_pregnancy
OngoingPregnancy7,Ongoing Pregnancy,ICD9CM,V91.22,Quadruplet gestation- with two or more monoamniotic fetuses,C2921359,quadruplet gestation placenta status two or more monoamniotic fetuses,narrow,P,PrA,V91.22,ongoing_pregnancy
OngoingPregnancy7,Ongoing Pregnancy,ICD9CM,V91.29,Quadruplet gestation- unable to determine number of placenta and number of amniotic sacs,C2921360,quadruplet gestation placenta status unable to determine number of placentae- amniotic sacs,narrow,P,PrA,V91.29,ongoing_pregnancy
OngoingPregnancy7,Ongoing Pregnancy,ICD9CM,V91.90,Other specified multiple gestation- unspecified number of placenta and unspecified number of amniotic sacs,C2921363,Other specified multiple gestation- unspecified number of placenta and unspecified number of amniotic sacs,narrow,P,PrA,V91.90,ongoing_pregnancy
OngoingPregnancy7,Ongoing Pregnancy,ICD9CM,V91.91,Other specified multiple gestation- with two or more monochorionic fetuses,C2921364,Other specified multiple gestation- with two or more monochorionic fetuses,narrow,P,PrA,V91.91,ongoing_pregnancy
OngoingPregnancy7,Ongoing Pregnancy,ICD9CM,V91.92,Other specified multiple gestation- with two or more monoamniotic fetuses,C2921365,Other specified multiple gestation- with two or more monoamniotic fetuses,narrow,P,PrA,V91.92,ongoing_pregnancy
OngoingPregnancy7,Ongoing Pregnancy,ICD9CM,V91.99,Other specified multiple gestation- unable to determine number of placenta and number of amniotic sacs,C2921366,Other specified multiple gestation- unable to determine number of placenta and number of amniotic sacs,narrow,P,PrA,V91.99,ongoing_pregnancy
OngoingPregnancy7,Ongoing Pregnancy,ICPC,W05,Pregnancy vomiting-nausea,C0497431,Pregnancy vomiting-nausea,narrow,P,PrA,W05,ongoing_pregnancy
OngoingPregnancy7,Ongoing Pregnancy,ICPC,W20,Other symptom-complaint breasts pregnancy,C0497438,Other symptom-complaint breasts pregnancy,narrow,P,PrA,W20,ongoing_pregnancy
OngoingPregnancy7,Ongoing Pregnancy,ICPC,W21,Concern body image in pregnancy,C0847792,Concern body image in pregnancy,narrow,P,PrA,W21,ongoing_pregnancy
OngoingPregnancy7,Ongoing Pregnancy,ICPC,W27,Fear complications of pregnancy,C0497439,Fear complications of pregnancy,narrow,P,PrA,W27,ongoing_pregnancy
OngoingPregnancy7,Ongoing Pregnancy,ICPC,W28,Limited function-disability (w) in pregnancy,C0497564,Limited obstetric function-disability,narrow,P,PrA,W28,ongoing_pregnancy
OngoingPregnancy7,Ongoing Pregnancy,ICPC,W29,Pregnancy symptom-complaint other,C0497440,Pregnancy symptom-complaint other,narrow,P,PrA,W29,ongoing_pregnancy
OngoingPregnancy7,Ongoing Pregnancy,ICPC,W71,Infection complicating pregnancy,C1331404,Pregnancy Complications- infectious,narrow,P,PrA,W71,ongoing_pregnancy
OngoingPregnancy7,Ongoing Pregnancy,ICPC,W72,Malignant neoplasm relate to preg.,C0497565,Malignant obstetric neoplasm,narrow,P,PrA,W72,ongoing_pregnancy
OngoingPregnancy7,Ongoing Pregnancy,ICPC,W73,Benign-unspec. neoplasm-pregnancy,C0497566,Benign obstetric neoplasm,narrow,P,PrA,W73,ongoing_pregnancy
OngoingPregnancy7,Ongoing Pregnancy,ICPC,W75,Injury complicating pregnancy,C0497443,Injury complicating pregnancy,narrow,P,PrA,W75,ongoing_pregnancy
OngoingPregnancy7,Ongoing Pregnancy,ICPC,W76,Congenital anomaly mother complicate preg.,C0497444,Congenital anomaly complicating pregnancy,narrow,P,PrA,W76,ongoing_pregnancy
OngoingPregnancy7,Ongoing Pregnancy,ICPC,W77,Non-obstetric factor complicated pregnancy,C0497445,Other non-obstetrical conditions,narrow,P,PrA,W77,ongoing_pregnancy
OngoingPregnancy7,Ongoing Pregnancy,ICPC,W81,Toxemia (pre)eclampsia,C0032914,Pre-Eclampsia,narrow,P,PrA,W81,ongoing_pregnancy
OngoingPregnancy7,Ongoing Pregnancy,ICPC2P,U71006,Cystitis-pregnancy,C0341959,Cystitis of pregnancy,narrow,P,PrA,U71006,ongoing_pregnancy
OngoingPregnancy7,Ongoing Pregnancy,ICPC2P,U71010,Urinary tract infect-pregnancy,C0495188,Urinary tract infection in pregnancy,narrow,P,PrA,U71010,ongoing_pregnancy
OngoingPregnancy7,Ongoing Pregnancy,ICPC2P,W03002,Bleeding (in)-pregnancy,C0269596,Hemorrhagic complication of pregnancy,narrow,P,PrA,W03002,ongoing_pregnancy
OngoingPregnancy7,Ongoing Pregnancy,ICPC2P,W29008,Edema-pregnancy,C0341960,Gestational edema,narrow,P,PrA,W29008,ongoing_pregnancy
OngoingPregnancy7,Ongoing Pregnancy,ICPC2P,W77004,Diabetes-during pregnancy,C0085207,Gestational Diabetes,narrow,P,PrA,W77004,ongoing_pregnancy
OngoingPregnancy7,Ongoing Pregnancy,ICPC2P,W78004,Pregnancy-unplanned,C0041747,Unplanned pregnancy,narrow,P,PrA,W78004,ongoing_pregnancy
OngoingPregnancy7,Ongoing Pregnancy,ICPC2P,W81004,Pre-eclampsia,C0032914,Pre-Eclampsia,narrow,P,PrA,W81004,ongoing_pregnancy
OngoingPregnancy7,Ongoing Pregnancy,ICPC2P,W81009,Oedema-pregnancy,C0341960,Gestational edema,narrow,P,PrA,W81009,ongoing_pregnancy
OngoingPregnancy7,Ongoing Pregnancy,ICPC2P,W82003,Abortion-threatened,C0000821,Threatened abortion,narrow,P,PrA,W82003,ongoing_pregnancy
OngoingPregnancy7,Ongoing Pregnancy,ICPC2P,W82006,Miscarriage-threatened,C0000821,Threatened abortion,narrow,P,PrA,W82006,ongoing_pregnancy
OngoingPregnancy7,Ongoing Pregnancy,ICPC2P,W84002,Pregnancy-multiple,C0032989,Multiple Pregnancy,narrow,P,PrA,W84002,ongoing_pregnancy
OngoingPregnancy7,Ongoing Pregnancy,ICPC2P,W84007,Pregnancy-twins,C0152150,Pregnancy- Twin,narrow,P,PrA,W84007,ongoing_pregnancy
OngoingPregnancy7,Ongoing Pregnancy,ICPC2P,W84010,Incompetence-cervical,C0007871,Uterine Cervical Incompetence,narrow,P,PrA,W84010,ongoing_pregnancy
OngoingPregnancy7,Ongoing Pregnancy,ICPC2P,W84011,Complicated-pregnancy,C0032962,Pregnancy Complications,narrow,P,PrA,W84011,ongoing_pregnancy
OngoingPregnancy7,Ongoing Pregnancy,ICPC2P,W84014,RH-iso-immunisation,C0035404,Rh Isoimmunization,narrow,P,PrA,W84014,ongoing_pregnancy
OngoingPregnancy7,Ongoing Pregnancy,ICPC2P,W84016,Hydramnios,C0020224,Polyhydramnios,narrow,P,PrA,W84016,ongoing_pregnancy
OngoingPregnancy7,Ongoing Pregnancy,ICPC2P,W85001,Diabetes-during pregnancy,C0085207,Gestational Diabetes,narrow,P,PrA,W85001,ongoing_pregnancy
OngoingPregnancy7,Ongoing Pregnancy,ICPC2P,W99012,Disease-pregnancy,C0151864,Disorder of pregnancy,narrow,P,PrA,W99012,ongoing_pregnancy
OngoingPregnancy7,Ongoing Pregnancy,ICPC2P,X85009,Incompetent-cervix,C0007871,Uterine Cervical Incompetence,narrow,P,PrA,X85009,ongoing_pregnancy
OngoingPregnancy7,Ongoing Pregnancy,ICPC2P,Z04001,Pregnancy-illegitimate,C1313860,Encounter due to Illegitimate pregnancy,narrow,P,PrA,Z04001,ongoing_pregnancy
OngoingPregnancy7,Ongoing Pregnancy,MTHICD9,640.03,Threatened abortion- antepartum,C0000821,Threatened abortion,narrow,P,PrA,640.03,ongoing_pregnancy
OngoingPregnancy7,Ongoing Pregnancy,MTHICD9,641.2,Ablatio placentae,C0000832,Abruptio Placentae,narrow,P,PrA,641.2,ongoing_pregnancy
OngoingPregnancy7,Ongoing Pregnancy,MTHICD9,641.20,Premature separation of placenta- unspecified as to episode of care,C0000832,Abruptio Placentae,narrow,P,PrA,641.20,ongoing_pregnancy
OngoingPregnancy7,Ongoing Pregnancy,MTHICD9,641.33,Antepartum hemorrhage associated with coagulation defect- antepartum,C0156631,Antepartum hemorrhage associated with coagulation defect,narrow,P,PrA,641.33,ongoing_pregnancy
OngoingPregnancy7,Ongoing Pregnancy,MTHICD9,641.83,Other antepartum hemorrhage- antepartum,C0156635,Other antepartum hemorrhage,narrow,P,PrA,641.83,ongoing_pregnancy
OngoingPregnancy7,Ongoing Pregnancy,MTHICD9,641.9,Hemorrhage of pregnancy NOS,C0269596,Hemorrhagic complication of pregnancy,narrow,P,PrA,641.9,ongoing_pregnancy
OngoingPregnancy7,Ongoing Pregnancy,MTHICD9,642.4,Pre-eclampsia NOS,C0032914,Pre-Eclampsia,narrow,P,PrA,642.4,ongoing_pregnancy
OngoingPregnancy7,Ongoing Pregnancy,MTHICD9,646.1,Gestational edema,C0341960,Gestational edema,narrow,P,PrA,646.1,ongoing_pregnancy
OngoingPregnancy7,Ongoing Pregnancy,MTHICD9,646.20,Unspecified renal disease in pregnancy- unspecified as to episode of care,C0156738,Renal disorder in pregnancy,narrow,P,PrA,646.20,ongoing_pregnancy
OngoingPregnancy7,Ongoing Pregnancy,MTHICD9,646.23,Unspecified antepartum renal disease,C0156738,Renal disorder in pregnancy,narrow,P,PrA,646.23,ongoing_pregnancy
OngoingPregnancy7,Ongoing Pregnancy,MTHICD9,646.50,Asymptomatic bacteriuria in pregnancy- unspecified as to episode of care,C0156750,Asymptomatic bacteriuria in pregnancy,narrow,P,PrA,646.50,ongoing_pregnancy
OngoingPregnancy7,Ongoing Pregnancy,MTHICD9,646.53,Asymptomatic bacteriuria antepartum,C0156750,Asymptomatic bacteriuria in pregnancy,narrow,P,PrA,646.53,ongoing_pregnancy
OngoingPregnancy7,Ongoing Pregnancy,MTHICD9,646.60,Infections of genitourinary tract in pregnancy- unspecified as to episode of care,C0156756,Genitourinary tract infection in pregnancy,narrow,P,PrA,646.60,ongoing_pregnancy
OngoingPregnancy7,Ongoing Pregnancy,MTHICD9,646.63,Infections of genitourinary tract antepartum,C0156756,Genitourinary tract infection in pregnancy,narrow,P,PrA,646.63,ongoing_pregnancy
OngoingPregnancy7,Ongoing Pregnancy,MTHICD9,646.7,Necrosis of liver of pregnancy,C0269676,Necrosis of liver of pregnancy,narrow,P,PrA,646.7,ongoing_pregnancy
OngoingPregnancy7,Ongoing Pregnancy,MTHICD9,646.70,Liver disorders in pregnancy- unspecified as to episode of care,C0156762,Liver disorder in pregnancy,narrow,P,PrA,646.70,ongoing_pregnancy
OngoingPregnancy7,Ongoing Pregnancy,MTHICD9,646.73,Liver disorders antepartum,C0156762,Liver disorder in pregnancy,narrow,P,PrA,646.73,ongoing_pregnancy
OngoingPregnancy7,Ongoing Pregnancy,MTHICD9,646.8,Herpes gestationis,C0019343,Pemphigoid Gestationis,narrow,P,PrA,646.8,ongoing_pregnancy
OngoingPregnancy7,Ongoing Pregnancy,MTHICD9,651.90,Unspecified multiple gestation- unspecified as to episode of care,C0032989,Multiple Pregnancy,narrow,P,PrA,651.90,ongoing_pregnancy
OngoingPregnancy7,Ongoing Pregnancy,MTHICD9,656.1,Rh antibodies affecting management of mother,C0035404,Rh Isoimmunization,narrow,P,PrA,656.1,ongoing_pregnancy
OngoingPregnancy7,Ongoing Pregnancy,MTHICD9,656.7,Abnormal placenta affecting management of mother,C0269793,Abnormal placenta affecting management of mother,narrow,P,PrA,656.7,ongoing_pregnancy
OngoingPregnancy7,Ongoing Pregnancy,MTHICD9,657,Hydramnios,C0020224,Polyhydramnios,narrow,P,PrA,657,ongoing_pregnancy
OngoingPregnancy7,Ongoing Pregnancy,MTHICD9,673.8,Obstetrical pulmonary fat embolism,C0269960,Obstetrical pulmonary fat embolism,narrow,P,PrA,673.8,ongoing_pregnancy
OngoingPregnancy7,Ongoing Pregnancy,MTHICD9,V22.2,Pregnant state NOS,C0868560,Encounter due to pregnant state,narrow,P,PrA,V22.2,ongoing_pregnancy
OngoingPregnancy7,Ongoing Pregnancy,MTHICD9,V23.1,Pregnancy with history of hydatidiform mole,C0481649,Pregnancy with history of hydatidiform mole,narrow,P,PrA,V23.1,ongoing_pregnancy
OngoingPregnancy7,Ongoing Pregnancy,MTHICD9,V23.5,Supervision of pregnancy with history of stillbirth or neonatal death,C0868561,Supervision of pregnancy with history of stillbirth or neonatal death,narrow,P,PrA,V23.5,ongoing_pregnancy
OngoingPregnancy7,Ongoing Pregnancy,MTHICD9,V23.7,Supervision of pregnancy with history of little or no prenatal care,C0868562,Supervision of pregnancy with history of little or no prenatal care,narrow,P,PrA,V23.7,ongoing_pregnancy
OngoingPregnancy7,Ongoing Pregnancy,MTHICD9,V23.81,Elderly primigravida,C0740177,Encounter due to elderly primigravida,narrow,P,PrA,V23.81,ongoing_pregnancy
OngoingPregnancy7,Ongoing Pregnancy,MTHICD9,V23.82,Elderly multigravida,C0695244,Encounter due to elderly multigravida,narrow,P,PrA,V23.82,ongoing_pregnancy
OngoingPregnancy7,Ongoing Pregnancy,MTHICD9,V23.83,Young primigravida,C0695260,Supervision of high-risk pregnancy with young primigravida,narrow,P,PrA,V23.83,ongoing_pregnancy
OngoingPregnancy7,Ongoing Pregnancy,MTHICD9,V23.84,Young multigravida,C0695261,Supervision of high-risk pregnancy with young multigravida,narrow,P,PrA,V23.84,ongoing_pregnancy
OngoingPregnancy7,Ongoing Pregnancy,MTHICD9,V23.89,Other high-risk pregnancy,C0260559,Encounter for supervision of other high-risk pregnancies,narrow,P,PrA,V23.89,ongoing_pregnancy
OngoingPregnancy7,Ongoing Pregnancy,MTHICD9,V28.0,Screening for chromosomal anomalies by amniocentesis,C1962919,Encounter for screening for chromosomal anomalies by amniocentesis in ICD9CM,narrow,P,PrA,V28.0,ongoing_pregnancy
OngoingPregnancy7,Ongoing Pregnancy,MTHICD9,V28.1,Screening for raised alpha-fetoprotein levels in amniotic fluid,C0496648,Antenatal screening for raised alphafetoprotein level,narrow,P,PrA,V28.1,ongoing_pregnancy
OngoingPregnancy7,Ongoing Pregnancy,MTHICD9,V28.3,Encounter for routine fetal ultrasound NOS,C2349863,Encounter for routine fetal ultrasound NOS,narrow,P,PrA,V28.3,ongoing_pregnancy
OngoingPregnancy7,Ongoing Pregnancy,RCD2,4H13.,Amniotic fluid - abnormality,C0266781,Abnormal amniotic fluid,narrow,P,PrA,4H13.,ongoing_pregnancy
OngoingPregnancy7,Ongoing Pregnancy,RCD2,621..,Patient currently pregnant,C0549169,Confirmation of pregnancy,narrow,P,PrA,621..,ongoing_pregnancy
OngoingPregnancy7,Ongoing Pregnancy,RCD2,621A.,Pregnancy unplanned ? wanted,C0425969,Unplanned pregnancy unknown if child is wanted,narrow,P,PrA,621A.,ongoing_pregnancy
OngoingPregnancy7,Ongoing Pregnancy,RCD2,621C.,Unplanned pregnancy,C0041747,Unplanned pregnancy,narrow,P,PrA,621C.,ongoing_pregnancy
OngoingPregnancy7,Ongoing Pregnancy,RCD2,621Z.,Patient pregnant NOS,C0549206,Patient currently pregnant,narrow,P,PrA,621Z.,ongoing_pregnancy
OngoingPregnancy7,Ongoing Pregnancy,RCD2,6241.,A-N care- elderly primip.,C0419556,Antenatal care- elderly primiparous,narrow,P,PrA,6241.,ongoing_pregnancy
OngoingPregnancy7,Ongoing Pregnancy,RCD2,62X..,Length of gestation,C1135241,Weeks pregnant,narrow,P,PrA,62X..,ongoing_pregnancy
OngoingPregnancy7,Ongoing Pregnancy,RCD2,K555.,Incompetence of cervix,C0007871,Uterine Cervical Incompetence,narrow,P,PrA,K555.,ongoing_pregnancy
OngoingPregnancy7,Ongoing Pregnancy,RCD2,L1...,Pregnancy complications,C0032962,Pregnancy Complications,narrow,P,PrA,L1...,ongoing_pregnancy
OngoingPregnancy7,Ongoing Pregnancy,RCD2,L100.,Threatened abortion,C0000821,Threatened abortion,narrow,P,PrA,L100.,ongoing_pregnancy
OngoingPregnancy7,Ongoing Pregnancy,RCD2,L1000,Threatened abortion-unspecif.,C0000821,Threatened abortion,narrow,P,PrA,L1000,ongoing_pregnancy
OngoingPregnancy7,Ongoing Pregnancy,RCD2,L100z,Threatened abortion NOS,C0000821,Threatened abortion,narrow,P,PrA,L100z,ongoing_pregnancy
OngoingPregnancy7,Ongoing Pregnancy,RCD2,L1120,Placental abruption unspecif.,C0000832,Abruptio Placentae,narrow,P,PrA,L1120,ongoing_pregnancy
OngoingPregnancy7,Ongoing Pregnancy,RCD2,L112z,Placental abruption NOS,C0000832,Abruptio Placentae,narrow,P,PrA,L112z,ongoing_pregnancy
OngoingPregnancy7,Ongoing Pregnancy,RCD2,L1130,APH + coag.defect unspecified,C0156631,Antepartum hemorrhage associated with coagulation defect,narrow,P,PrA,L1130,ongoing_pregnancy
OngoingPregnancy7,Ongoing Pregnancy,RCD2,L113z,APH + coagulation defect NOS,C0156631,Antepartum hemorrhage associated with coagulation defect,narrow,P,PrA,L113z,ongoing_pregnancy
OngoingPregnancy7,Ongoing Pregnancy,RCD2,L11y.,Other antepartum haemorrhage,C0156635,Other antepartum hemorrhage,narrow,P,PrA,L11y.,ongoing_pregnancy
OngoingPregnancy7,Ongoing Pregnancy,RCD2,L11y0,Other APH unspecified,C0156635,Other antepartum hemorrhage,narrow,P,PrA,L11y0,ongoing_pregnancy
OngoingPregnancy7,Ongoing Pregnancy,RCD2,L11yz,Other APH NOS,C0156635,Other antepartum hemorrhage,narrow,P,PrA,L11yz,ongoing_pregnancy
OngoingPregnancy7,Ongoing Pregnancy,RCD2,L12B.,Protein hypertens of pregnancy,C0032914,Pre-Eclampsia,narrow,P,PrA,L12B.,ongoing_pregnancy
OngoingPregnancy7,Ongoing Pregnancy,RCD2,L1401,Threatened prem.labour-not del,C0473389,Threatened premature labor - not delivered,narrow,P,PrA,L1401,ongoing_pregnancy
OngoingPregnancy7,Ongoing Pregnancy,RCD2,L161.,Oedema-excess wt gain in preg,C0341960,Gestational edema,narrow,P,PrA,L161.,ongoing_pregnancy
OngoingPregnancy7,Ongoing Pregnancy,RCD2,L1620,Unsp.obstetric renal dis.unsp.,C0156738,Renal disorder in pregnancy,narrow,P,PrA,L1620,ongoing_pregnancy
OngoingPregnancy7,Ongoing Pregnancy,RCD2,L162z,Unsp.obstetric renal dis. NOS,C0156738,Renal disorder in pregnancy,narrow,P,PrA,L162z,ongoing_pregnancy
OngoingPregnancy7,Ongoing Pregnancy,RCD2,L165.,Preg.+asymptomatic bacteriuria,C0156750,Asymptomatic bacteriuria in pregnancy,narrow,P,PrA,L165.,ongoing_pregnancy
OngoingPregnancy7,Ongoing Pregnancy,RCD2,L1650,Preg.+asympt.bacteriuria unsp.,C0156750,Asymptomatic bacteriuria in pregnancy,narrow,P,PrA,L1650,ongoing_pregnancy
OngoingPregnancy7,Ongoing Pregnancy,RCD2,L165z,Preg.+asymp.bacteriuria NOS,C0156750,Asymptomatic bacteriuria in pregnancy,narrow,P,PrA,L165z,ongoing_pregnancy
OngoingPregnancy7,Ongoing Pregnancy,RCD2,L1660,Preg.+GUT infection unspecif.,C0156756,Genitourinary tract infection in pregnancy,narrow,P,PrA,L1660,ongoing_pregnancy
OngoingPregnancy7,Ongoing Pregnancy,RCD2,L167.,Pregnancy + liver disorder,C0156762,Liver disorder in pregnancy,narrow,P,PrA,L167.,ongoing_pregnancy
OngoingPregnancy7,Ongoing Pregnancy,RCD2,L1670,Preg.+liver disorder unspecif.,C0156762,Liver disorder in pregnancy,narrow,P,PrA,L1670,ongoing_pregnancy
OngoingPregnancy7,Ongoing Pregnancy,RCD2,L167z,Pregnancy + liver disorder NOS,C0156762,Liver disorder in pregnancy,narrow,P,PrA,L167z,ongoing_pregnancy
OngoingPregnancy7,Ongoing Pregnancy,RCD2,L169.,Herpes gestationis,C0019343,Pemphigoid Gestationis,narrow,P,PrA,L169.,ongoing_pregnancy
OngoingPregnancy7,Ongoing Pregnancy,RCD2,L1690,Herpes gestationis unspecified,C0019343,Pemphigoid Gestationis,narrow,P,PrA,L1690,ongoing_pregnancy
OngoingPregnancy7,Ongoing Pregnancy,RCD2,L169z,Herpes gestationis NOS,C0019343,Pemphigoid Gestationis,narrow,P,PrA,L169z,ongoing_pregnancy
OngoingPregnancy7,Ongoing Pregnancy,RCD2,L16z.,Pregnancy complication NOS,C0032962,Pregnancy Complications,narrow,P,PrA,L16z.,ongoing_pregnancy
OngoingPregnancy7,Ongoing Pregnancy,RCD2,L1808,Diabetes mel aris in pregnancy,C0085207,Gestational Diabetes,narrow,P,PrA,L1808,ongoing_pregnancy
OngoingPregnancy7,Ongoing Pregnancy,RCD2,L2...,Risk factors in pregnancy,C0404588,Finding related to risk factor in pregnancy,narrow,P,PrA,L2...,ongoing_pregnancy
OngoingPregnancy7,Ongoing Pregnancy,RCD2,L21..,Multiple pregnancy,C0032989,Multiple Pregnancy,narrow,P,PrA,L21..,ongoing_pregnancy
OngoingPregnancy7,Ongoing Pregnancy,RCD2,L210.,Twin pregnancy,C0152150,Pregnancy- Twin,narrow,P,PrA,L210.,ongoing_pregnancy
OngoingPregnancy7,Ongoing Pregnancy,RCD2,L2100,Twin pregnancy unspecified,C0152150,Pregnancy- Twin,narrow,P,PrA,L2100,ongoing_pregnancy
OngoingPregnancy7,Ongoing Pregnancy,RCD2,L210z,Twin pregnancy NOS,C0152150,Pregnancy- Twin,narrow,P,PrA,L210z,ongoing_pregnancy
OngoingPregnancy7,Ongoing Pregnancy,RCD2,L21z.,Multiple pregnancy NOS,C0032989,Multiple Pregnancy,narrow,P,PrA,L21z.,ongoing_pregnancy
OngoingPregnancy7,Ongoing Pregnancy,RCD2,L21z0,Multiple pregnancy NOS unspec.,C0032989,Multiple Pregnancy,narrow,P,PrA,L21z0,ongoing_pregnancy
OngoingPregnancy7,Ongoing Pregnancy,RCD2,L2450,Cervical incompetence unspecif,C0007871,Uterine Cervical Incompetence,narrow,P,PrA,L2450,ongoing_pregnancy
OngoingPregnancy7,Ongoing Pregnancy,RCD2,L245z,Cervical incompetence NOS,C0007871,Uterine Cervical Incompetence,narrow,P,PrA,L245z,ongoing_pregnancy
OngoingPregnancy7,Ongoing Pregnancy,RCD2,L2610,Rhesus isoimmunisation unspec.,C0035404,Rh Isoimmunization,narrow,P,PrA,L2610,ongoing_pregnancy
OngoingPregnancy7,Ongoing Pregnancy,RCD2,L261z,Rhesus isoimmunisation NOS,C0035404,Rh Isoimmunization,narrow,P,PrA,L261z,ongoing_pregnancy
OngoingPregnancy7,Ongoing Pregnancy,RCD2,L270.,Polyhydramnios,C0020224,Polyhydramnios,narrow,P,PrA,L270.,ongoing_pregnancy
OngoingPregnancy7,Ongoing Pregnancy,RCD2,L2700,Polyhydramnios unspecified,C0020224,Polyhydramnios,narrow,P,PrA,L2700,ongoing_pregnancy
OngoingPregnancy7,Ongoing Pregnancy,RCD2,L270z,Polyhydramnios NOS,C0020224,Polyhydramnios,narrow,P,PrA,L270z,ongoing_pregnancy
OngoingPregnancy7,Ongoing Pregnancy,RCD2,L2z..,Risk factors in pregnancy NOS,C0404588,Finding related to risk factor in pregnancy,narrow,P,PrA,L2z..,ongoing_pregnancy
OngoingPregnancy7,Ongoing Pregnancy,RCD2,Lyu3E,[X]Other antepartum haemorrhag,C0156635,Other antepartum hemorrhage,narrow,P,PrA,Lyu3E,ongoing_pregnancy
OngoingPregnancy7,Ongoing Pregnancy,RCD2,R123.,[D]Amniotic fluid abnormal,C0266781,Abnormal amniotic fluid,narrow,P,PrA,R123.,ongoing_pregnancy
OngoingPregnancy7,Ongoing Pregnancy,SCTSPA,1004016001,trastorno fetal debido a amniocentesis y posterior a ella (trastorno),"","",narrow,P,PrA,1004016001,ongoing_pregnancy
OngoingPregnancy7,Ongoing Pregnancy,SCTSPA,102876002,múltiples embarazos previos (hallazgo),C0700322,Encounter due to multiparity,narrow,P,PrA,102876002,ongoing_pregnancy
OngoingPregnancy7,Ongoing Pregnancy,SCTSPA,106004004,complicación hemorrágica del embarazo,C0269596,Hemorrhagic complication of pregnancy,narrow,P,PrA,106004004,ongoing_pregnancy
OngoingPregnancy7,Ongoing Pregnancy,SCTSPA,1144807000,várices venosas de ambas extremidades inferiores en el embarazo (trastorno),C0157498,Varicose veins of legs in pregnancy,narrow,P,PrA,1144807000,ongoing_pregnancy
OngoingPregnancy7,Ongoing Pregnancy,SCTSPA,11687002,diabetes mellitus gestacional,C0085207,Gestational Diabetes,narrow,P,PrA,11687002,ongoing_pregnancy
OngoingPregnancy7,Ongoing Pregnancy,SCTSPA,125586008,trastorno placentario,C0032045,Placenta Disorders,narrow,P,PrA,125586008,ongoing_pregnancy
OngoingPregnancy7,Ongoing Pregnancy,SCTSPA,1323351000000104,sangrado en el primer trimestre de embarazo (trastorno),C0156604,Hemorrhage in early pregnancy,narrow,P,PrA,1323351000000104,ongoing_pregnancy
OngoingPregnancy7,Ongoing Pregnancy,SCTSPA,146802001,paciente embarazada- SAI,C0549206,Patient currently pregnant,narrow,P,PrA,146802001,ongoing_pregnancy
OngoingPregnancy7,Ongoing Pregnancy,SCTSPA,15230009,trastorno hepático en el embarazo,C0156762,Liver disorder in pregnancy,narrow,P,PrA,15230009,ongoing_pregnancy
OngoingPregnancy7,Ongoing Pregnancy,SCTSPA,156109003,Pre-eclampsia NOS,C0032914,Pre-Eclampsia,narrow,P,PrA,156109003,ongoing_pregnancy
OngoingPregnancy7,Ongoing Pregnancy,SCTSPA,156123001,complicaciones del embarazo- SAI,C0032962,Pregnancy Complications,narrow,P,PrA,156123001,ongoing_pregnancy
OngoingPregnancy7,Ongoing Pregnancy,SCTSPA,156154002,embarazo gemelar- SAI,C0032989,Multiple Pregnancy,narrow,P,PrA,156154002,ongoing_pregnancy
OngoingPregnancy7,Ongoing Pregnancy,SCTSPA,156200008,factores de riesgo en el embarazo- SAI,C0404588,Finding related to risk factor in pregnancy,narrow,P,PrA,156200008,ongoing_pregnancy
OngoingPregnancy7,Ongoing Pregnancy,SCTSPA,16356006,embarazo múltiple,C0032989,Multiple Pregnancy,narrow,P,PrA,16356006,ongoing_pregnancy
OngoingPregnancy7,Ongoing Pregnancy,SCTSPA,16756008,albuminuria en el embarazo sin hipertensión,C0269675,Albuminuria in pregnancy without hypertension,narrow,P,PrA,16756008,ongoing_pregnancy
OngoingPregnancy7,Ongoing Pregnancy,SCTSPA,168087009,líquido amniótico- anormal,C0266781,Abnormal amniotic fluid,narrow,P,PrA,168087009,ongoing_pregnancy
OngoingPregnancy7,Ongoing Pregnancy,SCTSPA,169568001,embarazo no planeado - se desconoce si el niño es deseado,C0425969,Unplanned pregnancy unknown if child is wanted,narrow,P,PrA,169568001,ongoing_pregnancy
OngoingPregnancy7,Ongoing Pregnancy,SCTSPA,169571009,paciente embarazada- SAI,C0549206,Patient currently pregnant,narrow,P,PrA,169571009,ongoing_pregnancy
OngoingPregnancy7,Ongoing Pregnancy,SCTSPA,169588002,atención prenatal- primípara añosa,C0419556,Antenatal care- elderly primiparous,narrow,P,PrA,169588002,ongoing_pregnancy
OngoingPregnancy7,Ongoing Pregnancy,SCTSPA,173300003,trastorno del embarazo,C0151864,Disorder of pregnancy,narrow,P,PrA,173300003,ongoing_pregnancy
OngoingPregnancy7,Ongoing Pregnancy,SCTSPA,17382005,insuficiencia cervicouterina,C0007871,Uterine Cervical Incompetence,narrow,P,PrA,17382005,ongoing_pregnancy
OngoingPregnancy7,Ongoing Pregnancy,SCTSPA,19211001,hemorragia del embarazo,C0269596,Hemorrhagic complication of pregnancy,narrow,P,PrA,19211001,ongoing_pregnancy
OngoingPregnancy7,Ongoing Pregnancy,SCTSPA,198881004,complicaciones del embarazo,C0032962,Pregnancy Complications,narrow,P,PrA,198881004,ongoing_pregnancy
OngoingPregnancy7,Ongoing Pregnancy,SCTSPA,198882006,amenaza de aborto- no especificada,C0000821,Threatened abortion,narrow,P,PrA,198882006,ongoing_pregnancy
OngoingPregnancy7,Ongoing Pregnancy,SCTSPA,198885008,amenaza de aborto- SAI,C0000821,Threatened abortion,narrow,P,PrA,198885008,ongoing_pregnancy
OngoingPregnancy7,Ongoing Pregnancy,SCTSPA,198909001,desprendimiento prematuro de placenta- no especificado,C0000832,Abruptio Placentae,narrow,P,PrA,198909001,ongoing_pregnancy
OngoingPregnancy7,Ongoing Pregnancy,SCTSPA,198913008,desprendimiento prematuro de placenta- SAI,C0000832,Abruptio Placentae,narrow,P,PrA,198913008,ongoing_pregnancy
OngoingPregnancy7,Ongoing Pregnancy,SCTSPA,198916000,hemorragia preparto con defecto de la coagulación no especificado,C0156631,Antepartum hemorrhage associated with coagulation defect,narrow,P,PrA,198916000,ongoing_pregnancy
OngoingPregnancy7,Ongoing Pregnancy,SCTSPA,198919007,hemorragia preparto con defecto de la coagulación- SAI,C0156631,Antepartum hemorrhage associated with coagulation defect,narrow,P,PrA,198919007,ongoing_pregnancy
OngoingPregnancy7,Ongoing Pregnancy,SCTSPA,198931009,otra hemorragia preparto,C0156635,Other antepartum hemorrhage,narrow,P,PrA,198931009,ongoing_pregnancy
OngoingPregnancy7,Ongoing Pregnancy,SCTSPA,198932002,otra hemorragia preparto- no especificada,C0156635,Other antepartum hemorrhage,narrow,P,PrA,198932002,ongoing_pregnancy
OngoingPregnancy7,Ongoing Pregnancy,SCTSPA,198935000,otra hemorragia preparto- SAI,C0156635,Other antepartum hemorrhage,narrow,P,PrA,198935000,ongoing_pregnancy
OngoingPregnancy7,Ongoing Pregnancy,SCTSPA,198979002,Pre-eclampsia NOS,C0032914,Pre-Eclampsia,narrow,P,PrA,198979002,ongoing_pregnancy
OngoingPregnancy7,Ongoing Pregnancy,SCTSPA,199049003,amenaza de parto prematuro - no nacido,C0473389,Threatened premature labor - not delivered,narrow,P,PrA,199049003,ongoing_pregnancy
OngoingPregnancy7,Ongoing Pregnancy,SCTSPA,199049003,amenaza de parto prematuro - no nacido (hallazgo),C0473390,Threatened premature labor,narrow,P,PrA,199049003,ongoing_pregnancy
OngoingPregnancy7,Ongoing Pregnancy,SCTSPA,199085003,enfermedad renal no especificada durante el embarazo- SAI,C0156738,Renal disorder in pregnancy,narrow,P,PrA,199085003,ongoing_pregnancy
OngoingPregnancy7,Ongoing Pregnancy,SCTSPA,199098007,bacteriuria asintomática durante el embarazo- no especificada,C0156750,Asymptomatic bacteriuria in pregnancy,narrow,P,PrA,199098007,ongoing_pregnancy
OngoingPregnancy7,Ongoing Pregnancy,SCTSPA,199103009,bacteriuria asintomática durante el embarazo- SAI,C0156750,Asymptomatic bacteriuria in pregnancy,narrow,P,PrA,199103009,ongoing_pregnancy
OngoingPregnancy7,Ongoing Pregnancy,SCTSPA,199105002,infección de las vías genitourinarias durante el embarazo- no especificada,C0156756,Genitourinary tract infection in pregnancy,narrow,P,PrA,199105002,ongoing_pregnancy
OngoingPregnancy7,Ongoing Pregnancy,SCTSPA,199116009,trastorno hepático durante el embarazo- no especificado,C0156762,Liver disorder in pregnancy,narrow,P,PrA,199116009,ongoing_pregnancy
OngoingPregnancy7,Ongoing Pregnancy,SCTSPA,199119002,trastorno hepático durante el embarazo- SAI,C0156762,Liver disorder in pregnancy,narrow,P,PrA,199119002,ongoing_pregnancy
OngoingPregnancy7,Ongoing Pregnancy,SCTSPA,199126002,herpes gestacional- no especificado,C0019343,Pemphigoid Gestationis,narrow,P,PrA,199126002,ongoing_pregnancy
OngoingPregnancy7,Ongoing Pregnancy,SCTSPA,199131000,herpes gestacional- SAI,C0019343,Pemphigoid Gestationis,narrow,P,PrA,199131000,ongoing_pregnancy
OngoingPregnancy7,Ongoing Pregnancy,SCTSPA,199152008,complicación del embarazo- SAI,C0032962,Pregnancy Complications,narrow,P,PrA,199152008,ongoing_pregnancy
OngoingPregnancy7,Ongoing Pregnancy,SCTSPA,199312002,hallazgo relacionado con factor de riesgo en el embarazo,C0404588,Finding related to risk factor in pregnancy,narrow,P,PrA,199312002,ongoing_pregnancy
OngoingPregnancy7,Ongoing Pregnancy,SCTSPA,199316004,embarazo gemelar doble no especificado,C0152150,Pregnancy- Twin,narrow,P,PrA,199316004,ongoing_pregnancy
OngoingPregnancy7,Ongoing Pregnancy,SCTSPA,199319006,embarazo gemelar doble- SAI,C0152150,Pregnancy- Twin,narrow,P,PrA,199319006,ongoing_pregnancy
OngoingPregnancy7,Ongoing Pregnancy,SCTSPA,199337007,embarazo gemelar- SAI,C0032989,Multiple Pregnancy,narrow,P,PrA,199337007,ongoing_pregnancy
OngoingPregnancy7,Ongoing Pregnancy,SCTSPA,199338002,embarazo gemelar- SAI- no especificado,C0032989,Multiple Pregnancy,narrow,P,PrA,199338002,ongoing_pregnancy
OngoingPregnancy7,Ongoing Pregnancy,SCTSPA,199341006,embarazo gemelar- SAI,C0032989,Multiple Pregnancy,narrow,P,PrA,199341006,ongoing_pregnancy
OngoingPregnancy7,Ongoing Pregnancy,SCTSPA,199481003,incompetencia cervical no especificada,C0007871,Uterine Cervical Incompetence,narrow,P,PrA,199481003,ongoing_pregnancy
OngoingPregnancy7,Ongoing Pregnancy,SCTSPA,199486008,incompetencia cervical- SAI,C0007871,Uterine Cervical Incompetence,narrow,P,PrA,199486008,ongoing_pregnancy
OngoingPregnancy7,Ongoing Pregnancy,SCTSPA,199581000,isoinmunización Rh no especificada,C0035404,Rh Isoimmunization,narrow,P,PrA,199581000,ongoing_pregnancy
OngoingPregnancy7,Ongoing Pregnancy,SCTSPA,199584008,isoinmunización Rh- SAI,C0035404,Rh Isoimmunization,narrow,P,PrA,199584008,ongoing_pregnancy
OngoingPregnancy7,Ongoing Pregnancy,SCTSPA,199645005,polihidramnios no especificado,C0020224,Polyhydramnios,narrow,P,PrA,199645005,ongoing_pregnancy
OngoingPregnancy7,Ongoing Pregnancy,SCTSPA,199648007,polihidramnios- SAI,C0020224,Polyhydramnios,narrow,P,PrA,199648007,ongoing_pregnancy
OngoingPregnancy7,Ongoing Pregnancy,SCTSPA,199650004,polihidramnios- SAI,C0020224,Polyhydramnios,narrow,P,PrA,199650004,ongoing_pregnancy
OngoingPregnancy7,Ongoing Pregnancy,SCTSPA,199744001,factores de riesgo en el embarazo- SAI,C0404588,Finding related to risk factor in pregnancy,narrow,P,PrA,199744001,ongoing_pregnancy
OngoingPregnancy7,Ongoing Pregnancy,SCTSPA,200284000,embolia pulmonar obstétrica (trastorno),C0157564,Other obstetrical pulmonary embolism,narrow,P,PrA,200284000,ongoing_pregnancy
OngoingPregnancy7,Ongoing Pregnancy,SCTSPA,200522000,(X)otra hemorragia preparto,C0156635,Other antepartum hemorrhage,narrow,P,PrA,200522000,ongoing_pregnancy
OngoingPregnancy7,Ongoing Pregnancy,SCTSPA,207354007,[D]líquido amniótico anormal,C0266781,Abnormal amniotic fluid,narrow,P,PrA,207354007,ongoing_pregnancy
OngoingPregnancy7,Ongoing Pregnancy,SCTSPA,2261009,embolia grasa pulmonar obstétrica,C0269960,Obstetrical pulmonary fat embolism,narrow,P,PrA,2261009,ongoing_pregnancy
OngoingPregnancy7,Ongoing Pregnancy,SCTSPA,22689002,amenaza de aborto (anteparto),C0000821,Threatened abortion,narrow,P,PrA,22689002,ongoing_pregnancy
OngoingPregnancy7,Ongoing Pregnancy,SCTSPA,23288008,enfermedad del embarazo,C0151864,Disorder of pregnancy,narrow,P,PrA,23288008,ongoing_pregnancy
OngoingPregnancy7,Ongoing Pregnancy,SCTSPA,237230004,uremia en el embarazo sin hipertensión,C0473335,Uremia in pregnancy without hypertension,narrow,P,PrA,237230004,ongoing_pregnancy
OngoingPregnancy7,Ongoing Pregnancy,SCTSPA,237232007,albuminuria en el embarazo sin hipertensión,C0269675,Albuminuria in pregnancy without hypertension,narrow,P,PrA,237232007,ongoing_pregnancy
OngoingPregnancy7,Ongoing Pregnancy,SCTSPA,237284001,trastornos sintomáticos en el embarazo,C0405064,Symptomatic disorders in pregnancy,narrow,P,PrA,237284001,ongoing_pregnancy
OngoingPregnancy7,Ongoing Pregnancy,SCTSPA,237285000,edema gestacional,C0341960,Gestational edema,narrow,P,PrA,237285000,ongoing_pregnancy
OngoingPregnancy7,Ongoing Pregnancy,SCTSPA,243787009,cribado prenatal (procedimiento),C0260591,Encounter due to antenatal screening,narrow,P,PrA,243787009,ongoing_pregnancy
OngoingPregnancy7,Ongoing Pregnancy,SCTSPA,265636007,cerclaje de cuello uterino (procedimiento),"","",narrow,P,PrA,265636007,ongoing_pregnancy
OngoingPregnancy7,Ongoing Pregnancy,SCTSPA,267199000,hemorragia en el preparto con defecto de coagulación,C0156631,Antepartum hemorrhage associated with coagulation defect,narrow,P,PrA,267199000,ongoing_pregnancy
OngoingPregnancy7,Ongoing Pregnancy,SCTSPA,267203000,enfermedad renal no especificada durante el embarazo,C0156738,Renal disorder in pregnancy,narrow,P,PrA,267203000,ongoing_pregnancy
OngoingPregnancy7,Ongoing Pregnancy,SCTSPA,267204006,infección de las vías genitourinarias en el embarazo,C0156756,Genitourinary tract infection in pregnancy,narrow,P,PrA,267204006,ongoing_pregnancy
OngoingPregnancy7,Ongoing Pregnancy,SCTSPA,267205007,infección del aparato genitourinario durante el embarazo- SAI,C0156756,Genitourinary tract infection in pregnancy,narrow,P,PrA,267205007,ongoing_pregnancy
OngoingPregnancy7,Ongoing Pregnancy,SCTSPA,267258002,feto pequeño para la edad gestacional (trastorno),C0158849,Slow fetal growth AND-OR fetal malnutrition,narrow,P,PrA,267258002,ongoing_pregnancy
OngoingPregnancy7,Ongoing Pregnancy,SCTSPA,267261001,polihidramnios e hidramnios,C0020224,Polyhydramnios,narrow,P,PrA,267261001,ongoing_pregnancy
OngoingPregnancy7,Ongoing Pregnancy,SCTSPA,267311008,complicaciones del embarazo- SAI,C0032962,Pregnancy Complications,narrow,P,PrA,267311008,ongoing_pregnancy
OngoingPregnancy7,Ongoing Pregnancy,SCTSPA,271866005,líquido amniótico anormal,C0266781,Abnormal amniotic fluid,narrow,P,PrA,271866005,ongoing_pregnancy
OngoingPregnancy7,Ongoing Pregnancy,SCTSPA,274118001,enfermedad venérea en el embarazo (trastorno),C0747817,Gonorrhea- antepartum,narrow,P,PrA,274118001,ongoing_pregnancy
OngoingPregnancy7,Ongoing Pregnancy,SCTSPA,275412000,cistitis del embarazo,C0341959,Cystitis of pregnancy,narrow,P,PrA,275412000,ongoing_pregnancy
OngoingPregnancy7,Ongoing Pregnancy,SCTSPA,276608005,alimentación fetal pobre (trastorno),C0158849,Slow fetal growth AND-OR fetal malnutrition,narrow,P,PrA,276608005,ongoing_pregnancy
OngoingPregnancy7,Ongoing Pregnancy,SCTSPA,2814002,hemorragia prenatal asociada con coagulopatía,C0156631,Antepartum hemorrhage associated with coagulation defect,narrow,P,PrA,2814002,ongoing_pregnancy
OngoingPregnancy7,Ongoing Pregnancy,SCTSPA,284075002,sangrado vaginal en gotas durante el embarazo,C0561919,Spotting per vagina in pregnancy,narrow,P,PrA,284075002,ongoing_pregnancy
OngoingPregnancy7,Ongoing Pregnancy,SCTSPA,288201007,preeclampsia- SAI,C0032914,Pre-Eclampsia,narrow,P,PrA,288201007,ongoing_pregnancy
OngoingPregnancy7,Ongoing Pregnancy,SCTSPA,307534009,infección urinaria en el embarazo,C0495188,Urinary tract infection in pregnancy,narrow,P,PrA,307534009,ongoing_pregnancy
OngoingPregnancy7,Ongoing Pregnancy,SCTSPA,309782006,infección de vías urinarias que complica el embarazo,C0495188,Urinary tract infection in pregnancy,narrow,P,PrA,309782006,ongoing_pregnancy
OngoingPregnancy7,Ongoing Pregnancy,SCTSPA,31563000,bacteriuria asintomática en el embarazo,C0156750,Asymptomatic bacteriuria in pregnancy,narrow,P,PrA,31563000,ongoing_pregnancy
OngoingPregnancy7,Ongoing Pregnancy,SCTSPA,315899003,[V]embarazo normal,C0700573,Encounter due to normal pregnancy,narrow,P,PrA,315899003,ongoing_pregnancy
OngoingPregnancy7,Ongoing Pregnancy,SCTSPA,315900008,[V]primer control del embarazo normal,C0260550,Encounter due to first normal pregnancy supervision,narrow,P,PrA,315900008,ongoing_pregnancy
OngoingPregnancy7,Ongoing Pregnancy,SCTSPA,315901007,[V]otro control normal del embarazo,C0038843,Supervision of other normal pregnancy,narrow,P,PrA,315901007,ongoing_pregnancy
OngoingPregnancy7,Ongoing Pregnancy,SCTSPA,315903005,[V]embarazo fortuito,C0451636,Pregnant state- incidental,narrow,P,PrA,315903005,ongoing_pregnancy
OngoingPregnancy7,Ongoing Pregnancy,SCTSPA,315904004,[V]control de otro embarazo normal,C0038843,Supervision of other normal pregnancy,narrow,P,PrA,315904004,ongoing_pregnancy
OngoingPregnancy7,Ongoing Pregnancy,SCTSPA,315907006,[V]control de embarazo de alto riesgo,C0260551,Encounter for supervision of high-risk pregnancy,narrow,P,PrA,315907006,ongoing_pregnancy
OngoingPregnancy7,Ongoing Pregnancy,SCTSPA,315909009,[V]embarazo con antecedente de enfermedad trofoblástica,C0481649,Pregnancy with history of hydatidiform mole,narrow,P,PrA,315909009,ongoing_pregnancy
OngoingPregnancy7,Ongoing Pregnancy,SCTSPA,315912007,[V]embarazo con otro mal antecedente obstétrico,C0481651,Pregnancy with other poor obstetric history,narrow,P,PrA,315912007,ongoing_pregnancy
OngoingPregnancy7,Ongoing Pregnancy,SCTSPA,315968003,[V]cribado prenatal,C0260591,Encounter due to antenatal screening,narrow,P,PrA,315968003,ongoing_pregnancy
OngoingPregnancy7,Ongoing Pregnancy,SCTSPA,315975002,[V]otra cribado prenatal especificada,C0260598,Encounter due to other specified antenatal screening,narrow,P,PrA,315975002,ongoing_pregnancy
OngoingPregnancy7,Ongoing Pregnancy,SCTSPA,315976001,[V]cribado prenatal no especificada,C0260591,Encounter due to antenatal screening,narrow,P,PrA,315976001,ongoing_pregnancy
OngoingPregnancy7,Ongoing Pregnancy,SCTSPA,316381006,[V]multiparidad,C0700322,Encounter due to multiparity,narrow,P,PrA,316381006,ongoing_pregnancy
OngoingPregnancy7,Ongoing Pregnancy,SCTSPA,316383009,[V]embarazo ilegítimo,C1313860,Encounter due to Illegitimate pregnancy,narrow,P,PrA,316383009,ongoing_pregnancy
OngoingPregnancy7,Ongoing Pregnancy,SCTSPA,316385002,[V]otro embarazo no deseado,C0029865,Other unwanted pregnancy,narrow,P,PrA,316385002,ongoing_pregnancy
OngoingPregnancy7,Ongoing Pregnancy,SCTSPA,316748007,[X]supervisión de otro embarazo normal,C0038843,Supervision of other normal pregnancy,narrow,P,PrA,316748007,ongoing_pregnancy
OngoingPregnancy7,Ongoing Pregnancy,SCTSPA,316750004,[X]supervisión de otros embarazos de alto riesgo,C0260559,Encounter for supervision of other high-risk pregnancies,narrow,P,PrA,316750004,ongoing_pregnancy
OngoingPregnancy7,Ongoing Pregnancy,SCTSPA,316751000,[X]otra cribado prenatal basada en la amniocentesis,C0260594,Other antenatal screening based on amniocentesis,narrow,P,PrA,316751000,ongoing_pregnancy
OngoingPregnancy7,Ongoing Pregnancy,SCTSPA,316753002,[X]otra cribado prenatal para retardo del crecimiento fetal utilizando ultrasonido y otros métodos físicos,C0260596,Antenatal screening for fetal growth retardation using ultrasound and other physical methods,narrow,P,PrA,316753002,ongoing_pregnancy
OngoingPregnancy7,Ongoing Pregnancy,SCTSPA,35898002,abruptio placentae,C0000832,Abruptio Placentae,narrow,P,PrA,35898002,ongoing_pregnancy
OngoingPregnancy7,Ongoing Pregnancy,SCTSPA,359964007,diabetes mellitus gestacional,C0085207,Gestational Diabetes,narrow,P,PrA,359964007,ongoing_pregnancy
OngoingPregnancy7,Ongoing Pregnancy,SCTSPA,360561001,hemorragia accidental,C0000832,Abruptio Placentae,narrow,P,PrA,360561001,ongoing_pregnancy
OngoingPregnancy7,Ongoing Pregnancy,SCTSPA,36836005,incompetencia del cuello uterino,C0007871,Uterine Cervical Incompetence,narrow,P,PrA,36836005,ongoing_pregnancy
OngoingPregnancy7,Ongoing Pregnancy,SCTSPA,398254007,preeclampsia,C0032914,Pre-Eclampsia,narrow,P,PrA,398254007,ongoing_pregnancy
OngoingPregnancy7,Ongoing Pregnancy,SCTSPA,405235009,hidropesía de la membrana amniótica,C0020224,Polyhydramnios,narrow,P,PrA,405235009,ongoing_pregnancy
OngoingPregnancy7,Ongoing Pregnancy,SCTSPA,405736009,hemorragia preparto accidental,C0000832,Abruptio Placentae,narrow,P,PrA,405736009,ongoing_pregnancy
OngoingPregnancy7,Ongoing Pregnancy,SCTSPA,409047002,riesgo en el embarazo,C0404588,Finding related to risk factor in pregnancy,narrow,P,PrA,409047002,ongoing_pregnancy
OngoingPregnancy7,Ongoing Pregnancy,SCTSPA,415105001,desprendimiento placentario,C0000832,Abruptio Placentae,narrow,P,PrA,415105001,ongoing_pregnancy
OngoingPregnancy7,Ongoing Pregnancy,SCTSPA,42170009,líquido amniótico anormal,C0266781,Abnormal amniotic fluid,narrow,P,PrA,42170009,ongoing_pregnancy
OngoingPregnancy7,Ongoing Pregnancy,SCTSPA,427139004,sangrado del tercer trimestre,C1959899,Third trimester bleeding,narrow,P,PrA,427139004,ongoing_pregnancy
OngoingPregnancy7,Ongoing Pregnancy,SCTSPA,430881000,sangrado del segundo trimestre del embarazo,C2316827,Second trimester bleeding,narrow,P,PrA,430881000,ongoing_pregnancy
OngoingPregnancy7,Ongoing Pregnancy,SCTSPA,445122007,placenta de inserción baja,C2081572,Low lying placenta,narrow,P,PrA,445122007,ongoing_pregnancy
OngoingPregnancy7,Ongoing Pregnancy,SCTSPA,44795003,incompatibilidad Rh que afecta al embarazo,C0035404,Rh Isoimmunization,narrow,P,PrA,44795003,ongoing_pregnancy
OngoingPregnancy7,Ongoing Pregnancy,SCTSPA,54048003,amenaza de aborto,C0000821,Threatened abortion,narrow,P,PrA,54048003,ongoing_pregnancy
OngoingPregnancy7,Ongoing Pregnancy,SCTSPA,56313000,placenta anormal que afecta el manejo de la situación materna,C0269793,Abnormal placenta affecting management of mother,narrow,P,PrA,56313000,ongoing_pregnancy
OngoingPregnancy7,Ongoing Pregnancy,SCTSPA,58532003,embarazo no deseado,C0032995,Unwanted pregnancy,narrow,P,PrA,58532003,ongoing_pregnancy
OngoingPregnancy7,Ongoing Pregnancy,SCTSPA,609415007,trastorno fetal sospechado (situación),"","",narrow,P,PrA,609415007,ongoing_pregnancy
OngoingPregnancy7,Ongoing Pregnancy,SCTSPA,609496007,complicación producida durante el embarazo,C3662149,Complication occurring during pregnancy,narrow,P,PrA,609496007,ongoing_pregnancy
OngoingPregnancy7,Ongoing Pregnancy,SCTSPA,63020008,infección del aparato genitourinario en el embarazo,C0156756,Genitourinary tract infection in pregnancy,narrow,P,PrA,63020008,ongoing_pregnancy
OngoingPregnancy7,Ongoing Pregnancy,SCTSPA,65147003,embarazo gemelar,C0152150,Pregnancy- Twin,narrow,P,PrA,65147003,ongoing_pregnancy
OngoingPregnancy7,Ongoing Pregnancy,SCTSPA,6758009,edema- proteinuria e hipertensión gestacional,C0032914,Pre-Eclampsia,narrow,P,PrA,6758009,ongoing_pregnancy
OngoingPregnancy7,Ongoing Pregnancy,SCTSPA,69897008,atrofia amarilla aguda de hígado durante el embarazo,C0269677,Icterus gravis of pregnancy,narrow,P,PrA,69897008,ongoing_pregnancy
OngoingPregnancy7,Ongoing Pregnancy,SCTSPA,707254000,adherencia amniótica (trastorno),"","",narrow,P,PrA,707254000,ongoing_pregnancy
OngoingPregnancy7,Ongoing Pregnancy,SCTSPA,72860003,trastorno de la cavidad Y-O membrana amniótica (trastorno),C0405037,Amniotic cavity and membrane problem,narrow,P,PrA,72860003,ongoing_pregnancy
OngoingPregnancy7,Ongoing Pregnancy,SCTSPA,72892002,embarazo normal,C0232989,Normal pregnancy,narrow,P,PrA,72892002,ongoing_pregnancy
OngoingPregnancy7,Ongoing Pregnancy,SCTSPA,73790007,amenaza de aborto en el primer trimestre (trastorno),"","",narrow,P,PrA,73790007,ongoing_pregnancy
OngoingPregnancy7,Ongoing Pregnancy,SCTSPA,769087009,vómitos durante el tercer trimestre de gestación (trastorno),C0156699,Late vomiting of pregnancy,narrow,P,PrA,769087009,ongoing_pregnancy
OngoingPregnancy7,Ongoing Pregnancy,SCTSPA,77376005,edema gestacional sin hipertensión,C0269671,Gestational edema without hypertension,narrow,P,PrA,77376005,ongoing_pregnancy
OngoingPregnancy7,Ongoing Pregnancy,SCTSPA,822972000,atrofia amarilla aguda del hígado durante el embarazo,C0269677,Icterus gravis of pregnancy,narrow,P,PrA,822972000,ongoing_pregnancy
OngoingPregnancy7,Ongoing Pregnancy,SCTSPA,83074005,embarazo indeseado,C0041747,Unplanned pregnancy,narrow,P,PrA,83074005,ongoing_pregnancy
OngoingPregnancy7,Ongoing Pregnancy,SCTSPA,86081009,dermatitis herpetiforme del embarazo,C0019343,Pemphigoid Gestationis,narrow,P,PrA,86081009,ongoing_pregnancy
OngoingPregnancy7,Ongoing Pregnancy,SCTSPA,86203003,polihidramnios,C0020224,Polyhydramnios,narrow,P,PrA,86203003,ongoing_pregnancy
OngoingPregnancy7,Ongoing Pregnancy,SCTSPA,90821003,complicación relacionada con el embarazo,C0032962,Pregnancy Complications,narrow,P,PrA,90821003,ongoing_pregnancy
OngoingPregnancy7,Ongoing Pregnancy,SCTSPA,91162000,necrosis hepática del embarazo,C0269676,Necrosis of liver of pregnancy,narrow,P,PrA,91162000,ongoing_pregnancy
OngoingPregnancy7,Ongoing Pregnancy,SCTSPA,9121000119106,dolor lumbar en el embarazo,C3839171,Low back pain in pregnancy,narrow,P,PrA,9121000119106,ongoing_pregnancy
OngoingPregnancy7,Ongoing Pregnancy,SNOMEDCT_US,106004004,Hemorrhagic complication of pregnancy,C0269596,Hemorrhagic complication of pregnancy,narrow,P,PrA,106004004,ongoing_pregnancy
OngoingPregnancy7,Ongoing Pregnancy,SNOMEDCT_US,11687002,Gestational diabetes mellitus,C0085207,Gestational Diabetes,narrow,P,PrA,11687002,ongoing_pregnancy
OngoingPregnancy7,Ongoing Pregnancy,SNOMEDCT_US,125586008,Disorder of placenta,C0032045,Placenta Disorders,narrow,P,PrA,125586008,ongoing_pregnancy
OngoingPregnancy7,Ongoing Pregnancy,SNOMEDCT_US,145317002,Amniotic fluid - abnormality,C0266781,Abnormal amniotic fluid,narrow,P,PrA,145317002,ongoing_pregnancy
OngoingPregnancy7,Ongoing Pregnancy,SNOMEDCT_US,146789000,Patient pregnant,C0549206,Patient currently pregnant,narrow,P,PrA,146789000,ongoing_pregnancy
OngoingPregnancy7,Ongoing Pregnancy,SNOMEDCT_US,146790009,Patient currently pregnant,C0549206,Patient currently pregnant,narrow,P,PrA,146790009,ongoing_pregnancy
OngoingPregnancy7,Ongoing Pregnancy,SNOMEDCT_US,146800009,Pregnancy unplanned ? wanted,C0425969,Unplanned pregnancy unknown if child is wanted,narrow,P,PrA,146800009,ongoing_pregnancy
OngoingPregnancy7,Ongoing Pregnancy,SNOMEDCT_US,146802001,Patient pregnant NOS,C0549206,Patient currently pregnant,narrow,P,PrA,146802001,ongoing_pregnancy
OngoingPregnancy7,Ongoing Pregnancy,SNOMEDCT_US,146819004,A-N care- elderly primiparous,C0419556,Antenatal care- elderly primiparous,narrow,P,PrA,146819004,ongoing_pregnancy
OngoingPregnancy7,Ongoing Pregnancy,SNOMEDCT_US,15230009,Liver disorder in pregnancy,C0156762,Liver disorder in pregnancy,narrow,P,PrA,15230009,ongoing_pregnancy
OngoingPregnancy7,Ongoing Pregnancy,SNOMEDCT_US,156069003,Pregnancy disorders,C0151864,Disorder of pregnancy,narrow,P,PrA,156069003,ongoing_pregnancy
OngoingPregnancy7,Ongoing Pregnancy,SNOMEDCT_US,156097009,Pregnancy complications,C0032962,Pregnancy Complications,narrow,P,PrA,156097009,ongoing_pregnancy
OngoingPregnancy7,Ongoing Pregnancy,SNOMEDCT_US,156098004,Threatened miscarriage,C0000821,Threatened abortion,narrow,P,PrA,156098004,ongoing_pregnancy
OngoingPregnancy7,Ongoing Pregnancy,SNOMEDCT_US,156102007,Placental abruption,C0000832,Abruptio Placentae,narrow,P,PrA,156102007,ongoing_pregnancy
OngoingPregnancy7,Ongoing Pregnancy,SNOMEDCT_US,156103002,Antepartum haemorrhage with coagulation defect,C0156631,Antepartum hemorrhage associated with coagulation defect,narrow,P,PrA,156103002,ongoing_pregnancy
OngoingPregnancy7,Ongoing Pregnancy,SNOMEDCT_US,156106005,Pre-eclampsia,C0032914,Pre-Eclampsia,narrow,P,PrA,156106005,ongoing_pregnancy
OngoingPregnancy7,Ongoing Pregnancy,SNOMEDCT_US,156109003,Pre-eclampsia NOS,C0032914,Pre-Eclampsia,narrow,P,PrA,156109003,ongoing_pregnancy
OngoingPregnancy7,Ongoing Pregnancy,SNOMEDCT_US,156123001,Pregnancy complications NOS,C0032962,Pregnancy Complications,narrow,P,PrA,156123001,ongoing_pregnancy
OngoingPregnancy7,Ongoing Pregnancy,SNOMEDCT_US,156124007,Gestational edema,C0341960,Gestational edema,narrow,P,PrA,156124007,ongoing_pregnancy
OngoingPregnancy7,Ongoing Pregnancy,SNOMEDCT_US,156127000,Bacteriuria with pregnancy (& [asymptomatic]),C0156750,Asymptomatic bacteriuria in pregnancy,narrow,P,PrA,156127000,ongoing_pregnancy
OngoingPregnancy7,Ongoing Pregnancy,SNOMEDCT_US,156128005,Genitourinary tract infections in pregnancy,C0156756,Genitourinary tract infection in pregnancy,narrow,P,PrA,156128005,ongoing_pregnancy
OngoingPregnancy7,Ongoing Pregnancy,SNOMEDCT_US,156129002,Gestational herpes,C0019343,Pemphigoid Gestationis,narrow,P,PrA,156129002,ongoing_pregnancy
OngoingPregnancy7,Ongoing Pregnancy,SNOMEDCT_US,156131006,Pregnancy complications NOS,C0032962,Pregnancy Complications,narrow,P,PrA,156131006,ongoing_pregnancy
OngoingPregnancy7,Ongoing Pregnancy,SNOMEDCT_US,156148003,Risk factors in pregnancy,C0404588,Finding related to risk factor in pregnancy,narrow,P,PrA,156148003,ongoing_pregnancy
OngoingPregnancy7,Ongoing Pregnancy,SNOMEDCT_US,156150006,Multiple pregnancy,C0032989,Multiple Pregnancy,narrow,P,PrA,156150006,ongoing_pregnancy
OngoingPregnancy7,Ongoing Pregnancy,SNOMEDCT_US,156151005,Twin pregnancy,C0152150,Pregnancy- Twin,narrow,P,PrA,156151005,ongoing_pregnancy
OngoingPregnancy7,Ongoing Pregnancy,SNOMEDCT_US,156154002,Multiple pregnancy NOS,C0032989,Multiple Pregnancy,narrow,P,PrA,156154002,ongoing_pregnancy
OngoingPregnancy7,Ongoing Pregnancy,SNOMEDCT_US,156172008,Cervical incompetence,C0007871,Uterine Cervical Incompetence,narrow,P,PrA,156172008,ongoing_pregnancy
OngoingPregnancy7,Ongoing Pregnancy,SNOMEDCT_US,156182009,Rhesus isoimmunisation in pregnancy,C0035404,Rh Isoimmunization,narrow,P,PrA,156182009,ongoing_pregnancy
OngoingPregnancy7,Ongoing Pregnancy,SNOMEDCT_US,156188008,Polyhydramnios,C0020224,Polyhydramnios,narrow,P,PrA,156188008,ongoing_pregnancy
OngoingPregnancy7,Ongoing Pregnancy,SNOMEDCT_US,156200008,Risk factors in pregnancy NOS,C0404588,Finding related to risk factor in pregnancy,narrow,P,PrA,156200008,ongoing_pregnancy
OngoingPregnancy7,Ongoing Pregnancy,SNOMEDCT_US,157049000,Cervical incompetence,C0007871,Uterine Cervical Incompetence,narrow,P,PrA,157049000,ongoing_pregnancy
OngoingPregnancy7,Ongoing Pregnancy,SNOMEDCT_US,157052008,Polyhydramnios,C0020224,Polyhydramnios,narrow,P,PrA,157052008,ongoing_pregnancy
OngoingPregnancy7,Ongoing Pregnancy,SNOMEDCT_US,158590007,[D]Amniotic fluid abnormal,C0266781,Abnormal amniotic fluid,narrow,P,PrA,158590007,ongoing_pregnancy
OngoingPregnancy7,Ongoing Pregnancy,SNOMEDCT_US,160798004,Pregnancy unwanted,C0032995,Unwanted pregnancy,narrow,P,PrA,160798004,ongoing_pregnancy
OngoingPregnancy7,Ongoing Pregnancy,SNOMEDCT_US,16356006,Multiple pregnancy,C0032989,Multiple Pregnancy,narrow,P,PrA,16356006,ongoing_pregnancy
OngoingPregnancy7,Ongoing Pregnancy,SNOMEDCT_US,16756008,Albuminuria in pregnancy without hypertension,C0269675,Albuminuria in pregnancy without hypertension,narrow,P,PrA,16756008,ongoing_pregnancy
OngoingPregnancy7,Ongoing Pregnancy,SNOMEDCT_US,168087009,Amniotic fluid - abnormality,C0266781,Abnormal amniotic fluid,narrow,P,PrA,168087009,ongoing_pregnancy
OngoingPregnancy7,Ongoing Pregnancy,SNOMEDCT_US,169559003,Patient pregnant,C0549206,Patient currently pregnant,narrow,P,PrA,169559003,ongoing_pregnancy
OngoingPregnancy7,Ongoing Pregnancy,SNOMEDCT_US,169568001,Unplanned pregnancy unknown if child is wanted,C0425969,Unplanned pregnancy unknown if child is wanted,narrow,P,PrA,169568001,ongoing_pregnancy
OngoingPregnancy7,Ongoing Pregnancy,SNOMEDCT_US,169570005,Unplanned pregnancy,C0041747,Unplanned pregnancy,narrow,P,PrA,169570005,ongoing_pregnancy
OngoingPregnancy7,Ongoing Pregnancy,SNOMEDCT_US,169571009,Patient pregnant NOS,C0549206,Patient currently pregnant,narrow,P,PrA,169571009,ongoing_pregnancy
OngoingPregnancy7,Ongoing Pregnancy,SNOMEDCT_US,172422001,Disorder of pregnancy,C0151864,Disorder of pregnancy,narrow,P,PrA,172422001,ongoing_pregnancy
OngoingPregnancy7,Ongoing Pregnancy,SNOMEDCT_US,173300003,Disorder of pregnancy,C0151864,Disorder of pregnancy,narrow,P,PrA,173300003,ongoing_pregnancy
OngoingPregnancy7,Ongoing Pregnancy,SNOMEDCT_US,17382005,Cervical incompetence,C0007871,Uterine Cervical Incompetence,narrow,P,PrA,17382005,ongoing_pregnancy
OngoingPregnancy7,Ongoing Pregnancy,SNOMEDCT_US,19211001,Haemorrhage of pregnancy,C0269596,Hemorrhagic complication of pregnancy,narrow,P,PrA,19211001,ongoing_pregnancy
OngoingPregnancy7,Ongoing Pregnancy,SNOMEDCT_US,198881004,Pregnancy complications,C0032962,Pregnancy Complications,narrow,P,PrA,198881004,ongoing_pregnancy
OngoingPregnancy7,Ongoing Pregnancy,SNOMEDCT_US,198882006,Threatened abortion unspecified,C0000821,Threatened abortion,narrow,P,PrA,198882006,ongoing_pregnancy
OngoingPregnancy7,Ongoing Pregnancy,SNOMEDCT_US,198885008,Threatened abortion NOS,C0000821,Threatened abortion,narrow,P,PrA,198885008,ongoing_pregnancy
OngoingPregnancy7,Ongoing Pregnancy,SNOMEDCT_US,198908009,Ablatio placentae,C0000832,Abruptio Placentae,narrow,P,PrA,198908009,ongoing_pregnancy
OngoingPregnancy7,Ongoing Pregnancy,SNOMEDCT_US,198909001,Placental abruption unspecified,C0000832,Abruptio Placentae,narrow,P,PrA,198909001,ongoing_pregnancy
OngoingPregnancy7,Ongoing Pregnancy,SNOMEDCT_US,198913008,Placental abruption NOS,C0000832,Abruptio Placentae,narrow,P,PrA,198913008,ongoing_pregnancy
OngoingPregnancy7,Ongoing Pregnancy,SNOMEDCT_US,198915001,Antepartum haemorrhage with coagulation defect,C0156631,Antepartum hemorrhage associated with coagulation defect,narrow,P,PrA,198915001,ongoing_pregnancy
OngoingPregnancy7,Ongoing Pregnancy,SNOMEDCT_US,198916000,Antepartum haemorrhage with coagulation defect unspecified,C0156631,Antepartum hemorrhage associated with coagulation defect,narrow,P,PrA,198916000,ongoing_pregnancy
OngoingPregnancy7,Ongoing Pregnancy,SNOMEDCT_US,198919007,Antepartum haemorrhage with coagulation defect NOS,C0156631,Antepartum hemorrhage associated with coagulation defect,narrow,P,PrA,198919007,ongoing_pregnancy
OngoingPregnancy7,Ongoing Pregnancy,SNOMEDCT_US,198931009,Other antepartum haemorrhage,C0156635,Other antepartum hemorrhage,narrow,P,PrA,198931009,ongoing_pregnancy
OngoingPregnancy7,Ongoing Pregnancy,SNOMEDCT_US,198932002,Other antepartum haemorrhage unspecified,C0156635,Other antepartum hemorrhage,narrow,P,PrA,198932002,ongoing_pregnancy
OngoingPregnancy7,Ongoing Pregnancy,SNOMEDCT_US,198935000,Other antepartum haemorrhage NOS,C0156635,Other antepartum hemorrhage,narrow,P,PrA,198935000,ongoing_pregnancy
OngoingPregnancy7,Ongoing Pregnancy,SNOMEDCT_US,198979002,Pre-eclampsia NOS,C0032914,Pre-Eclampsia,narrow,P,PrA,198979002,ongoing_pregnancy
OngoingPregnancy7,Ongoing Pregnancy,SNOMEDCT_US,199011002,Proteinuric hypertension of pregnancy,C0032914,Pre-Eclampsia,narrow,P,PrA,199011002,ongoing_pregnancy
OngoingPregnancy7,Ongoing Pregnancy,SNOMEDCT_US,199049003,Threatened premature labor - not delivered,C0473389,Threatened premature labor - not delivered,narrow,P,PrA,199049003,ongoing_pregnancy
OngoingPregnancy7,Ongoing Pregnancy,SNOMEDCT_US,199072001,Gestational edema,C0341960,Gestational edema,narrow,P,PrA,199072001,ongoing_pregnancy
OngoingPregnancy7,Ongoing Pregnancy,SNOMEDCT_US,199079005,Unspecified renal disease in pregnancy,C0156738,Renal disorder in pregnancy,narrow,P,PrA,199079005,ongoing_pregnancy
OngoingPregnancy7,Ongoing Pregnancy,SNOMEDCT_US,199080008,Unspecified renal disease in pregnancy unspecified,C0156738,Renal disorder in pregnancy,narrow,P,PrA,199080008,ongoing_pregnancy
OngoingPregnancy7,Ongoing Pregnancy,SNOMEDCT_US,199085003,Unspecified renal disease in pregnancy NOS,C0156738,Renal disorder in pregnancy,narrow,P,PrA,199085003,ongoing_pregnancy
OngoingPregnancy7,Ongoing Pregnancy,SNOMEDCT_US,199098007,Asymptomatic bacteriuria in pregnancy unspecified,C0156750,Asymptomatic bacteriuria in pregnancy,narrow,P,PrA,199098007,ongoing_pregnancy
OngoingPregnancy7,Ongoing Pregnancy,SNOMEDCT_US,199103009,Asymptomatic bacteriuria in pregnancy NOS,C0156750,Asymptomatic bacteriuria in pregnancy,narrow,P,PrA,199103009,ongoing_pregnancy
OngoingPregnancy7,Ongoing Pregnancy,SNOMEDCT_US,199104003,Genitourinary tract infections in pregnancy,C0156756,Genitourinary tract infection in pregnancy,narrow,P,PrA,199104003,ongoing_pregnancy
OngoingPregnancy7,Ongoing Pregnancy,SNOMEDCT_US,199105002,Genitourinary tract infection in pregnancy unspecified,C0156756,Genitourinary tract infection in pregnancy,narrow,P,PrA,199105002,ongoing_pregnancy
OngoingPregnancy7,Ongoing Pregnancy,SNOMEDCT_US,199114007,Urinary tract infection complicating pregnancy,C0495188,Urinary tract infection in pregnancy,narrow,P,PrA,199114007,ongoing_pregnancy
OngoingPregnancy7,Ongoing Pregnancy,SNOMEDCT_US,199115008,Genitourinary tract infection in pregnancy NOS,C0156756,Genitourinary tract infection in pregnancy,narrow,P,PrA,199115008,ongoing_pregnancy
OngoingPregnancy7,Ongoing Pregnancy,SNOMEDCT_US,199116009,Liver disorder in pregnancy unspecified,C0156762,Liver disorder in pregnancy,narrow,P,PrA,199116009,ongoing_pregnancy
OngoingPregnancy7,Ongoing Pregnancy,SNOMEDCT_US,199119002,Liver disorder in pregnancy NOS,C0156762,Liver disorder in pregnancy,narrow,P,PrA,199119002,ongoing_pregnancy
OngoingPregnancy7,Ongoing Pregnancy,SNOMEDCT_US,199126002,Herpes gestationis unspecified,C0019343,Pemphigoid Gestationis,narrow,P,PrA,199126002,ongoing_pregnancy
OngoingPregnancy7,Ongoing Pregnancy,SNOMEDCT_US,199131000,Herpes gestationis NOS,C0019343,Pemphigoid Gestationis,narrow,P,PrA,199131000,ongoing_pregnancy
OngoingPregnancy7,Ongoing Pregnancy,SNOMEDCT_US,199152008,Pregnancy complication NOS,C0032962,Pregnancy Complications,narrow,P,PrA,199152008,ongoing_pregnancy
OngoingPregnancy7,Ongoing Pregnancy,SNOMEDCT_US,199232003,Gestational diabetes mellitus,C0085207,Gestational Diabetes,narrow,P,PrA,199232003,ongoing_pregnancy
OngoingPregnancy7,Ongoing Pregnancy,SNOMEDCT_US,199312002,Finding related to risk factor in pregnancy,C0404588,Finding related to risk factor in pregnancy,narrow,P,PrA,199312002,ongoing_pregnancy
OngoingPregnancy7,Ongoing Pregnancy,SNOMEDCT_US,199316004,Twin pregnancy unspecified,C0152150,Pregnancy- Twin,narrow,P,PrA,199316004,ongoing_pregnancy
OngoingPregnancy7,Ongoing Pregnancy,SNOMEDCT_US,199319006,Twin pregnancy NOS,C0152150,Pregnancy- Twin,narrow,P,PrA,199319006,ongoing_pregnancy
OngoingPregnancy7,Ongoing Pregnancy,SNOMEDCT_US,199337007,Multiple pregnancy NOS,C0032989,Multiple Pregnancy,narrow,P,PrA,199337007,ongoing_pregnancy
OngoingPregnancy7,Ongoing Pregnancy,SNOMEDCT_US,199338002,Multiple pregnancy NOS- unspecified,C0032989,Multiple Pregnancy,narrow,P,PrA,199338002,ongoing_pregnancy
OngoingPregnancy7,Ongoing Pregnancy,SNOMEDCT_US,199341006,Multiple pregnancy NOS,C0032989,Multiple Pregnancy,narrow,P,PrA,199341006,ongoing_pregnancy
OngoingPregnancy7,Ongoing Pregnancy,SNOMEDCT_US,199480002,Cervical incompetence,C0007871,Uterine Cervical Incompetence,narrow,P,PrA,199480002,ongoing_pregnancy
OngoingPregnancy7,Ongoing Pregnancy,SNOMEDCT_US,199481003,Cervical incompetence unspecified,C0007871,Uterine Cervical Incompetence,narrow,P,PrA,199481003,ongoing_pregnancy
OngoingPregnancy7,Ongoing Pregnancy,SNOMEDCT_US,199486008,Cervical incompetence NOS,C0007871,Uterine Cervical Incompetence,narrow,P,PrA,199486008,ongoing_pregnancy
OngoingPregnancy7,Ongoing Pregnancy,SNOMEDCT_US,199580004,Rhesus isoimmunisation,C0035404,Rh Isoimmunization,narrow,P,PrA,199580004,ongoing_pregnancy
OngoingPregnancy7,Ongoing Pregnancy,SNOMEDCT_US,199581000,Rhesus isoimmunisation unspecified,C0035404,Rh Isoimmunization,narrow,P,PrA,199581000,ongoing_pregnancy
OngoingPregnancy7,Ongoing Pregnancy,SNOMEDCT_US,199584008,Rhesus isoimmunisation NOS,C0035404,Rh Isoimmunization,narrow,P,PrA,199584008,ongoing_pregnancy
OngoingPregnancy7,Ongoing Pregnancy,SNOMEDCT_US,199644009,Hydramnios,C0020224,Polyhydramnios,narrow,P,PrA,199644009,ongoing_pregnancy
OngoingPregnancy7,Ongoing Pregnancy,SNOMEDCT_US,199645005,Polyhydramnios unspecified,C0020224,Polyhydramnios,narrow,P,PrA,199645005,ongoing_pregnancy
OngoingPregnancy7,Ongoing Pregnancy,SNOMEDCT_US,199648007,Polyhydramnios NOS,C0020224,Polyhydramnios,narrow,P,PrA,199648007,ongoing_pregnancy
OngoingPregnancy7,Ongoing Pregnancy,SNOMEDCT_US,199650004,Polyhydramnios NOS,C0020224,Polyhydramnios,narrow,P,PrA,199650004,ongoing_pregnancy
OngoingPregnancy7,Ongoing Pregnancy,SNOMEDCT_US,199744001,Risk factors in pregnancy NOS,C0404588,Finding related to risk factor in pregnancy,narrow,P,PrA,199744001,ongoing_pregnancy
OngoingPregnancy7,Ongoing Pregnancy,SNOMEDCT_US,200522000,[X]Other antepartum haemorrhage,C0156635,Other antepartum hemorrhage,narrow,P,PrA,200522000,ongoing_pregnancy
OngoingPregnancy7,Ongoing Pregnancy,SNOMEDCT_US,207354007,[D]Amniotic fluid abnormal,C0266781,Abnormal amniotic fluid,narrow,P,PrA,207354007,ongoing_pregnancy
OngoingPregnancy7,Ongoing Pregnancy,SNOMEDCT_US,2261009,Obstetrical pulmonary fat embolism,C0269960,Obstetrical pulmonary fat embolism,narrow,P,PrA,2261009,ongoing_pregnancy
OngoingPregnancy7,Ongoing Pregnancy,SNOMEDCT_US,22689002,Threatened abortion (antepartum),C0000821,Threatened abortion,narrow,P,PrA,22689002,ongoing_pregnancy
OngoingPregnancy7,Ongoing Pregnancy,SNOMEDCT_US,23288008,Disease of pregnancy,C0151864,Disorder of pregnancy,narrow,P,PrA,23288008,ongoing_pregnancy
OngoingPregnancy7,Ongoing Pregnancy,SNOMEDCT_US,237230004,Uremia in pregnancy without hypertension,C0473335,Uremia in pregnancy without hypertension,narrow,P,PrA,237230004,ongoing_pregnancy
OngoingPregnancy7,Ongoing Pregnancy,SNOMEDCT_US,237232007,Albuminuria in pregnancy without hypertension,C0269675,Albuminuria in pregnancy without hypertension,narrow,P,PrA,237232007,ongoing_pregnancy
OngoingPregnancy7,Ongoing Pregnancy,SNOMEDCT_US,237284001,Symptomatic disorders in pregnancy,C0405064,Symptomatic disorders in pregnancy,narrow,P,PrA,237284001,ongoing_pregnancy
OngoingPregnancy7,Ongoing Pregnancy,SNOMEDCT_US,237285000,Gestational edema,C0341960,Gestational edema,narrow,P,PrA,237285000,ongoing_pregnancy
OngoingPregnancy7,Ongoing Pregnancy,SNOMEDCT_US,237629002,Gestational diabetes mellitus,C0085207,Gestational Diabetes,narrow,P,PrA,237629002,ongoing_pregnancy
OngoingPregnancy7,Ongoing Pregnancy,SNOMEDCT_US,267198008,Placental abruption,C0000832,Abruptio Placentae,narrow,P,PrA,267198008,ongoing_pregnancy
OngoingPregnancy7,Ongoing Pregnancy,SNOMEDCT_US,267199000,Antepartum hemorrhage associated with coagulation defect,C0156631,Antepartum hemorrhage associated with coagulation defect,narrow,P,PrA,267199000,ongoing_pregnancy
OngoingPregnancy7,Ongoing Pregnancy,SNOMEDCT_US,267203000,Unspecified renal disease in pregnancy,C0156738,Renal disorder in pregnancy,narrow,P,PrA,267203000,ongoing_pregnancy
OngoingPregnancy7,Ongoing Pregnancy,SNOMEDCT_US,267204006,Genitourinary tract infection in pregnancy,C0156756,Genitourinary tract infection in pregnancy,narrow,P,PrA,267204006,ongoing_pregnancy
OngoingPregnancy7,Ongoing Pregnancy,SNOMEDCT_US,267205007,Genitourinary tract infection in pregnancy NOS,C0156756,Genitourinary tract infection in pregnancy,narrow,P,PrA,267205007,ongoing_pregnancy
OngoingPregnancy7,Ongoing Pregnancy,SNOMEDCT_US,267261001,Polyhydramnios and hydramnios,C0020224,Polyhydramnios,narrow,P,PrA,267261001,ongoing_pregnancy
OngoingPregnancy7,Ongoing Pregnancy,SNOMEDCT_US,267293009,Pregnancy disorders,C0151864,Disorder of pregnancy,narrow,P,PrA,267293009,ongoing_pregnancy
OngoingPregnancy7,Ongoing Pregnancy,SNOMEDCT_US,267306006,Pre-eclampsia,C0032914,Pre-Eclampsia,narrow,P,PrA,267306006,ongoing_pregnancy
OngoingPregnancy7,Ongoing Pregnancy,SNOMEDCT_US,267311008,Pregnancy complications NOS,C0032962,Pregnancy Complications,narrow,P,PrA,267311008,ongoing_pregnancy
OngoingPregnancy7,Ongoing Pregnancy,SNOMEDCT_US,267312001,Asympt.bact.+ pregnancy,C0156750,Asymptomatic bacteriuria in pregnancy,narrow,P,PrA,267312001,ongoing_pregnancy
OngoingPregnancy7,Ongoing Pregnancy,SNOMEDCT_US,267313006,Genitourinary tract infections in pregnancy,C0156756,Genitourinary tract infection in pregnancy,narrow,P,PrA,267313006,ongoing_pregnancy
OngoingPregnancy7,Ongoing Pregnancy,SNOMEDCT_US,267314000,Pregnancy complications NOS,C0032962,Pregnancy Complications,narrow,P,PrA,267314000,ongoing_pregnancy
OngoingPregnancy7,Ongoing Pregnancy,SNOMEDCT_US,268571001,Patient pregnant,C0549206,Patient currently pregnant,narrow,P,PrA,268571001,ongoing_pregnancy
OngoingPregnancy7,Ongoing Pregnancy,SNOMEDCT_US,270959002,Gestational herpes,C0019343,Pemphigoid Gestationis,narrow,P,PrA,270959002,ongoing_pregnancy
OngoingPregnancy7,Ongoing Pregnancy,SNOMEDCT_US,271866005,Amniotic fluid abnormal,C0266781,Abnormal amniotic fluid,narrow,P,PrA,271866005,ongoing_pregnancy
OngoingPregnancy7,Ongoing Pregnancy,SNOMEDCT_US,275412000,Cystitis of pregnancy,C0341959,Cystitis of pregnancy,narrow,P,PrA,275412000,ongoing_pregnancy
OngoingPregnancy7,Ongoing Pregnancy,SNOMEDCT_US,2814002,Antepartum haemorrhage associated with coagulation defects,C0156631,Antepartum hemorrhage associated with coagulation defect,narrow,P,PrA,2814002,ongoing_pregnancy
OngoingPregnancy7,Ongoing Pregnancy,SNOMEDCT_US,284075002,Spotting per vagina in pregnancy,C0561919,Spotting per vagina in pregnancy,narrow,P,PrA,284075002,ongoing_pregnancy
OngoingPregnancy7,Ongoing Pregnancy,SNOMEDCT_US,288201007,Pre-eclampsia NOS,C0032914,Pre-Eclampsia,narrow,P,PrA,288201007,ongoing_pregnancy
OngoingPregnancy7,Ongoing Pregnancy,SNOMEDCT_US,307534009,Urinary tract infection in pregnancy,C0495188,Urinary tract infection in pregnancy,narrow,P,PrA,307534009,ongoing_pregnancy
OngoingPregnancy7,Ongoing Pregnancy,SNOMEDCT_US,309782006,Urinary tract infection complicating pregnancy,C0495188,Urinary tract infection in pregnancy,narrow,P,PrA,309782006,ongoing_pregnancy
OngoingPregnancy7,Ongoing Pregnancy,SNOMEDCT_US,31563000,Asymptomatic bacteriuria in pregnancy,C0156750,Asymptomatic bacteriuria in pregnancy,narrow,P,PrA,31563000,ongoing_pregnancy
OngoingPregnancy7,Ongoing Pregnancy,SNOMEDCT_US,315899003,[V]Normal pregnancy,C0700573,Encounter due to normal pregnancy,narrow,P,PrA,315899003,ongoing_pregnancy
OngoingPregnancy7,Ongoing Pregnancy,SNOMEDCT_US,315900008,[V]First normal pregnancy supervision,C0260550,Encounter due to first normal pregnancy supervision,narrow,P,PrA,315900008,ongoing_pregnancy
OngoingPregnancy7,Ongoing Pregnancy,SNOMEDCT_US,315901007,[V]Other normal pregnancy supervision,C0038843,Supervision of other normal pregnancy,narrow,P,PrA,315901007,ongoing_pregnancy
OngoingPregnancy7,Ongoing Pregnancy,SNOMEDCT_US,315903005,[V]Pregnant state- incidental,C0451636,Pregnant state- incidental,narrow,P,PrA,315903005,ongoing_pregnancy
OngoingPregnancy7,Ongoing Pregnancy,SNOMEDCT_US,315904004,[V]Supervision of other normal pregnancy,C0038843,Supervision of other normal pregnancy,narrow,P,PrA,315904004,ongoing_pregnancy
OngoingPregnancy7,Ongoing Pregnancy,SNOMEDCT_US,315907006,[V]High-risk pregnancy supervision,C0260551,Encounter for supervision of high-risk pregnancy,narrow,P,PrA,315907006,ongoing_pregnancy
OngoingPregnancy7,Ongoing Pregnancy,SNOMEDCT_US,315909009,[V]Pregnancy with history of hydatidiform mole,C0481649,Pregnancy with history of hydatidiform mole,narrow,P,PrA,315909009,ongoing_pregnancy
OngoingPregnancy7,Ongoing Pregnancy,SNOMEDCT_US,315912007,[V]Pregnancy with other poor obstetric history,C0481651,Pregnancy with other poor obstetric history,narrow,P,PrA,315912007,ongoing_pregnancy
OngoingPregnancy7,Ongoing Pregnancy,SNOMEDCT_US,315968003,[V]Antenatal screening,C0260591,Encounter due to antenatal screening,narrow,P,PrA,315968003,ongoing_pregnancy
OngoingPregnancy7,Ongoing Pregnancy,SNOMEDCT_US,315975002,[V]Other specified antenatal screening,C0260598,Encounter due to other specified antenatal screening,narrow,P,PrA,315975002,ongoing_pregnancy
OngoingPregnancy7,Ongoing Pregnancy,SNOMEDCT_US,315976001,[V]Unspecified antenatal screening,C0260591,Encounter due to antenatal screening,narrow,P,PrA,315976001,ongoing_pregnancy
OngoingPregnancy7,Ongoing Pregnancy,SNOMEDCT_US,316381006,[V]Multiparity,C0700322,Encounter due to multiparity,narrow,P,PrA,316381006,ongoing_pregnancy
OngoingPregnancy7,Ongoing Pregnancy,SNOMEDCT_US,316383009,[V]Illegitimate pregnancy,C1313860,Encounter due to Illegitimate pregnancy,narrow,P,PrA,316383009,ongoing_pregnancy
OngoingPregnancy7,Ongoing Pregnancy,SNOMEDCT_US,316385002,[V]Other unwanted pregnancy,C0029865,Other unwanted pregnancy,narrow,P,PrA,316385002,ongoing_pregnancy
OngoingPregnancy7,Ongoing Pregnancy,SNOMEDCT_US,316748007,[X]Supervision of other normal pregnancy,C0038843,Supervision of other normal pregnancy,narrow,P,PrA,316748007,ongoing_pregnancy
OngoingPregnancy7,Ongoing Pregnancy,SNOMEDCT_US,316750004,[X]Supervision of other high-risk pregnancies,C0260559,Encounter for supervision of other high-risk pregnancies,narrow,P,PrA,316750004,ongoing_pregnancy
OngoingPregnancy7,Ongoing Pregnancy,SNOMEDCT_US,316751000,[X]Other antenatal screening based on amniocentesis,C0260594,Other antenatal screening based on amniocentesis,narrow,P,PrA,316751000,ongoing_pregnancy
OngoingPregnancy7,Ongoing Pregnancy,SNOMEDCT_US,316753002,[X]Antenatal screening for fetal growth retardation using ultrasonics and other physical methods,C0260596,Antenatal screening for fetal growth retardation using ultrasound and other physical methods,narrow,P,PrA,316753002,ongoing_pregnancy
OngoingPregnancy7,Ongoing Pregnancy,SNOMEDCT_US,35898002,Ablatio placentae,C0000832,Abruptio Placentae,narrow,P,PrA,35898002,ongoing_pregnancy
OngoingPregnancy7,Ongoing Pregnancy,SNOMEDCT_US,359964007,Maternal gestational diabetes mellitus,C0085207,Gestational Diabetes,narrow,P,PrA,359964007,ongoing_pregnancy
OngoingPregnancy7,Ongoing Pregnancy,SNOMEDCT_US,360561001,Accidental antepartum haemorrhage,C0000832,Abruptio Placentae,narrow,P,PrA,360561001,ongoing_pregnancy
OngoingPregnancy7,Ongoing Pregnancy,SNOMEDCT_US,36836005,Incompetence of cervix,C0007871,Uterine Cervical Incompetence,narrow,P,PrA,36836005,ongoing_pregnancy
OngoingPregnancy7,Ongoing Pregnancy,SNOMEDCT_US,393568003,Gestational diabetes mellitus,C0085207,Gestational Diabetes,narrow,P,PrA,393568003,ongoing_pregnancy
OngoingPregnancy7,Ongoing Pregnancy,SNOMEDCT_US,398254007,Pre-eclampsia,C0032914,Pre-Eclampsia,narrow,P,PrA,398254007,ongoing_pregnancy
OngoingPregnancy7,Ongoing Pregnancy,SNOMEDCT_US,405235009,Hydrops of amnion,C0020224,Polyhydramnios,narrow,P,PrA,405235009,ongoing_pregnancy
OngoingPregnancy7,Ongoing Pregnancy,SNOMEDCT_US,405736009,Accidental antepartum hemorrhage,C0000832,Abruptio Placentae,narrow,P,PrA,405736009,ongoing_pregnancy
OngoingPregnancy7,Ongoing Pregnancy,SNOMEDCT_US,409047002,Pregnancy risk,C0404588,Finding related to risk factor in pregnancy,narrow,P,PrA,409047002,ongoing_pregnancy
OngoingPregnancy7,Ongoing Pregnancy,SNOMEDCT_US,415105001,Placental abruption,C0000832,Abruptio Placentae,narrow,P,PrA,415105001,ongoing_pregnancy
OngoingPregnancy7,Ongoing Pregnancy,SNOMEDCT_US,42170009,Abnormal amniotic fluid,C0266781,Abnormal amniotic fluid,narrow,P,PrA,42170009,ongoing_pregnancy
OngoingPregnancy7,Ongoing Pregnancy,SNOMEDCT_US,427139004,Third trimester bleeding,C1959899,Third trimester bleeding,narrow,P,PrA,427139004,ongoing_pregnancy
OngoingPregnancy7,Ongoing Pregnancy,SNOMEDCT_US,430881000,Second trimester bleeding,C2316827,Second trimester bleeding,narrow,P,PrA,430881000,ongoing_pregnancy
OngoingPregnancy7,Ongoing Pregnancy,SNOMEDCT_US,445122007,Low lying placenta,C2081572,Low lying placenta,narrow,P,PrA,445122007,ongoing_pregnancy
OngoingPregnancy7,Ongoing Pregnancy,SNOMEDCT_US,44795003,Rhesus isoimmunization affecting pregnancy,C0035404,Rh Isoimmunization,narrow,P,PrA,44795003,ongoing_pregnancy
OngoingPregnancy7,Ongoing Pregnancy,SNOMEDCT_US,46764007,EPH - Edema- proteinuria and hypertension of pregnancy,C0032914,Pre-Eclampsia,narrow,P,PrA,46764007,ongoing_pregnancy
OngoingPregnancy7,Ongoing Pregnancy,SNOMEDCT_US,54048003,Threatened miscarriage,C0000821,Threatened abortion,narrow,P,PrA,54048003,ongoing_pregnancy
OngoingPregnancy7,Ongoing Pregnancy,SNOMEDCT_US,56313000,Abnormal placenta affecting management of mother,C0269793,Abnormal placenta affecting management of mother,narrow,P,PrA,56313000,ongoing_pregnancy
OngoingPregnancy7,Ongoing Pregnancy,SNOMEDCT_US,58532003,Unwanted pregnancy,C0032995,Unwanted pregnancy,narrow,P,PrA,58532003,ongoing_pregnancy
OngoingPregnancy7,Ongoing Pregnancy,SNOMEDCT_US,609496007,Complication occurring during pregnancy,C3662149,Complication occurring during pregnancy,narrow,P,PrA,609496007,ongoing_pregnancy
OngoingPregnancy7,Ongoing Pregnancy,SNOMEDCT_US,6099009,Weeks pregnant,C1135241,Weeks pregnant,narrow,P,PrA,6099009,ongoing_pregnancy
OngoingPregnancy7,Ongoing Pregnancy,SNOMEDCT_US,63020008,Infection of genitourinary tract in pregnancy,C0156756,Genitourinary tract infection in pregnancy,narrow,P,PrA,63020008,ongoing_pregnancy
OngoingPregnancy7,Ongoing Pregnancy,SNOMEDCT_US,65147003,Twin pregnancy,C0152150,Pregnancy- Twin,narrow,P,PrA,65147003,ongoing_pregnancy
OngoingPregnancy7,Ongoing Pregnancy,SNOMEDCT_US,6758009,EPH - Edema- proteinuria and hypertension of pregnancy,C0032914,Pre-Eclampsia,narrow,P,PrA,6758009,ongoing_pregnancy
OngoingPregnancy7,Ongoing Pregnancy,SNOMEDCT_US,69897008,Acute yellow atrophy of liver during pregnancy,C0269677,Icterus gravis of pregnancy,narrow,P,PrA,69897008,ongoing_pregnancy
OngoingPregnancy7,Ongoing Pregnancy,SNOMEDCT_US,72892002,Normal pregnancy,C0232989,Normal pregnancy,narrow,P,PrA,72892002,ongoing_pregnancy
OngoingPregnancy7,Ongoing Pregnancy,SNOMEDCT_US,77376005,Gestational edema without hypertension,C0269671,Gestational edema without hypertension,narrow,P,PrA,77376005,ongoing_pregnancy
OngoingPregnancy7,Ongoing Pregnancy,SNOMEDCT_US,822972000,Acute yellow atrophy of liver during pregnancy,C0269677,Icterus gravis of pregnancy,narrow,P,PrA,822972000,ongoing_pregnancy
OngoingPregnancy7,Ongoing Pregnancy,SNOMEDCT_US,83074005,Unplanned pregnancy,C0041747,Unplanned pregnancy,narrow,P,PrA,83074005,ongoing_pregnancy
OngoingPregnancy7,Ongoing Pregnancy,SNOMEDCT_US,86081009,Herpes gestationis,C0019343,Pemphigoid Gestationis,narrow,P,PrA,86081009,ongoing_pregnancy
OngoingPregnancy7,Ongoing Pregnancy,SNOMEDCT_US,86203003,Polyhydramnios,C0020224,Polyhydramnios,narrow,P,PrA,86203003,ongoing_pregnancy
OngoingPregnancy7,Ongoing Pregnancy,SNOMEDCT_US,90821003,Complicated pregnancy,C0032962,Pregnancy Complications,narrow,P,PrA,90821003,ongoing_pregnancy
OngoingPregnancy7,Ongoing Pregnancy,SNOMEDCT_US,91162000,Necrosis of liver of pregnancy,C0269676,Necrosis of liver of pregnancy,narrow,P,PrA,91162000,ongoing_pregnancy
OngoingPregnancy7,Ongoing Pregnancy,SNOMEDCT_US,9121000119106,Low back pain in pregnancy,C3839171,Low back pain in pregnancy,narrow,P,PrA,9121000119106,ongoing_pregnancy
PREECLAMP,Preeclampsia,Free_text,PREECLAMP_narrow,"","","",narrow,P,PrA,PREECLAMP_narrow,ongoing_pregnancy
PREECLAMP,Preeclampsia,ICD10,O12,Gestational [pregnancy-induced] oedema and proteinuria without hypertension,C3648968,gestational edema and proteinuria without hypertension,possible,P,PrA,O12,ongoing_pregnancy
PREECLAMP,Preeclampsia,ICD10,O12.0,Gestational edema,C0341960,"",possible,P,PrA,O12.0,ongoing_pregnancy
PREECLAMP,Preeclampsia,ICD10,O12.00,Gestational edema- unspecified trimester,"","",possible,P,PrA,O12.00,ongoing_pregnancy
PREECLAMP,Preeclampsia,ICD10,O12.01,Gestational edema- first trimester,"","",possible,P,PrA,O12.01,ongoing_pregnancy
PREECLAMP,Preeclampsia,ICD10,O12.02,Gestational edema- second trimester,"","",possible,P,PrA,O12.02,ongoing_pregnancy
PREECLAMP,Preeclampsia,ICD10,O12.03,Gestational edema- third trimester,"","",possible,P,PrA,O12.03,ongoing_pregnancy
PREECLAMP,Preeclampsia,ICD10,O12.1,Gestational proteinuria,C0269674,Gestational proteinuria,possible,P,PrA,O12.1,ongoing_pregnancy
PREECLAMP,Preeclampsia,ICD10,O12.10,Gestational proteinuria- unspecified trimester,"","",possible,P,PrA,O12.10,ongoing_pregnancy
PREECLAMP,Preeclampsia,ICD10,O12.11,Gestational proteinuria- first trimester,"","",possible,P,PrA,O12.11,ongoing_pregnancy
PREECLAMP,Preeclampsia,ICD10,O12.12,Gestational proteinuria- second trimester,"","",possible,P,PrA,O12.12,ongoing_pregnancy
PREECLAMP,Preeclampsia,ICD10,O12.13,Gestational proteinuria- third trimester,"","",possible,P,PrA,O12.13,ongoing_pregnancy
PREECLAMP,Preeclampsia,ICD10,O12.2,Gestational oedema with proteinuria,C0475548,"",possible,P,PrA,O12.2,ongoing_pregnancy
PREECLAMP,Preeclampsia,ICD10,O12.20,Gestational edema with proteinuria- unspecified trimester,"","",possible,P,PrA,O12.20,ongoing_pregnancy
PREECLAMP,Preeclampsia,ICD10,O12.21,Gestational edema with proteinuria- first trimester,"","",possible,P,PrA,O12.21,ongoing_pregnancy
PREECLAMP,Preeclampsia,ICD10,O12.22,Gestational edema with proteinuria- second trimester,"","",possible,P,PrA,O12.22,ongoing_pregnancy
PREECLAMP,Preeclampsia,ICD10,O12.23,Gestational edema with proteinuria- third trimester,"","",possible,P,PrA,O12.23,ongoing_pregnancy
PREECLAMP,Preeclampsia,ICD10,O14,Gestational [pregnancy-induced] hypertension with significant proteinuria,C0495181,Gestational [pregnancy-induced] hypertension with significant proteinuria,possible,P,PrA,O14,ongoing_pregnancy
PREECLAMP,Preeclampsia,ICD10,O14.0,Moderate pre-eclampsia,C0341944,Moderate proteinuric hypertension of pregnancy,narrow,P,PrA,O14.0,ongoing_pregnancy
PREECLAMP,Preeclampsia,ICD10,O14.00,Mild to moderate pre-eclampsia- unspecified trimester,"","",narrow,P,PrA,O14.00,ongoing_pregnancy
PREECLAMP,Preeclampsia,ICD10,O14.02,Mild to moderate pre-eclampsia- second trimester,"","",narrow,P,PrA,O14.02,ongoing_pregnancy
PREECLAMP,Preeclampsia,ICD10,O14.03,Mild to moderate pre-eclampsia- third trimester,"","",narrow,P,PrA,O14.03,ongoing_pregnancy
PREECLAMP,Preeclampsia,ICD10,O14.1,Severe pre-eclampsia,C0341950,Severe pre-eclampsia,narrow,P,PrA,O14.1,ongoing_pregnancy
PREECLAMP,Preeclampsia,ICD10,O14.10,Severe pre-eclampsia- unspecified trimester,"","",narrow,P,PrA,O14.10,ongoing_pregnancy
PREECLAMP,Preeclampsia,ICD10,O14.12,Severe pre-eclampsia- second trimester,"","",narrow,P,PrA,O14.12,ongoing_pregnancy
PREECLAMP,Preeclampsia,ICD10,O14.13,Severe pre-eclampsia- third trimester,"","",narrow,P,PrA,O14.13,ongoing_pregnancy
PREECLAMP,Preeclampsia,ICD10,O14.2,HELLP syndrome,"","",narrow,P,PrA,O14.2,ongoing_pregnancy
PREECLAMP,Preeclampsia,ICD10,O14.20,HELLP syndrome (HELLP)- unspecified trimester,"","",narrow,P,PrA,O14.20,ongoing_pregnancy
PREECLAMP,Preeclampsia,ICD10,O14.22,HELLP syndrome (HELLP)- second trimester,"","",narrow,P,PrA,O14.22,ongoing_pregnancy
PREECLAMP,Preeclampsia,ICD10,O14.23,HELLP syndrome (HELLP)- third trimester,"","",possible,P,PrA,O14.23,ongoing_pregnancy
PREECLAMP,Preeclampsia,ICD10,O14.9,Pre-eclampsia- unspecified,C0032914,Pre-Eclampsia,narrow,P,PrA,O14.9,ongoing_pregnancy
PREECLAMP,Preeclampsia,ICD10,O14.90,Unspecified pre-eclampsia- unspecified trimester,"","",narrow,P,PrA,O14.90,ongoing_pregnancy
PREECLAMP,Preeclampsia,ICD10,O14.92,Unspecified pre-eclampsia- second trimester,"","",narrow,P,PrA,O14.92,ongoing_pregnancy
PREECLAMP,Preeclampsia,ICD10,O14.93,Unspecified pre-eclampsia- third trimester,"","",narrow,P,PrA,O14.93,ongoing_pregnancy
PREECLAMP,Preeclampsia,ICD10,O15,Eclampsia,C0013537,Eclampsia,narrow,P,PrA,O15,ongoing_pregnancy
PREECLAMP,Preeclampsia,ICD10,O15.0,Eclampsia in pregnancy,C0156677,Eclampsia in pregnancy,narrow,P,PrA,O15.0,ongoing_pregnancy
PREECLAMP,Preeclampsia,ICD10,O15.00,Eclampsia complicating pregnancy- unspecified trimester,"","",narrow,P,PrA,O15.00,ongoing_pregnancy
PREECLAMP,Preeclampsia,ICD10,O15.02,Eclampsia complicating pregnancy- second trimester,"","",narrow,P,PrA,O15.02,ongoing_pregnancy
PREECLAMP,Preeclampsia,ICD10,O15.03,Eclampsia complicating pregnancy- third trimester,"","",narrow,P,PrA,O15.03,ongoing_pregnancy
PREECLAMP,Preeclampsia,ICD10,O15.9,Eclampsia- unspecified as to time period,C0013537,Eclampsia,narrow,P,PrA,O15.9,ongoing_pregnancy
PREECLAMP,Preeclampsia,ICD10CM,O12,Gestational [pregnancy-induced] oedema and proteinuria without hypertension,C3648968,gestational edema and proteinuria without hypertension,possible,P,PrA,O12,ongoing_pregnancy
PREECLAMP,Preeclampsia,ICD10CM,O12,Gestational edema and proteinuria without hypertension,C3648968,gestational edema and proteinuria without hypertension,possible,P,PrA,O12,ongoing_pregnancy
PREECLAMP,Preeclampsia,ICD10CM,O12.0,Gestational edema,C0341960,"",possible,P,PrA,O12.0,ongoing_pregnancy
PREECLAMP,Preeclampsia,ICD10CM,O12.00,Gestational edema- unspecified trimester,C2903559,"",possible,P,PrA,O12.00,ongoing_pregnancy
PREECLAMP,Preeclampsia,ICD10CM,O12.01,Gestational edema- first trimester,C2903560,"",possible,P,PrA,O12.01,ongoing_pregnancy
PREECLAMP,Preeclampsia,ICD10CM,O12.02,Gestational edema- second trimester,C2903561,"",possible,P,PrA,O12.02,ongoing_pregnancy
PREECLAMP,Preeclampsia,ICD10CM,O12.03,Gestational edema- third trimester,C2903562,"",possible,P,PrA,O12.03,ongoing_pregnancy
PREECLAMP,Preeclampsia,ICD10CM,O12.1,Gestational proteinuria,C0269674,Gestational proteinuria,possible,P,PrA,O12.1,ongoing_pregnancy
PREECLAMP,Preeclampsia,ICD10CM,O12.10,Gestational proteinuria- unspecified trimester,C2903563,"",possible,P,PrA,O12.10,ongoing_pregnancy
PREECLAMP,Preeclampsia,ICD10CM,O12.11,Gestational proteinuria- first trimester,C2903564,"",possible,P,PrA,O12.11,ongoing_pregnancy
PREECLAMP,Preeclampsia,ICD10CM,O12.12,Gestational proteinuria- second trimester,C2903565,"",possible,P,PrA,O12.12,ongoing_pregnancy
PREECLAMP,Preeclampsia,ICD10CM,O12.13,Gestational proteinuria- third trimester,C2903566,"",possible,P,PrA,O12.13,ongoing_pregnancy
PREECLAMP,Preeclampsia,ICD10CM,O12.2,Gestational edema with proteinuria,C0475548,"",possible,P,PrA,O12.2,ongoing_pregnancy
PREECLAMP,Preeclampsia,ICD10CM,O12.20,Gestational edema with proteinuria- unspecified trimester,C2903567,"",possible,P,PrA,O12.20,ongoing_pregnancy
PREECLAMP,Preeclampsia,ICD10CM,O12.21,Gestational edema with proteinuria- first trimester,C2903568,"",possible,P,PrA,O12.21,ongoing_pregnancy
PREECLAMP,Preeclampsia,ICD10CM,O12.22,Gestational edema with proteinuria- second trimester,C2903569,"",possible,P,PrA,O12.22,ongoing_pregnancy
PREECLAMP,Preeclampsia,ICD10CM,O12.23,Gestational edema with proteinuria- third trimester,C2903570,"",possible,P,PrA,O12.23,ongoing_pregnancy
PREECLAMP,Preeclampsia,ICD10CM,O13,gestational hypertension NOS,C0852036,Pregnancy associated hypertension,possible,P,PrA,O13,ongoing_pregnancy
PREECLAMP,Preeclampsia,ICD10CM,O13.1,Gestational [pregnancy-induced] hypertension without significant proteinuria- first trimester,C2903571,"",possible,P,PrA,O13.1,ongoing_pregnancy
PREECLAMP,Preeclampsia,ICD10CM,O13.2,Gestational [pregnancy-induced] hypertension without significant proteinuria- second trimester,C2903572,"",possible,P,PrA,O13.2,ongoing_pregnancy
PREECLAMP,Preeclampsia,ICD10CM,O13.3,Gestational [pregnancy-induced] hypertension without significant proteinuria- third trimester,C2903573,"",possible,P,PrA,O13.3,ongoing_pregnancy
PREECLAMP,Preeclampsia,ICD10CM,O13.9,Gestational [pregnancy-induced] hypertension without significant proteinuria- unspecified trimester,C0495180,"",possible,P,PrA,O13.9,ongoing_pregnancy
PREECLAMP,Preeclampsia,ICD10CM,O14,Pre-eclampsia,C0032914,Pre-Eclampsia,narrow,P,PrA,O14,ongoing_pregnancy
PREECLAMP,Preeclampsia,ICD10CM,O14.0,Mild to moderate pre-eclampsia,C2977271,Mild to moderate pre-eclampsia,narrow,P,PrA,O14.0,ongoing_pregnancy
PREECLAMP,Preeclampsia,ICD10CM,O14.0,Moderate pre-eclampsia,C0341944,Moderate proteinuric hypertension of pregnancy,narrow,P,PrA,O14.0,ongoing_pregnancy
PREECLAMP,Preeclampsia,ICD10CM,O14.00,Mild to moderate pre-eclampsia- unspecified trimester,C2977272,"",narrow,P,PrA,O14.00,ongoing_pregnancy
PREECLAMP,Preeclampsia,ICD10CM,O14.02,Mild to moderate pre-eclampsia- second trimester,C2903574,"",narrow,P,PrA,O14.02,ongoing_pregnancy
PREECLAMP,Preeclampsia,ICD10CM,O14.02,Mild to moderate pre-eclampsia- second trimester,C2903574,Mild to moderate pre-eclampsia- second trimester,narrow,P,PrA,O14.02,ongoing_pregnancy
PREECLAMP,Preeclampsia,ICD10CM,O14.03,Mild to moderate pre-eclampsia- third trimester,C2903575,"",narrow,P,PrA,O14.03,ongoing_pregnancy
PREECLAMP,Preeclampsia,ICD10CM,O14.04,Mild to moderate pre-eclampsia- complicating childbirth,C4268988,"",narrow,P,PrA,O14.04,ongoing_pregnancy
PREECLAMP,Preeclampsia,ICD10CM,O14.1,Severe pre-eclampsia,C0341950,Severe pre-eclampsia,narrow,P,PrA,O14.1,ongoing_pregnancy
PREECLAMP,Preeclampsia,ICD10CM,O14.10,Severe pre-eclampsia- unspecified trimester,C2903576,"",narrow,P,PrA,O14.10,ongoing_pregnancy
PREECLAMP,Preeclampsia,ICD10CM,O14.10,Severe pre-eclampsia- unspecified trimester,C2903576,Severe pre-eclampsia- unspecified trimester,narrow,P,PrA,O14.10,ongoing_pregnancy
PREECLAMP,Preeclampsia,ICD10CM,O14.12,Severe pre-eclampsia- second trimester,C2903577,"",narrow,P,PrA,O14.12,ongoing_pregnancy
PREECLAMP,Preeclampsia,ICD10CM,O14.12,Severe pre-eclampsia- second trimester,C2903577,severe pre-eclampsia- second trimester,narrow,P,PrA,O14.12,ongoing_pregnancy
PREECLAMP,Preeclampsia,ICD10CM,O14.13,Severe pre-eclampsia- third trimester,C2903578,"",narrow,P,PrA,O14.13,ongoing_pregnancy
PREECLAMP,Preeclampsia,ICD10CM,O14.13,severe pre-eclampsia- third trimester,C2903578,"",narrow,P,PrA,O14.13,ongoing_pregnancy
PREECLAMP,Preeclampsia,ICD10CM,O14.14,Severe pre-eclampsia complicating childbirth,C4268990,"",narrow,P,PrA,O14.14,ongoing_pregnancy
PREECLAMP,Preeclampsia,ICD10CM,O14.2,HELLP syndrome,C0162739,"",narrow,P,PrA,O14.2,ongoing_pregnancy
PREECLAMP,Preeclampsia,ICD10CM,O14.2,HELLP syndrome,C0162739,HELLP Syndrome,narrow,P,PrA,O14.2,ongoing_pregnancy
PREECLAMP,Preeclampsia,ICD10CM,O14.20,HELLP syndrome (HELLP)- unspecified trimester,C2903580,"",narrow,P,PrA,O14.20,ongoing_pregnancy
PREECLAMP,Preeclampsia,ICD10CM,O14.20,HELLP syndrome (HELLP)- unspecified trimester,C2903580,HELLP syndrome (HELLP)- unspecified trimester,narrow,P,PrA,O14.20,ongoing_pregnancy
PREECLAMP,Preeclampsia,ICD10CM,O14.22,HELLP syndrome (HELLP)- second trimester,C2903581,"",narrow,P,PrA,O14.22,ongoing_pregnancy
PREECLAMP,Preeclampsia,ICD10CM,O14.23,HELLP syndrome (HELLP)- third trimester,C2903582,"",possible,P,PrA,O14.23,ongoing_pregnancy
PREECLAMP,Preeclampsia,ICD10CM,O14.9,Pre-eclampsia- unspecified,C0032914,Pre-Eclampsia,narrow,P,PrA,O14.9,ongoing_pregnancy
PREECLAMP,Preeclampsia,ICD10CM,O14.9,Unspecified pre-eclampsia,C0032914,Pre-Eclampsia,narrow,P,PrA,O14.9,ongoing_pregnancy
PREECLAMP,Preeclampsia,ICD10CM,O14.90,Unspecified pre-eclampsia- unspecified trimester,C0032914,"",narrow,P,PrA,O14.90,ongoing_pregnancy
PREECLAMP,Preeclampsia,ICD10CM,O14.90,Unspecified pre-eclampsia- unspecified trimester,C0032914,Pre-Eclampsia,narrow,P,PrA,O14.90,ongoing_pregnancy
PREECLAMP,Preeclampsia,ICD10CM,O14.92,Unspecified pre-eclampsia- second trimester,C2903583,"",narrow,P,PrA,O14.92,ongoing_pregnancy
PREECLAMP,Preeclampsia,ICD10CM,O14.93,Unspecified pre-eclampsia- third trimester,C2903584,"",narrow,P,PrA,O14.93,ongoing_pregnancy
PREECLAMP,Preeclampsia,ICD10CM,O15,Eclampsia,C0013537,Eclampsia,narrow,P,PrA,O15,ongoing_pregnancy
PREECLAMP,Preeclampsia,ICD10CM,O15.0,Eclampsia complicating pregnancy,C1391483,eclampsia- complicating pregnancy,narrow,P,PrA,O15.0,ongoing_pregnancy
PREECLAMP,Preeclampsia,ICD10CM,O15.0,Eclampsia in pregnancy,C0156677,Eclampsia in pregnancy,narrow,P,PrA,O15.0,ongoing_pregnancy
PREECLAMP,Preeclampsia,ICD10CM,O15.00,Eclampsia complicating pregnancy- unspecified trimester,C4268996,"",narrow,P,PrA,O15.00,ongoing_pregnancy
PREECLAMP,Preeclampsia,ICD10CM,O15.00,Eclampsia complicating pregnancy- unspecified trimester,C4268996,Eclampsia complicating pregnancy- unspecified trimester,narrow,P,PrA,O15.00,ongoing_pregnancy
PREECLAMP,Preeclampsia,ICD10CM,O15.02,Eclampsia complicating pregnancy- second trimester,C4268997,"",narrow,P,PrA,O15.02,ongoing_pregnancy
PREECLAMP,Preeclampsia,ICD10CM,O15.02,Eclampsia complicating pregnancy- second trimester,C4268997,Eclampsia complicating pregnancy- second trimester,narrow,P,PrA,O15.02,ongoing_pregnancy
PREECLAMP,Preeclampsia,ICD10CM,O15.03,Eclampsia complicating pregnancy- third trimester,C4268998,"",narrow,P,PrA,O15.03,ongoing_pregnancy
PREECLAMP,Preeclampsia,ICD10CM,O15.03,Eclampsia complicating pregnancy- third trimester,C4268998,Eclampsia complicating pregnancy- third trimester,narrow,P,PrA,O15.03,ongoing_pregnancy
PREECLAMP,Preeclampsia,ICD10CM,O15.1,Eclampsia complicating labor,C4268999,Eclampsia complicating labor,narrow,P,PrA,O15.1,ongoing_pregnancy
PREECLAMP,Preeclampsia,ICD10CM,O15.9,Eclampsia- unspecified as to time period,C0013537,Eclampsia,narrow,P,PrA,O15.9,ongoing_pregnancy
PREECLAMP,Preeclampsia,ICD9CM,642.29999999999995,Transient hypertension of pregnancy- unspecified as to episode of care or not applicable,C0156659,"",possible,P,PrA,642.29999999999995,ongoing_pregnancy
PREECLAMP,Preeclampsia,ICD9CM,642.3,Transient hypertension of pregnancy,C0341934,Transient hypertension of pregnancy,possible,P,PrA,642.3,ongoing_pregnancy
PREECLAMP,Preeclampsia,ICD9CM,642.33,Transient hypertension of pregnancy- antepartum condition or complication,C0156662,"",possible,P,PrA,642.33,ongoing_pregnancy
PREECLAMP,Preeclampsia,ICD9CM,642.4,Mild or unspecified pre-eclampsia,C0269658,Mild pre-eclampsia,narrow,P,PrA,642.4,ongoing_pregnancy
PREECLAMP,Preeclampsia,ICD9CM,642.40,Mild or unspecified pre-eclampsia- unspecified as to episode of care or not applicable,C0156664,Mild or unspecified pre-eclampsia- unspecified as to episode of care or not applicable,narrow,P,PrA,642.40,ongoing_pregnancy
PREECLAMP,Preeclampsia,ICD9CM,642.43,Mild or unspecified pre-eclampsia- antepartum condition or complication,C0156667,"",narrow,P,PrA,642.43,ongoing_pregnancy
PREECLAMP,Preeclampsia,ICD9CM,642.5,Severe pre-eclampsia,C0341950,Severe pre-eclampsia,narrow,P,PrA,642.5,ongoing_pregnancy
PREECLAMP,Preeclampsia,ICD9CM,642.50,Severe pre-eclampsia- unspecified as to episode of care or not applicable,C0156669,Severe pre-eclampsia- unspecified as to episode of care or not applicable,narrow,P,PrA,642.50,ongoing_pregnancy
PREECLAMP,Preeclampsia,ICD9CM,642.53,Severe pre-eclampsia- antepartum condition or complication,C0156672,"",narrow,P,PrA,642.53,ongoing_pregnancy
PREECLAMP,Preeclampsia,ICD9CM,642.60,Eclampsia- unspecified as to episode of care or not applicable,C0156674,Eclampsia- unspecified as to episode of care or not applicable,narrow,P,PrA,642.60,ongoing_pregnancy
PREECLAMP,Preeclampsia,ICD9CM,642.63,Eclampsia- antepartum condition or complication,C0156677,Eclampsia in pregnancy,narrow,P,PrA,642.63,ongoing_pregnancy
PREECLAMP,Preeclampsia,ICD9CM,646.20,Unspecified renal disease in pregnancy- without mention of hypertension- unspecified as to episode of care or not applicable,C0156738,Renal disorder in pregnancy,possible,P,PrA,646.20,ongoing_pregnancy
PREECLAMP,Preeclampsia,ICD9CM,646.23,Unspecified renal disease in pregnancy- without mention of hypertension- antepartum condition or complication,C0156738,Renal disorder in pregnancy,possible,P,PrA,646.23,ongoing_pregnancy
PREECLAMP,Preeclampsia,ICPC,W81,Toxemia (pre)eclampsia,C0032914,Pre-Eclampsia,narrow,P,PrA,W81,ongoing_pregnancy
PREECLAMP,Preeclampsia,ICPC2EENG,W81,Toxaemia of pregnancy,C0032914,Pre-Eclampsia,narrow,P,PrA,W81,ongoing_pregnancy
PREECLAMP,Preeclampsia,ICPC2P,W81003,Hypertension-in pregnancy,C0565599,Maternal hypertension,possible,P,PrA,W81003,ongoing_pregnancy
PREECLAMP,Preeclampsia,ICPC2P,W81004,Pre-eclampsia,C0032914,Pre-Eclampsia,narrow,P,PrA,W81004,ongoing_pregnancy
PREECLAMP,Preeclampsia,ICPC2P,W81008,Proteinuria (in)-pregnancy,C0269674,Gestational proteinuria,possible,P,PrA,W81008,ongoing_pregnancy
PREECLAMP,Preeclampsia,MDR,10014129,Eclampsia,C0013537,Eclampsia,narrow,P,PrA,10014129,ongoing_pregnancy
PREECLAMP,Preeclampsia,MDR,10014131,Eclampsia complicating pregnancy- childbirth or the puerperium- unspecified as to episode of care,C0156674,Eclampsia- unspecified as to episode of care or not applicable,narrow,P,PrA,10014131,ongoing_pregnancy
PREECLAMP,Preeclampsia,MDR,10014132,Eclampsia- antepartum,C0156677,Eclampsia in pregnancy,narrow,P,PrA,10014132,ongoing_pregnancy
PREECLAMP,Preeclampsia,MDR,10027620,Mild or unspecified pre-eclampsia,C0269658,Mild pre-eclampsia,narrow,P,PrA,10027620,ongoing_pregnancy
PREECLAMP,Preeclampsia,MDR,10027623,Mild or unspecified pre-eclampsia- unspecified as to episode of care,C0156664,Mild or unspecified pre-eclampsia- unspecified as to episode of care or not applicable,narrow,P,PrA,10027623,ongoing_pregnancy
PREECLAMP,Preeclampsia,MDR,10035033,PIH Pregnancy induced hypertension,C0852036,Pregnancy associated hypertension,possible,P,PrA,10035033,ongoing_pregnancy
PREECLAMP,Preeclampsia,MDR,10036485,Pre-eclampsia,C0032914,Pre-Eclampsia,narrow,P,PrA,10036485,ongoing_pregnancy
PREECLAMP,Preeclampsia,MDR,10036492,Pre-eclampsia toxemia,C0032914,Pre-Eclampsia,narrow,P,PrA,10036492,ongoing_pregnancy
PREECLAMP,Preeclampsia,MDR,10036493,Pre-eclamptic toxaemia,C0032914,Pre-Eclampsia,narrow,P,PrA,10036493,ongoing_pregnancy
PREECLAMP,Preeclampsia,MDR,10036557,Pregnancy associated hypertension,C0852036,Pregnancy associated hypertension,possible,P,PrA,10036557,ongoing_pregnancy
PREECLAMP,Preeclampsia,MDR,10036563,Pregnancy induced hypertension,C0852036,Pregnancy associated hypertension,possible,P,PrA,10036563,ongoing_pregnancy
PREECLAMP,Preeclampsia,MDR,10040444,Severe pre-eclampsia,C0341950,Severe pre-eclampsia,narrow,P,PrA,10040444,ongoing_pregnancy
PREECLAMP,Preeclampsia,MDR,10040447,Severe pre-eclampsia- unspecified as to episode of care,C0156669,Severe pre-eclampsia- unspecified as to episode of care or not applicable,narrow,P,PrA,10040447,ongoing_pregnancy
PREECLAMP,Preeclampsia,MDR,10044382,Transient hypertension of pregnancy,C0341934,Transient hypertension of pregnancy,possible,P,PrA,10044382,ongoing_pregnancy
PREECLAMP,Preeclampsia,MDR,10045638,Unspecified antepartum renal disease,C0156738,Renal disorder in pregnancy,possible,P,PrA,10045638,ongoing_pregnancy
PREECLAMP,Preeclampsia,MDR,10046135,Unspecified renal disease in pregnancy- unspecified as to episode of care,C0156738,Renal disorder in pregnancy,possible,P,PrA,10046135,ongoing_pregnancy
PREECLAMP,Preeclampsia,MDR,10049058,HELLP syndrome,C0162739,HELLP Syndrome,narrow,P,PrA,10049058,ongoing_pregnancy
PREECLAMP,Preeclampsia,MDR,10056505,Renal disorder in pregnancy,C0156738,Renal disorder in pregnancy,possible,P,PrA,10056505,ongoing_pregnancy
PREECLAMP,Preeclampsia,MDR,10070538,Gestational hypertension,C0852036,Pregnancy associated hypertension,possible,P,PrA,10070538,ongoing_pregnancy
PREECLAMP,Preeclampsia,MDR,10074050,Pre-eclampsia toxaemia,C0032914,Pre-Eclampsia,narrow,P,PrA,10074050,ongoing_pregnancy
PREECLAMP,Preeclampsia,MTHICD9,642.3,Gestational hypertension,C0852036,Pregnancy associated hypertension,possible,P,PrA,642.3,ongoing_pregnancy
PREECLAMP,Preeclampsia,MTHICD9,642.4,Pre-eclampsia NOS,C0032914,Pre-Eclampsia,narrow,P,PrA,642.4,ongoing_pregnancy
PREECLAMP,Preeclampsia,MTHICD9,642.40,Mild or unspecified pre-eclampsia- unspecified as to episode of care,C0156664,Mild or unspecified pre-eclampsia- unspecified as to episode of care or not applicable,narrow,P,PrA,642.40,ongoing_pregnancy
PREECLAMP,Preeclampsia,MTHICD9,642.5,Pre-eclampsia- severe,C0341950,Severe pre-eclampsia,narrow,P,PrA,642.5,ongoing_pregnancy
PREECLAMP,Preeclampsia,MTHICD9,642.50,Severe pre-eclampsia- unspecified as to episode of care,C0156669,Severe pre-eclampsia- unspecified as to episode of care or not applicable,narrow,P,PrA,642.50,ongoing_pregnancy
PREECLAMP,Preeclampsia,MTHICD9,642.60,Eclampsia complicating pregnancy- childbirth or the puerperium- unspecified as to episode of care,C0156674,Eclampsia- unspecified as to episode of care or not applicable,narrow,P,PrA,642.60,ongoing_pregnancy
PREECLAMP,Preeclampsia,MTHICD9,642.63,Eclampsia- antepartum,C0156677,Eclampsia in pregnancy,narrow,P,PrA,642.63,ongoing_pregnancy
PREECLAMP,Preeclampsia,MTHICD9,646.20,Unspecified renal disease in pregnancy- unspecified as to episode of care,C0156738,Renal disorder in pregnancy,possible,P,PrA,646.20,ongoing_pregnancy
PREECLAMP,Preeclampsia,MTHICD9,646.23,Unspecified antepartum renal disease,C0156738,Renal disorder in pregnancy,possible,P,PrA,646.23,ongoing_pregnancy
PREECLAMP,Preeclampsia,RCD,L1230,Gestational hypertension unsp.,C0852036,Pregnancy associated hypertension,possible,P,PrA,L1230,ongoing_pregnancy
PREECLAMP,Preeclampsia,RCD,L123z,Gestational hypertension NOS,C0852036,Pregnancy associated hypertension,possible,P,PrA,L123z,ongoing_pregnancy
PREECLAMP,Preeclampsia,RCD,L1240,Mild or unspecified pre-eclampsia unspecified,C0269658,Mild pre-eclampsia,narrow,P,PrA,L1240,ongoing_pregnancy
PREECLAMP,Preeclampsia,RCD,L124z,Mild or unspecified pre-eclampsia NOS,C0269658,Mild pre-eclampsia,narrow,P,PrA,L124z,ongoing_pregnancy
PREECLAMP,Preeclampsia,RCD,L125.,PET - Severe pre-eclamptic toxaemia,C0341950,Severe pre-eclampsia,narrow,P,PrA,L125.,ongoing_pregnancy
PREECLAMP,Preeclampsia,RCD,L1250,Severe pre-eclampsia unspecif.,C0341950,Severe pre-eclampsia,narrow,P,PrA,L1250,ongoing_pregnancy
PREECLAMP,Preeclampsia,RCD,L125z,Severe pre-eclampsia NOS,C0341950,Severe pre-eclampsia,narrow,P,PrA,L125z,ongoing_pregnancy
PREECLAMP,Preeclampsia,RCD,L126.,Eclampsia,C0013537,Eclampsia,narrow,P,PrA,L126.,ongoing_pregnancy
PREECLAMP,Preeclampsia,RCD,L1260,Eclampsia unspecified,C0013537,Eclampsia,narrow,P,PrA,L1260,ongoing_pregnancy
PREECLAMP,Preeclampsia,RCD,L1263,Antepartum eclampsia,C0156677,Eclampsia in pregnancy,narrow,P,PrA,L1263,ongoing_pregnancy
PREECLAMP,Preeclampsia,RCD,L126z,Eclampsia NOS,C0013537,Eclampsia,narrow,P,PrA,L126z,ongoing_pregnancy
PREECLAMP,Preeclampsia,RCD,L1620,Unspecified renal disease in pregnancy unspecified,C0156738,Renal disorder in pregnancy,possible,P,PrA,L1620,ongoing_pregnancy
PREECLAMP,Preeclampsia,RCD,L162z,Unspecified renal disease in pregnancy NOS,C0156738,Renal disorder in pregnancy,possible,P,PrA,L162z,ongoing_pregnancy
PREECLAMP,Preeclampsia,RCD,X30Q3,Gestational proteinuria,C0269674,Gestational proteinuria,possible,P,PrA,X30Q3,ongoing_pregnancy
PREECLAMP,Preeclampsia,RCD,X40Bx,Transient hypertension of pregnancy,C0341934,Transient hypertension of pregnancy,possible,P,PrA,X40Bx,ongoing_pregnancy
PREECLAMP,Preeclampsia,RCD,X40By,Proteinuric hypertension of pregnancy,C0032914,Pre-Eclampsia,narrow,P,PrA,X40By,ongoing_pregnancy
PREECLAMP,Preeclampsia,RCD,X40C0,Moderate pre-eclampsia,C0341944,Moderate proteinuric hypertension of pregnancy,narrow,P,PrA,X40C0,ongoing_pregnancy
PREECLAMP,Preeclampsia,RCD,X40C3,Syndrome of haemolysis- elevated liver enzymes and low platelet,C0162739,HELLP Syndrome,narrow,P,PrA,X40C3,ongoing_pregnancy
PREECLAMP,Preeclampsia,RCD,XE0vr,Hypertension induced by pregnancy,C0852036,Pregnancy associated hypertension,possible,P,PrA,XE0vr,ongoing_pregnancy
PREECLAMP,Preeclampsia,RCD,XE0vs,Mild or unspecified pre-eclampsia,C0269658,Mild pre-eclampsia,narrow,P,PrA,XE0vs,ongoing_pregnancy
PREECLAMP,Preeclampsia,RCD,XE0vv,Unspecified renal disease in pregnancy,C0156738,Renal disorder in pregnancy,possible,P,PrA,XE0vv,ongoing_pregnancy
PREECLAMP,Preeclampsia,RCD,XE0xy,Hypertension of pregnancy NOS,C0852036,Pregnancy associated hypertension,possible,P,PrA,XE0xy,ongoing_pregnancy
PREECLAMP,Preeclampsia,RCD,XE2sh,Gestational hypertension,C0852036,Pregnancy associated hypertension,possible,P,PrA,XE2sh,ongoing_pregnancy
PREECLAMP,Preeclampsia,RCD,Xa40P,Pre-eclampsia NOS,C0032914,Pre-Eclampsia,narrow,P,PrA,Xa40P,ongoing_pregnancy
PREECLAMP,Preeclampsia,RCD,Xa41E,Maternal hypertension,C0565599,Maternal hypertension,possible,P,PrA,Xa41E,ongoing_pregnancy
PREECLAMP,Preeclampsia,RCD,XaBE0,Mild pre-eclampsia,C0269658,Mild pre-eclampsia,narrow,P,PrA,XaBE0,ongoing_pregnancy
PREECLAMP,Preeclampsia,RCD2,L1230,Gestational hypertension unsp.,C0852036,Pregnancy associated hypertension,possible,P,PrA,L1230,ongoing_pregnancy
PREECLAMP,Preeclampsia,RCD2,L1236,Transient hypertension of preg,C0341934,Transient hypertension of pregnancy,possible,P,PrA,L1236,ongoing_pregnancy
PREECLAMP,Preeclampsia,RCD2,L123z,Gestational hypertension NOS,C0852036,Pregnancy associated hypertension,possible,P,PrA,L123z,ongoing_pregnancy
PREECLAMP,Preeclampsia,RCD2,L1240,Mild pre-eclampsia unspecified,C0269658,Mild pre-eclampsia,narrow,P,PrA,L1240,ongoing_pregnancy
PREECLAMP,Preeclampsia,RCD2,L124z,Mild-unspec.pre-eclampsia NOS,C0269658,Mild pre-eclampsia,narrow,P,PrA,L124z,ongoing_pregnancy
PREECLAMP,Preeclampsia,RCD2,L125.,Severe pre-eclampsia,C0341950,Severe pre-eclampsia,narrow,P,PrA,L125.,ongoing_pregnancy
PREECLAMP,Preeclampsia,RCD2,L1250,Severe pre-eclampsia unspecif.,C0341950,Severe pre-eclampsia,narrow,P,PrA,L1250,ongoing_pregnancy
PREECLAMP,Preeclampsia,RCD2,L125z,Severe pre-eclampsia NOS,C0341950,Severe pre-eclampsia,narrow,P,PrA,L125z,ongoing_pregnancy
PREECLAMP,Preeclampsia,RCD2,L126.,Eclampsia,C0013537,Eclampsia,narrow,P,PrA,L126.,ongoing_pregnancy
PREECLAMP,Preeclampsia,RCD2,L1260,Eclampsia unspecified,C0013537,Eclampsia,narrow,P,PrA,L1260,ongoing_pregnancy
PREECLAMP,Preeclampsia,RCD2,L1263,Eclampsia - not delivered,C0156677,Eclampsia in pregnancy,narrow,P,PrA,L1263,ongoing_pregnancy
PREECLAMP,Preeclampsia,RCD2,L126z,Eclampsia NOS,C0013537,Eclampsia,narrow,P,PrA,L126z,ongoing_pregnancy
PREECLAMP,Preeclampsia,RCD2,L129.,Moderate pre-eclampsia,C0341944,Moderate proteinuric hypertension of pregnancy,narrow,P,PrA,L129.,ongoing_pregnancy
PREECLAMP,Preeclampsia,RCD2,L12A.,HELLP - Syndrome,C0162739,HELLP Syndrome,narrow,P,PrA,L12A.,ongoing_pregnancy
PREECLAMP,Preeclampsia,RCD2,L12B.,Protein hypertens of pregnancy,C0032914,Pre-Eclampsia,narrow,P,PrA,L12B.,ongoing_pregnancy
PREECLAMP,Preeclampsia,RCD2,L1620,Unsp.obstetric renal dis.unsp.,C0156738,Renal disorder in pregnancy,possible,P,PrA,L1620,ongoing_pregnancy
PREECLAMP,Preeclampsia,RCD2,L162z,Unsp.obstetric renal dis. NOS,C0156738,Renal disorder in pregnancy,possible,P,PrA,L162z,ongoing_pregnancy
PREECLAMP,Preeclampsia,RCD2,L16C0,Gestational proteinuria,C0269674,Gestational proteinuria,possible,P,PrA,L16C0,ongoing_pregnancy
PREECLAMP,Preeclampsia,SCTSPA,156109003,Pre-eclampsia NOS,C0032914,Pre-Eclampsia,narrow,P,PrA,156109003,ongoing_pregnancy
PREECLAMP,Preeclampsia,SCTSPA,156112000,hipertensión durante el embarazo- SAI,C0852036,Pregnancy associated hypertension,possible,P,PrA,156112000,ongoing_pregnancy
PREECLAMP,Preeclampsia,SCTSPA,15938005,eclampsia,C0013537,Eclampsia,narrow,P,PrA,15938005,ongoing_pregnancy
PREECLAMP,Preeclampsia,SCTSPA,15938005,eclampsia (trastorno),C0013537,Eclampsia,narrow,P,PrA,15938005,ongoing_pregnancy
PREECLAMP,Preeclampsia,SCTSPA,198964009,hipertensión transitoria del embarazo- no especificada,C0341934,Transient hypertension of pregnancy,possible,P,PrA,198964009,ongoing_pregnancy
PREECLAMP,Preeclampsia,SCTSPA,198971004,hipertensión transitoria del embarazo- SAI,C0341934,Transient hypertension of pregnancy,possible,P,PrA,198971004,ongoing_pregnancy
PREECLAMP,Preeclampsia,SCTSPA,198973001,Mild or unspecified pre-eclampsia unspecified,C0269658,Mild pre-eclampsia,narrow,P,PrA,198973001,ongoing_pregnancy
PREECLAMP,Preeclampsia,SCTSPA,198979002,Pre-eclampsia NOS,C0032914,Pre-Eclampsia,narrow,P,PrA,198979002,ongoing_pregnancy
PREECLAMP,Preeclampsia,SCTSPA,198980004,preeclampsia leve o no especificada- SAI,C0269658,Mild pre-eclampsia,narrow,P,PrA,198980004,ongoing_pregnancy
PREECLAMP,Preeclampsia,SCTSPA,198981000,hipertensión proteinúrica severa del embarazo,C0341950,Severe pre-eclampsia,narrow,P,PrA,198981000,ongoing_pregnancy
PREECLAMP,Preeclampsia,SCTSPA,198982007,preeclampsia grave no especificada,C0341950,Severe pre-eclampsia,narrow,P,PrA,198982007,ongoing_pregnancy
PREECLAMP,Preeclampsia,SCTSPA,198987001,preeclampsia grave- SAI,C0341950,Severe pre-eclampsia,narrow,P,PrA,198987001,ongoing_pregnancy
PREECLAMP,Preeclampsia,SCTSPA,198989003,eclampsia- no especificada,C0013537,Eclampsia,narrow,P,PrA,198989003,ongoing_pregnancy
PREECLAMP,Preeclampsia,SCTSPA,198992004,eclampsia durante el embarazo,C0156677,Eclampsia in pregnancy,narrow,P,PrA,198992004,ongoing_pregnancy
PREECLAMP,Preeclampsia,SCTSPA,198996001,eclampsia- SAI,C0013537,Eclampsia,narrow,P,PrA,198996001,ongoing_pregnancy
PREECLAMP,Preeclampsia,SCTSPA,199080008,enfermedad renal no especificada en embarazo no especificado,C0156738,Renal disorder in pregnancy,possible,P,PrA,199080008,ongoing_pregnancy
PREECLAMP,Preeclampsia,SCTSPA,199085003,enfermedad renal no especificada durante el embarazo- SAI,C0156738,Renal disorder in pregnancy,possible,P,PrA,199085003,ongoing_pregnancy
PREECLAMP,Preeclampsia,SCTSPA,237279007,hipertensión transitoria durante el embarazo,C0341934,Transient hypertension of pregnancy,possible,P,PrA,237279007,ongoing_pregnancy
PREECLAMP,Preeclampsia,SCTSPA,237281009,preeclampsia moderada,C0341944,Moderate proteinuric hypertension of pregnancy,narrow,P,PrA,237281009,ongoing_pregnancy
PREECLAMP,Preeclampsia,SCTSPA,267200002,preeclampsia leve o no especificada,C0269658,Mild pre-eclampsia,narrow,P,PrA,267200002,ongoing_pregnancy
PREECLAMP,Preeclampsia,SCTSPA,267203000,enfermedad renal no especificada durante el embarazo,C0156738,Renal disorder in pregnancy,possible,P,PrA,267203000,ongoing_pregnancy
PREECLAMP,Preeclampsia,SCTSPA,267307002,hipertensión durante el embarazo- SAI,C0852036,Pregnancy associated hypertension,possible,P,PrA,267307002,ongoing_pregnancy
PREECLAMP,Preeclampsia,SCTSPA,288201007,preeclampsia- SAI,C0032914,Pre-Eclampsia,narrow,P,PrA,288201007,ongoing_pregnancy
PREECLAMP,Preeclampsia,SCTSPA,288250001,hipertensión materna,C0565599,Maternal hypertension,possible,P,PrA,288250001,ongoing_pregnancy
PREECLAMP,Preeclampsia,SCTSPA,30354006,hipertensión transitoria del embarazo,C0341934,Transient hypertension of pregnancy,possible,P,PrA,30354006,ongoing_pregnancy
PREECLAMP,Preeclampsia,SCTSPA,308551004,hipertensión gestacional,C0852036,Pregnancy associated hypertension,possible,P,PrA,308551004,ongoing_pregnancy
PREECLAMP,Preeclampsia,SCTSPA,34165000,proteinuria gestacional,C0269674,Gestational proteinuria,possible,P,PrA,34165000,ongoing_pregnancy
PREECLAMP,Preeclampsia,SCTSPA,34165000,proteinuria gestacional (trastorno),C0269674,Gestational proteinuria,possible,P,PrA,34165000,ongoing_pregnancy
PREECLAMP,Preeclampsia,SCTSPA,398254007,preeclampsia,C0032914,Pre-Eclampsia,narrow,P,PrA,398254007,ongoing_pregnancy
PREECLAMP,Preeclampsia,SCTSPA,41114007,preeclampsia leve,C0269658,Mild pre-eclampsia,narrow,P,PrA,41114007,ongoing_pregnancy
PREECLAMP,Preeclampsia,SCTSPA,46764007,preeclampsia severa,C0341950,Severe pre-eclampsia,narrow,P,PrA,46764007,ongoing_pregnancy
PREECLAMP,Preeclampsia,SCTSPA,48194001,hipertensión gestacional,C0852036,Pregnancy associated hypertension,possible,P,PrA,48194001,ongoing_pregnancy
PREECLAMP,Preeclampsia,SCTSPA,48552006,hipertensión secundaria a nefropatía- que complica el embarazo Y-O constituye un motivo de atención durante este período,C0269654,Hypertension secondary to renal disease complicating AND-OR reason for care during pregnancy,possible,P,PrA,48552006,ongoing_pregnancy
PREECLAMP,Preeclampsia,SCTSPA,6758009,edema- proteinuria e hipertensión gestacional,C0032914,Pre-Eclampsia,narrow,P,PrA,6758009,ongoing_pregnancy
PREECLAMP,Preeclampsia,SCTSPA,95605009,síndrome HELLP,C0162739,HELLP Syndrome,narrow,P,PrA,95605009,ongoing_pregnancy
PREECLAMP,Preeclampsia,SNM,D2502,Preeclampsia,C0032914,Pre-Eclampsia,narrow,P,PrA,D2502,ongoing_pregnancy
PREECLAMP,Preeclampsia,SNM,D2503,Eclampsia,C0013537,Eclampsia,narrow,P,PrA,D2503,ongoing_pregnancy
PREECLAMP,Preeclampsia,SNM,D2504,Maternal hypertension syndrome,C0565599,Maternal hypertension,possible,P,PrA,D2504,ongoing_pregnancy
PREECLAMP,Preeclampsia,SNM,F70720,Transient hypertension of pregnancy,C0341934,Transient hypertension of pregnancy,possible,P,PrA,F70720,ongoing_pregnancy
PREECLAMP,Preeclampsia,SNOMEDCT_US,156105009,Pregnancy with hypertension (& [pre-existing]),C0565599,Maternal hypertension,possible,P,PrA,156105009,ongoing_pregnancy
PREECLAMP,Preeclampsia,SNOMEDCT_US,156106005,Pre-eclampsia,C0032914,Pre-Eclampsia,narrow,P,PrA,156106005,ongoing_pregnancy
PREECLAMP,Preeclampsia,SNOMEDCT_US,156107001,Transient hypertension of pregnancy,C0341934,Transient hypertension of pregnancy,possible,P,PrA,156107001,ongoing_pregnancy
PREECLAMP,Preeclampsia,SNOMEDCT_US,156108006,Mild pre-eclampsia,C0269658,Mild pre-eclampsia,narrow,P,PrA,156108006,ongoing_pregnancy
PREECLAMP,Preeclampsia,SNOMEDCT_US,156109003,Pre-eclampsia NOS,C0032914,Pre-Eclampsia,narrow,P,PrA,156109003,ongoing_pregnancy
PREECLAMP,Preeclampsia,SNOMEDCT_US,156110008,Severe proteinuric hypertension of pregnancy,C0341950,Severe pre-eclampsia,narrow,P,PrA,156110008,ongoing_pregnancy
PREECLAMP,Preeclampsia,SNOMEDCT_US,156111007,Eclampsia,C0013537,Eclampsia,narrow,P,PrA,156111007,ongoing_pregnancy
PREECLAMP,Preeclampsia,SNOMEDCT_US,156112000,Hypertension of pregnancy NOS,C0852036,Pregnancy associated hypertension,possible,P,PrA,156112000,ongoing_pregnancy
PREECLAMP,Preeclampsia,SNOMEDCT_US,156125008,Gestational proteinuria,C0269674,Gestational proteinuria,possible,P,PrA,156125008,ongoing_pregnancy
PREECLAMP,Preeclampsia,SNOMEDCT_US,157038006,Maternal hypertension,C0565599,Maternal hypertension,possible,P,PrA,157038006,ongoing_pregnancy
PREECLAMP,Preeclampsia,SNOMEDCT_US,15938005,Eclampsia,C0013537,Eclampsia,narrow,P,PrA,15938005,ongoing_pregnancy
PREECLAMP,Preeclampsia,SNOMEDCT_US,15938005,Eclampsia (disorder),C0013537,Eclampsia,narrow,P,PrA,15938005,ongoing_pregnancy
PREECLAMP,Preeclampsia,SNOMEDCT_US,198963003,Transient hypertension of pregnancy,C0341934,Transient hypertension of pregnancy,possible,P,PrA,198963003,ongoing_pregnancy
PREECLAMP,Preeclampsia,SNOMEDCT_US,198964009,Transient hypertension of pregnancy unspecified,C0341934,Transient hypertension of pregnancy,possible,P,PrA,198964009,ongoing_pregnancy
PREECLAMP,Preeclampsia,SNOMEDCT_US,198969004,Hypertension induced by pregnancy,C0852036,Pregnancy associated hypertension,possible,P,PrA,198969004,ongoing_pregnancy
PREECLAMP,Preeclampsia,SNOMEDCT_US,198970003,Transient hypertension of pregnancy,C0341934,Transient hypertension of pregnancy,possible,P,PrA,198970003,ongoing_pregnancy
PREECLAMP,Preeclampsia,SNOMEDCT_US,198971004,Transient hypertension of pregnancy NOS,C0341934,Transient hypertension of pregnancy,possible,P,PrA,198971004,ongoing_pregnancy
PREECLAMP,Preeclampsia,SNOMEDCT_US,198972006,Mild or unspecified pre-eclampsia,C0269658,Mild pre-eclampsia,narrow,P,PrA,198972006,ongoing_pregnancy
PREECLAMP,Preeclampsia,SNOMEDCT_US,198973001,Mild or unspecified pre-eclampsia unspecified,C0269658,Mild pre-eclampsia,narrow,P,PrA,198973001,ongoing_pregnancy
PREECLAMP,Preeclampsia,SNOMEDCT_US,198978005,Mild pre-eclampsia,C0269658,Mild pre-eclampsia,narrow,P,PrA,198978005,ongoing_pregnancy
PREECLAMP,Preeclampsia,SNOMEDCT_US,198979002,Pre-eclampsia NOS,C0032914,Pre-Eclampsia,narrow,P,PrA,198979002,ongoing_pregnancy
PREECLAMP,Preeclampsia,SNOMEDCT_US,198980004,Mild or unspecified pre-eclampsia NOS,C0269658,Mild pre-eclampsia,narrow,P,PrA,198980004,ongoing_pregnancy
PREECLAMP,Preeclampsia,SNOMEDCT_US,198981000,PET - Severe pre-eclamptic toxaemia,C0341950,Severe pre-eclampsia,narrow,P,PrA,198981000,ongoing_pregnancy
PREECLAMP,Preeclampsia,SNOMEDCT_US,198982007,Severe pre-eclampsia unspecified,C0341950,Severe pre-eclampsia,narrow,P,PrA,198982007,ongoing_pregnancy
PREECLAMP,Preeclampsia,SNOMEDCT_US,198987001,Severe pre-eclampsia NOS,C0341950,Severe pre-eclampsia,narrow,P,PrA,198987001,ongoing_pregnancy
PREECLAMP,Preeclampsia,SNOMEDCT_US,198988006,Eclampsia,C0013537,Eclampsia,narrow,P,PrA,198988006,ongoing_pregnancy
PREECLAMP,Preeclampsia,SNOMEDCT_US,198989003,Eclampsia unspecified,C0013537,Eclampsia,narrow,P,PrA,198989003,ongoing_pregnancy
PREECLAMP,Preeclampsia,SNOMEDCT_US,198992004,Eclampsia in pregnancy,C0156677,Eclampsia in pregnancy,narrow,P,PrA,198992004,ongoing_pregnancy
PREECLAMP,Preeclampsia,SNOMEDCT_US,198994003,Eclampsia in pregnancy,C0156677,Eclampsia in pregnancy,narrow,P,PrA,198994003,ongoing_pregnancy
PREECLAMP,Preeclampsia,SNOMEDCT_US,198996001,Eclampsia NOS,C0013537,Eclampsia,narrow,P,PrA,198996001,ongoing_pregnancy
PREECLAMP,Preeclampsia,SNOMEDCT_US,199009006,Moderate proteinuric hypertension of pregnancy,C0341944,Moderate proteinuric hypertension of pregnancy,narrow,P,PrA,199009006,ongoing_pregnancy
PREECLAMP,Preeclampsia,SNOMEDCT_US,199010001,Syndrome of haemolysis- elevated liver enzymes and low platelet,C0162739,HELLP Syndrome,narrow,P,PrA,199010001,ongoing_pregnancy
PREECLAMP,Preeclampsia,SNOMEDCT_US,199011002,Proteinuric hypertension of pregnancy,C0032914,Pre-Eclampsia,narrow,P,PrA,199011002,ongoing_pregnancy
PREECLAMP,Preeclampsia,SNOMEDCT_US,199079005,Unspecified renal disease in pregnancy,C0156738,Renal disorder in pregnancy,possible,P,PrA,199079005,ongoing_pregnancy
PREECLAMP,Preeclampsia,SNOMEDCT_US,199080008,Unspecified renal disease in pregnancy unspecified,C0156738,Renal disorder in pregnancy,possible,P,PrA,199080008,ongoing_pregnancy
PREECLAMP,Preeclampsia,SNOMEDCT_US,199085003,Unspecified renal disease in pregnancy NOS,C0156738,Renal disorder in pregnancy,possible,P,PrA,199085003,ongoing_pregnancy
PREECLAMP,Preeclampsia,SNOMEDCT_US,199140001,Gestational proteinuria,C0269674,Gestational proteinuria,possible,P,PrA,199140001,ongoing_pregnancy
PREECLAMP,Preeclampsia,SNOMEDCT_US,237279007,Transient hypertension of pregnancy,C0341934,Transient hypertension of pregnancy,possible,P,PrA,237279007,ongoing_pregnancy
PREECLAMP,Preeclampsia,SNOMEDCT_US,237281009,Moderate proteinuric hypertension of pregnancy,C0341944,Moderate proteinuric hypertension of pregnancy,narrow,P,PrA,237281009,ongoing_pregnancy
PREECLAMP,Preeclampsia,SNOMEDCT_US,267200002,Mild or unspecified pre-eclampsia,C0269658,Mild pre-eclampsia,narrow,P,PrA,267200002,ongoing_pregnancy
PREECLAMP,Preeclampsia,SNOMEDCT_US,267203000,Unspecified renal disease in pregnancy,C0156738,Renal disorder in pregnancy,possible,P,PrA,267203000,ongoing_pregnancy
PREECLAMP,Preeclampsia,SNOMEDCT_US,267305005,Hypertension+pregnancy,C0565599,Maternal hypertension,possible,P,PrA,267305005,ongoing_pregnancy
PREECLAMP,Preeclampsia,SNOMEDCT_US,267306006,Pre-eclampsia,C0032914,Pre-Eclampsia,narrow,P,PrA,267306006,ongoing_pregnancy
PREECLAMP,Preeclampsia,SNOMEDCT_US,267307002,Hypertension of pregnancy NOS,C0852036,Pregnancy associated hypertension,possible,P,PrA,267307002,ongoing_pregnancy
PREECLAMP,Preeclampsia,SNOMEDCT_US,288201007,Pre-eclampsia NOS,C0032914,Pre-Eclampsia,narrow,P,PrA,288201007,ongoing_pregnancy
PREECLAMP,Preeclampsia,SNOMEDCT_US,288250001,Maternal hypertension,C0565599,Maternal hypertension,possible,P,PrA,288250001,ongoing_pregnancy
PREECLAMP,Preeclampsia,SNOMEDCT_US,30354006,Gestational hypertension,C0852036,Pregnancy associated hypertension,possible,P,PrA,30354006,ongoing_pregnancy
PREECLAMP,Preeclampsia,SNOMEDCT_US,308551004,Gestational hypertension,C0852036,Pregnancy associated hypertension,possible,P,PrA,308551004,ongoing_pregnancy
PREECLAMP,Preeclampsia,SNOMEDCT_US,34165000,Gestational proteinuria,C0269674,Gestational proteinuria,possible,P,PrA,34165000,ongoing_pregnancy
PREECLAMP,Preeclampsia,SNOMEDCT_US,34165000,Gestational proteinuria (disorder),C0269674,Gestational proteinuria,possible,P,PrA,34165000,ongoing_pregnancy
PREECLAMP,Preeclampsia,SNOMEDCT_US,398254007,Pre-eclampsia,C0032914,Pre-Eclampsia,narrow,P,PrA,398254007,ongoing_pregnancy
PREECLAMP,Preeclampsia,SNOMEDCT_US,41114007,Mild pre-eclampsia,C0269658,Mild pre-eclampsia,narrow,P,PrA,41114007,ongoing_pregnancy
PREECLAMP,Preeclampsia,SNOMEDCT_US,46764007,EPH - Edema- proteinuria and hypertension of pregnancy,C0032914,Pre-Eclampsia,narrow,P,PrA,46764007,ongoing_pregnancy
PREECLAMP,Preeclampsia,SNOMEDCT_US,48194001,Pregnancy-induced hypertension,C0852036,Pregnancy associated hypertension,possible,P,PrA,48194001,ongoing_pregnancy
PREECLAMP,Preeclampsia,SNOMEDCT_US,48552006,Hypertension secondary to renal disease complicating AND-OR reason for care during pregnancy,C0269654,Hypertension secondary to renal disease complicating AND-OR reason for care during pregnancy,possible,P,PrA,48552006,ongoing_pregnancy
PREECLAMP,Preeclampsia,SNOMEDCT_US,6758009,EPH - Edema- proteinuria and hypertension of pregnancy,C0032914,Pre-Eclampsia,narrow,P,PrA,6758009,ongoing_pregnancy
PREECLAMP,Preeclampsia,SNOMEDCT_US,95605009,HELLP syndrome,C0162739,HELLP Syndrome,narrow,P,PrA,95605009,ongoing_pregnancy
PostTerm,post term delivery,ICD9CM,645.11,Post term pregnancy- delivered- with or without mention of antepartum condition,C1176344,Post term pregnancy- delivered- with or without mention of antepartum condition,narrow,P,PrA,645.11,end_of_pregnancy
PostTerm,post term delivery,ICD9CM,645.21,Prolonged pregnancy- delivered- with or without mention of antepartum condition,C1176347,Prolonged pregnancy- delivered- with or without mention of antepartum condition,narrow,P,PrA,645.21,end_of_pregnancy
PostTerm,post term delivery,ICD9CM,766,Disorders relating to long gestation and high birthweight,C0158914,Disorder relating to long gestation AND-OR high birthweight,narrow,P,PrA,766,end_of_pregnancy
PostTerm,post term delivery,SCTSPA,19963000,trastorno relacionado con gestación prolongada Y-O alto peso al nacer,C0158914,Disorder relating to long gestation AND-OR high birthweight,narrow,P,PrA,19963000,end_of_pregnancy
PostTerm,post term delivery,SCTSPA,268818009,trastorno relacionado con gestación prolongada y-o peso de nacimiento elevado,C0158914,Disorder relating to long gestation AND-OR high birthweight,narrow,P,PrA,268818009,end_of_pregnancy
PostTerm,post term delivery,SNOMEDCT_US,19963000,Disorder relating to long gestation AND-OR high birthweight,C0158914,Disorder relating to long gestation AND-OR high birthweight,narrow,P,PrA,19963000,end_of_pregnancy
PostTerm,post term delivery,SNOMEDCT_US,206179009,Disorders relating to long gestation and high birthweight,C0158914,Disorder relating to long gestation AND-OR high birthweight,narrow,P,PrA,206179009,end_of_pregnancy
PostTerm,post term delivery,SNOMEDCT_US,268818009,Disorder relating to long gestation and-or high birth weight,C0158914,Disorder relating to long gestation AND-OR high birthweight,narrow,P,PrA,268818009,end_of_pregnancy
Preterm,Preterm delivery,ICD10,O60,Preterm delivery,C0151526,Premature Birth,narrow,P,PrA,O60,end_of_pregnancy
Preterm,Preterm delivery,ICD10,O60.1,Preterm spontaneous labor with preterm delivery - Preterm labor with preterm delivery,"","",narrow,P,PrA,O60.1,end_of_pregnancy
Preterm,Preterm delivery,ICD10,O60.10,Preterm labor with preterm delivery- unspecified trimester,"","",narrow,P,PrA,O60.10,end_of_pregnancy
Preterm,Preterm delivery,ICD10,O60.12,Preterm labor second trimester with preterm delivery second trimester,"","",narrow,P,PrA,O60.12,end_of_pregnancy
Preterm,Preterm delivery,ICD10,O60.13,Preterm labor second trimester with preterm delivery third trimester,"","",narrow,P,PrA,O60.13,end_of_pregnancy
Preterm,Preterm delivery,ICD10,O60.14,Preterm labor third trimester with preterm delivery third trimester,"","",narrow,P,PrA,O60.14,end_of_pregnancy
Preterm,Preterm delivery,ICD10,O60.3,Preterm delivery without spontaneous labor,"","",narrow,P,PrA,O60.3,end_of_pregnancy
Preterm,Preterm delivery,ICD10CM,O60.1,Preterm spontaneous labor with preterm delivery - Preterm labor with preterm delivery,"","",narrow,P,PrA,O60.1,end_of_pregnancy
Preterm,Preterm delivery,ICD10CM,O60.10,Preterm labor with preterm delivery- unspecified trimester,"","",narrow,P,PrA,O60.10,end_of_pregnancy
Preterm,Preterm delivery,ICD10CM,O60.12,Preterm labor second trimester with preterm delivery second trimester,"","",narrow,P,PrA,O60.12,end_of_pregnancy
Preterm,Preterm delivery,ICD10CM,O60.13,Preterm labor second trimester with preterm delivery third trimester,"","",narrow,P,PrA,O60.13,end_of_pregnancy
Preterm,Preterm delivery,ICD10CM,O60.14,Preterm labor third trimester with preterm delivery third trimester,"","",narrow,P,PrA,O60.14,end_of_pregnancy
Preterm,Preterm delivery,ICD10CM,O60.3,Preterm delivery without spontaneous labor,"","",narrow,P,PrA,O60.3,end_of_pregnancy
Preterm,Preterm delivery,ICD9CM,644.2,Early onset of delivery,C0151526,Premature Birth,narrow,P,PrA,644.2,end_of_pregnancy
Preterm,Preterm delivery,ICD9CM,644.2,Early onset of delivery- unspecified as to episode of care or not applicable,"","",narrow,P,PrA,644.2,end_of_pregnancy
Preterm,Preterm delivery,ICD9CM,644.20,Early onset of delivery- unspecified as to episode of care or not applicable,"","",narrow,P,PrA,644.20,end_of_pregnancy
Preterm,Preterm delivery,ICD9CM,644.21,Early onset of delivery- delivered- with or without mention of antepartum condition,"","",narrow,P,PrA,644.21,end_of_pregnancy
Preterm,Preterm delivery,ICD9CM,644.21,Early onset of delivery- delivered- with or without mention of antepartum condition,C0156719,Early onset of delivery- delivered- with or without mention of antepartum condition,narrow,P,PrA,644.21,end_of_pregnancy
Preterm,Preterm delivery,ICD9CM,658.11,Premature rupture of membranes- delivered- with or without mention of antepartum condition,C0157146,Premature rupture of membranes - delivered,narrow,P,PrA,658.11,end_of_pregnancy
Preterm,Preterm delivery,ICPC2EENG,A93,Premature newborn,C0233315,Premature birth of newborn,narrow,P,PrA,A93,end_of_pregnancy
Preterm,Preterm delivery,ICPC2P,A93007,Premature-newborn,C0233315,Premature birth of newborn,narrow,P,PrA,A93007,end_of_pregnancy
Preterm,Preterm delivery,MTHICD9,658.11,Premature rupture of membranes- delivered,C0157146,Premature rupture of membranes - delivered,narrow,P,PrA,658.11,end_of_pregnancy
Preterm,Preterm delivery,RCD2,L142z,Early onset of delivery NOS,C0151526,Premature Birth,narrow,P,PrA,L142z,end_of_pregnancy
Preterm,Preterm delivery,RCD2,L2811,Premature membr.rupt.-deliver.,C0157146,Premature rupture of membranes - delivered,narrow,P,PrA,L2811,end_of_pregnancy
Preterm,Preterm delivery,SCTSPA,10761141000119107,trabajo de parto pretérmino en el segundo trimestre con parto pretérmino en el segundo trimestre de gestación (hallazgo),"","",narrow,P,PrA,10761141000119107,end_of_pregnancy
Preterm,Preterm delivery,SCTSPA,10761191000119104,trabajo de parto pretérmino en el tercer trimestre con parto pretérmino en el tercer trimestre de gestación (hallazgo),"","",narrow,P,PrA,10761191000119104,end_of_pregnancy
Preterm,Preterm delivery,SCTSPA,10761241000119104,trabajo de parto pretérmino con parto pretérmino (hallazgo),"","",narrow,P,PrA,10761241000119104,end_of_pregnancy
Preterm,Preterm delivery,SCTSPA,199059002,inicio prematuro del parto- SAI,C0151526,Premature Birth,narrow,P,PrA,199059002,end_of_pregnancy
Preterm,Preterm delivery,SCTSPA,199658006,ruptura prematura de membranas - nacido,C0157146,Premature rupture of membranes - delivered,narrow,P,PrA,199658006,end_of_pregnancy
Preterm,Preterm delivery,SCTSPA,199658006,ruptura prematura de membranas - nacido (trastorno),"","",narrow,P,PrA,199658006,end_of_pregnancy
Preterm,Preterm delivery,SCTSPA,270496001,inicio prematuro del parto,C0151526,Premature Birth,narrow,P,PrA,270496001,end_of_pregnancy
Preterm,Preterm delivery,SCTSPA,282020008,parto prematuro,C0151526,Premature Birth,narrow,P,PrA,282020008,end_of_pregnancy
Preterm,Preterm delivery,SCTSPA,282020008,parto prematuro (hallazgo),"","",narrow,P,PrA,282020008,end_of_pregnancy
Preterm,Preterm delivery,SCTSPA,367494004,nacimiento prematuro,C0233315,Premature birth of newborn,narrow,P,PrA,367494004,end_of_pregnancy
Preterm,Preterm delivery,SCTSPA,367494004,nacimiento prematuro (hallazgo),"","",narrow,P,PrA,367494004,end_of_pregnancy
Preterm,Preterm delivery,SCTSPA,4886009,Premature birth of newborn male,"","",narrow,P,PrA,4886009,end_of_pregnancy
Preterm,Preterm delivery,SCTSPA,49550006,parto prematuro - nacido,C0151526,Premature Birth,narrow,P,PrA,49550006,end_of_pregnancy
Preterm,Preterm delivery,SCTSPA,59403008,Premature birth of newborn female,"","",narrow,P,PrA,59403008,end_of_pregnancy
Preterm,Preterm delivery,SCTSPA,6383007,trabajo de parto prematuro (hallazgo),"","",narrow,P,PrA,6383007,end_of_pregnancy
Preterm,Preterm delivery,SCTSPA,65588006,neonato prematuro,C0233315,Premature birth of newborn,narrow,P,PrA,65588006,end_of_pregnancy
Preterm,Preterm delivery,SCTSPA,698716002,trabajo de parto espontáneo pretérmino con parto pretérmino,C3696921,Preterm spontaneous labor with preterm delivery,narrow,P,PrA,698716002,end_of_pregnancy
Preterm,Preterm delivery,SCTSPA,698716002,trabajo de parto espontáneo pretérmino con parto pretérmino (hallazgo),"","",narrow,P,PrA,698716002,end_of_pregnancy
Preterm,Preterm delivery,SCTSPA,724488005,Preterm delivery following induction of labor,"","",narrow,P,PrA,724488005,end_of_pregnancy
Preterm,Preterm delivery,SCTSPA,724489002,Preterm delivery following Cesarean section,"","",narrow,P,PrA,724489002,end_of_pregnancy
Preterm,Preterm delivery,SNOMEDCT_US,10761141000119107,Preterm labor in second trimester with preterm delivery in second trimester (finding),"","",narrow,P,PrA,10761141000119107,end_of_pregnancy
Preterm,Preterm delivery,SNOMEDCT_US,10761191000119104,Preterm labor in third trimester with preterm delivery in third trimester (finding),"","",narrow,P,PrA,10761191000119104,end_of_pregnancy
Preterm,Preterm delivery,SNOMEDCT_US,10761241000119104,Preterm spontaneous labor with preterm delivery (finding),"","",narrow,P,PrA,10761241000119104,end_of_pregnancy
Preterm,Preterm delivery,SNOMEDCT_US,199056009,Delivery- [early onset] or [premature],C0151526,Premature Birth,narrow,P,PrA,199056009,end_of_pregnancy
Preterm,Preterm delivery,SNOMEDCT_US,199059002,Early onset of delivery NOS,C0151526,Premature Birth,narrow,P,PrA,199059002,end_of_pregnancy
Preterm,Preterm delivery,SNOMEDCT_US,199658006,Premature rupture of membranes - delivered,C0157146,Premature rupture of membranes - delivered,narrow,P,PrA,199658006,end_of_pregnancy
Preterm,Preterm delivery,SNOMEDCT_US,270496001,Early onset of delivery,C0151526,Premature Birth,narrow,P,PrA,270496001,end_of_pregnancy
Preterm,Preterm delivery,SNOMEDCT_US,282020008,Premature delivery,C0151526,Premature Birth,narrow,P,PrA,282020008,end_of_pregnancy
Preterm,Preterm delivery,SNOMEDCT_US,367494004,Premature birth of newborn,C0233315,Premature birth of newborn,narrow,P,PrA,367494004,end_of_pregnancy
Preterm,Preterm delivery,SNOMEDCT_US,4886009,Premature birth of newborn male,"","",narrow,P,PrA,4886009,end_of_pregnancy
Preterm,Preterm delivery,SNOMEDCT_US,49550006,Premature pregnancy delivered,C0151526,Premature Birth,narrow,P,PrA,49550006,end_of_pregnancy
Preterm,Preterm delivery,SNOMEDCT_US,59403008,Premature birth of newborn female,"","",narrow,P,PrA,59403008,end_of_pregnancy
Preterm,Preterm delivery,SNOMEDCT_US,6383007,Premature labor (finding),"","",narrow,P,PrA,6383007,end_of_pregnancy
Preterm,Preterm delivery,SNOMEDCT_US,65588006,Premature birth of newborn,C0233315,Premature birth of newborn,narrow,P,PrA,65588006,end_of_pregnancy
Preterm,Preterm delivery,SNOMEDCT_US,698716002,Preterm spontaneous labor with preterm delivery,C3696921,Preterm spontaneous labor with preterm delivery,narrow,P,PrA,698716002,end_of_pregnancy
Preterm,Preterm delivery,SNOMEDCT_US,724488005,Preterm delivery following induction of labor,"","",narrow,P,PrA,724488005,end_of_pregnancy
Preterm,Preterm delivery,SNOMEDCT_US,724489002,Preterm delivery following Cesarean section,"","",narrow,P,PrA,724489002,end_of_pregnancy
SpontaneousAbortion,Spontaneous abortion,Free_text,SPONTABO_broad,"","","",possible,P,PrA,SPONTABO_broad,interruption_pregnancy
SpontaneousAbortion,Spontaneous abortion,Free_text,SPONTABO_narrow,"","","",narrow,P,PrA,SPONTABO_narrow,interruption_pregnancy
SpontaneousAbortion,Spontaneous abortion,ICD10,O02.1,Missed abortion,C0000814,Missed abortion,possible,P,PrA,O02.1,interruption_pregnancy
SpontaneousAbortion,Spontaneous abortion,ICD10,O03,Spontaneous abortion,C0000786,Spontaneous abortion,narrow,P,PrA,O03,interruption_pregnancy
SpontaneousAbortion,Spontaneous abortion,ICD10,O03.0,Spontaneous abortion- incomplete- complicated by genital tract and pelvic infection,C0156425,Spontaneous abortion- incomplete- complicated by genital tract and pelvic infection,narrow,P,PrA,O03.0,interruption_pregnancy
SpontaneousAbortion,Spontaneous abortion,ICD10,O03.1,Spontaneous abortion- incomplete- complicated by delayed or excessive haemorrhage,C0156429,Spontaneous abortion- incomplete- complicated by delayed or excessive hemorrhage,narrow,P,PrA,O03.1,interruption_pregnancy
SpontaneousAbortion,Spontaneous abortion,ICD10,O03.2,Spontaneous abortion- incomplete- complicated by embolism,C0404919,Incomplete miscarriage with embolism,narrow,P,PrA,O03.2,interruption_pregnancy
SpontaneousAbortion,Spontaneous abortion,ICD10,O03.3,Other and unspecified complications following incomplete spontaneous abortion - Spontaneous abortion- Incomplete- with other and unspecified complications,"","",narrow,P,PrA,O03.3,interruption_pregnancy
SpontaneousAbortion,Spontaneous abortion,ICD10,O03.30,Unspecified complication following incomplete spontaneous abortion,"","",narrow,P,PrA,O03.30,interruption_pregnancy
SpontaneousAbortion,Spontaneous abortion,ICD10,O03.31,Shock following incomplete spontaneous abortion,"","",narrow,P,PrA,O03.31,interruption_pregnancy
SpontaneousAbortion,Spontaneous abortion,ICD10,O03.32,Renal failure following incomplete spontaneous abortion,"","",narrow,P,PrA,O03.32,interruption_pregnancy
SpontaneousAbortion,Spontaneous abortion,ICD10,O03.33,Metabolic disorder following incomplete spontaneous abortion,"","",narrow,P,PrA,O03.33,interruption_pregnancy
SpontaneousAbortion,Spontaneous abortion,ICD10,O03.34,Damage to pelvic organs following incomplete spontaneous abortion,"","",narrow,P,PrA,O03.34,interruption_pregnancy
SpontaneousAbortion,Spontaneous abortion,ICD10,O03.35,Other venous complications following incomplete spontaneous abortion,"","",narrow,P,PrA,O03.35,interruption_pregnancy
SpontaneousAbortion,Spontaneous abortion,ICD10,O03.36,Cardiac arrest following incomplete spontaneous abortion,"","",narrow,P,PrA,O03.36,interruption_pregnancy
SpontaneousAbortion,Spontaneous abortion,ICD10,O03.37,Sepsis following incomplete spontaneous abortion,"","",narrow,P,PrA,O03.37,interruption_pregnancy
SpontaneousAbortion,Spontaneous abortion,ICD10,O03.38,Urinary tract infection following incomplete spontaneous abortion,"","",narrow,P,PrA,O03.38,interruption_pregnancy
SpontaneousAbortion,Spontaneous abortion,ICD10,O03.39,Incomplete spontaneous abortion with other complications,"","",narrow,P,PrA,O03.39,interruption_pregnancy
SpontaneousAbortion,Spontaneous abortion,ICD10,O03.4,Spontaneous abortion- incomplete- without complication,C0729205,Spontaneous abortion- incomplete- without complication,narrow,P,PrA,O03.4,interruption_pregnancy
SpontaneousAbortion,Spontaneous abortion,ICD10,O03.5,Genital tract and pelvic infection following complete or unspecified spontaneous abortion - Spontaneous abortion- Complete or unspecified- complicated by genital tract and pelvic infection,"","",narrow,P,PrA,O03.5,interruption_pregnancy
SpontaneousAbortion,Spontaneous abortion,ICD10,O03.6,Spontaneous abortion- Complete or unspecified- complicated by delayed or excessive haemorrhage - Delayed or excessive hemorrhage following complete or unspecified spontaneous abortion,"","",narrow,P,PrA,O03.6,interruption_pregnancy
SpontaneousAbortion,Spontaneous abortion,ICD10,O03.7,Embolism following complete or unspecified spontaneous abortion - Spontaneous abortion- Complete or unspecified- complicated by embolism,"","",narrow,P,PrA,O03.7,interruption_pregnancy
SpontaneousAbortion,Spontaneous abortion,ICD10,O03.8,Spontaneous abortion- Complete or unspecified- with other and unspecified complications - Other and unspecified complications following complete or unspecified spontaneous abortion,"","",narrow,P,PrA,O03.8,interruption_pregnancy
SpontaneousAbortion,Spontaneous abortion,ICD10,O03.80,Unspecified complication following complete or unspecified spontaneous abortion,"","",narrow,P,PrA,O03.80,interruption_pregnancy
SpontaneousAbortion,Spontaneous abortion,ICD10,O03.81,Shock following complete or unspecified spontaneous abortion,"","",narrow,P,PrA,O03.81,interruption_pregnancy
SpontaneousAbortion,Spontaneous abortion,ICD10,O03.82,Renal failure following complete or unspecified spontaneous abortion,"","",narrow,P,PrA,O03.82,interruption_pregnancy
SpontaneousAbortion,Spontaneous abortion,ICD10,O03.83,Metabolic disorder following complete or unspecified spontaneous abortion,"","",narrow,P,PrA,O03.83,interruption_pregnancy
SpontaneousAbortion,Spontaneous abortion,ICD10,O03.84,Damage to pelvic organs following complete or unspecified spontaneous abortion,"","",narrow,P,PrA,O03.84,interruption_pregnancy
SpontaneousAbortion,Spontaneous abortion,ICD10,O03.85,Other venous complications following complete or unspecified spontaneous abortion,"","",narrow,P,PrA,O03.85,interruption_pregnancy
SpontaneousAbortion,Spontaneous abortion,ICD10,O03.86,Cardiac arrest following complete or unspecified spontaneous abortion,"","",narrow,P,PrA,O03.86,interruption_pregnancy
SpontaneousAbortion,Spontaneous abortion,ICD10,O03.87,Sepsis following complete or unspecified spontaneous abortion,"","",narrow,P,PrA,O03.87,interruption_pregnancy
SpontaneousAbortion,Spontaneous abortion,ICD10,O03.88,Urinary tract infection following complete or unspecified spontaneous abortion,"","",narrow,P,PrA,O03.88,interruption_pregnancy
SpontaneousAbortion,Spontaneous abortion,ICD10,O03.89,Complete or unspecified spontaneous abortion with other complications,"","",narrow,P,PrA,O03.89,interruption_pregnancy
SpontaneousAbortion,Spontaneous abortion,ICD10,O03.9,Complete or unspecified spontaneous abortion without complication - Spontaneous abortion- Complete or unspecified- without complication,"","",narrow,P,PrA,O03.9,interruption_pregnancy
SpontaneousAbortion,Spontaneous abortion,ICD10,O05,Other abortion,C0477801,Other abortion,possible,P,PrA,O05,interruption_pregnancy
SpontaneousAbortion,Spontaneous abortion,ICD10,O05.0,Other abortion- incomplete- complicated by genital tract and pelvic infection,"","",possible,P,PrA,O05.0,interruption_pregnancy
SpontaneousAbortion,Spontaneous abortion,ICD10,O05.1,Other abortion- incomplete- complicated by delayed or excessive haemorrhage,"","",possible,P,PrA,O05.1,interruption_pregnancy
SpontaneousAbortion,Spontaneous abortion,ICD10,O05.2,Other abortion- incomplete- complicated by embolism,"","",possible,P,PrA,O05.2,interruption_pregnancy
SpontaneousAbortion,Spontaneous abortion,ICD10,O05.3,Other abortion- incomplete- with other and unspecified complications,"","",possible,P,PrA,O05.3,interruption_pregnancy
SpontaneousAbortion,Spontaneous abortion,ICD10,O05.4,Other abortion- incomplete- without complication,"","",possible,P,PrA,O05.4,interruption_pregnancy
SpontaneousAbortion,Spontaneous abortion,ICD10,O05.5,Other abortion- complete or unspecified- complicated by genital tract and pelvic infection,"","",possible,P,PrA,O05.5,interruption_pregnancy
SpontaneousAbortion,Spontaneous abortion,ICD10,O05.6,Other abortion- complete or unspecified- complicated by delayed or excessive haemorrhage,"","",possible,P,PrA,O05.6,interruption_pregnancy
SpontaneousAbortion,Spontaneous abortion,ICD10,O05.7,Other abortion- complete or unspecified- complicated by embolism,"","",possible,P,PrA,O05.7,interruption_pregnancy
SpontaneousAbortion,Spontaneous abortion,ICD10,O05.8,Other abortion- complete or unspecified- with other and unspecified complications,"","",possible,P,PrA,O05.8,interruption_pregnancy
SpontaneousAbortion,Spontaneous abortion,ICD10,O05.9,Other abortion- complete or unspecified- without complication,"","",possible,P,PrA,O05.9,interruption_pregnancy
SpontaneousAbortion,Spontaneous abortion,ICD10,O06,Unspecified abortion,C0156543,Unspecified Abortion,possible,P,PrA,O06,interruption_pregnancy
SpontaneousAbortion,Spontaneous abortion,ICD10,O06.0,Unspecified abortion- incomplete- complicated by genital tract and pelvic infection,C0156546,Unspecified abortion- incomplete- complicated by genital tract and pelvic infection,possible,P,PrA,O06.0,interruption_pregnancy
SpontaneousAbortion,Spontaneous abortion,ICD10,O06.1,Unspecified abortion- incomplete- complicated by delayed or excessive haemorrhage,"","",possible,P,PrA,O06.1,interruption_pregnancy
SpontaneousAbortion,Spontaneous abortion,ICD10,O06.2,Unspecified abortion- incomplete- complicated by embolism,"","",possible,P,PrA,O06.2,interruption_pregnancy
SpontaneousAbortion,Spontaneous abortion,ICD10,O06.3,Unspecified abortion- incomplete- with other and unspecified complications,"","",possible,P,PrA,O06.3,interruption_pregnancy
SpontaneousAbortion,Spontaneous abortion,ICD10,O06.4,Unspecified abortion- incomplete- without complication,"","",possible,P,PrA,O06.4,interruption_pregnancy
SpontaneousAbortion,Spontaneous abortion,ICD10,O06.5,Unspecified abortion- complete or unspecified- complicated by genital tract and pelvic infection,"","",possible,P,PrA,O06.5,interruption_pregnancy
SpontaneousAbortion,Spontaneous abortion,ICD10,O06.6,Unspecified abortion- complete or unspecified- complicated by delayed or excessive haemorrhage,"","",possible,P,PrA,O06.6,interruption_pregnancy
SpontaneousAbortion,Spontaneous abortion,ICD10,O06.7,Unspecified abortion- complete or unspecified- complicated by embolism,"","",possible,P,PrA,O06.7,interruption_pregnancy
SpontaneousAbortion,Spontaneous abortion,ICD10,O06.8,Unspecified abortion- complete or unspecified- with other and unspecified complications,"","",possible,P,PrA,O06.8,interruption_pregnancy
SpontaneousAbortion,Spontaneous abortion,ICD10,O06.9,Unspecified abortion- complete or unspecified- without complication,"","",possible,P,PrA,O06.9,interruption_pregnancy
SpontaneousAbortion,Spontaneous abortion,ICD10,O08.1,Delayed or excessive haemorrhage following abortion and ectopic and molar pregnancy,C0495168,Delayed or excessive hemorrhage following abortion and ectopic and molar pregnancy,possible,P,PrA,O08.1,interruption_pregnancy
SpontaneousAbortion,Spontaneous abortion,ICD10CM,O02.1,Missed abortion,C0000814,Missed abortion,possible,P,PrA,O02.1,interruption_pregnancy
SpontaneousAbortion,Spontaneous abortion,ICD10CM,O03,Spontaneous abortion,C0000786,Spontaneous abortion,narrow,P,PrA,O03,interruption_pregnancy
SpontaneousAbortion,Spontaneous abortion,ICD10CM,O03,miscarriage,C0000786,Spontaneous abortion,narrow,P,PrA,O03,interruption_pregnancy
SpontaneousAbortion,Spontaneous abortion,ICD10CM,O03.0,Endometritis following incomplete spontaneous abortion,C2903191,Endometritis following incomplete spontaneous abortion,narrow,P,PrA,O03.0,interruption_pregnancy
SpontaneousAbortion,Spontaneous abortion,ICD10CM,O03.0,Spontaneous abortion- incomplete- complicated by genital tract and pelvic infection,C0156425,Spontaneous abortion- incomplete- complicated by genital tract and pelvic infection,narrow,P,PrA,O03.0,interruption_pregnancy
SpontaneousAbortion,Spontaneous abortion,ICD10CM,O03.1,Afibrinogenemia following incomplete spontaneous abortion,C2903198,Afibrinogenemia following incomplete spontaneous abortion,narrow,P,PrA,O03.1,interruption_pregnancy
SpontaneousAbortion,Spontaneous abortion,ICD10CM,O03.1,Spontaneous abortion- incomplete- complicated by delayed or excessive haemorrhage,C0156429,Spontaneous abortion- incomplete- complicated by delayed or excessive hemorrhage,narrow,P,PrA,O03.1,interruption_pregnancy
SpontaneousAbortion,Spontaneous abortion,ICD10CM,O03.2,Embolism following incomplete spontaneous abortion,C0404919,Incomplete miscarriage with embolism,narrow,P,PrA,O03.2,interruption_pregnancy
SpontaneousAbortion,Spontaneous abortion,ICD10CM,O03.2,Spontaneous abortion- incomplete- complicated by embolism,C0404919,Incomplete miscarriage with embolism,narrow,P,PrA,O03.2,interruption_pregnancy
SpontaneousAbortion,Spontaneous abortion,ICD10CM,O03.3,Other and unspecified complications following incomplete spontaneous abortion - Spontaneous abortion- Incomplete- with other and unspecified complications,"","",narrow,P,PrA,O03.3,interruption_pregnancy
SpontaneousAbortion,Spontaneous abortion,ICD10CM,O03.30,Unspecified complication following incomplete spontaneous abortion,"","",narrow,P,PrA,O03.30,interruption_pregnancy
SpontaneousAbortion,Spontaneous abortion,ICD10CM,O03.31,Shock following incomplete spontaneous abortion,"","",narrow,P,PrA,O03.31,interruption_pregnancy
SpontaneousAbortion,Spontaneous abortion,ICD10CM,O03.32,Renal failure following incomplete spontaneous abortion,"","",narrow,P,PrA,O03.32,interruption_pregnancy
SpontaneousAbortion,Spontaneous abortion,ICD10CM,O03.33,Metabolic disorder following incomplete spontaneous abortion,"","",narrow,P,PrA,O03.33,interruption_pregnancy
SpontaneousAbortion,Spontaneous abortion,ICD10CM,O03.33,Metabolic disorder following incomplete spontaneous abortion,C0404921,Incomplete miscarriage with metabolic disorder,narrow,P,PrA,O03.33,interruption_pregnancy
SpontaneousAbortion,Spontaneous abortion,ICD10CM,O03.34,Damage to pelvic organs following incomplete spontaneous abortion,"","",narrow,P,PrA,O03.34,interruption_pregnancy
SpontaneousAbortion,Spontaneous abortion,ICD10CM,O03.35,Other venous complications following incomplete spontaneous abortion,"","",narrow,P,PrA,O03.35,interruption_pregnancy
SpontaneousAbortion,Spontaneous abortion,ICD10CM,O03.36,Cardiac arrest following incomplete spontaneous abortion,"","",narrow,P,PrA,O03.36,interruption_pregnancy
SpontaneousAbortion,Spontaneous abortion,ICD10CM,O03.37,Sepsis following incomplete spontaneous abortion,"","",narrow,P,PrA,O03.37,interruption_pregnancy
SpontaneousAbortion,Spontaneous abortion,ICD10CM,O03.38,Urinary tract infection following incomplete spontaneous abortion,"","",narrow,P,PrA,O03.38,interruption_pregnancy
SpontaneousAbortion,Spontaneous abortion,ICD10CM,O03.39,Incomplete spontaneous abortion with other complications,"","",narrow,P,PrA,O03.39,interruption_pregnancy
SpontaneousAbortion,Spontaneous abortion,ICD10CM,O03.4,Incomplete spontaneous abortion without complication,C0729205,Spontaneous abortion- incomplete- without complication,narrow,P,PrA,O03.4,interruption_pregnancy
SpontaneousAbortion,Spontaneous abortion,ICD10CM,O03.4,Spontaneous abortion- incomplete- without complication,C0729205,Spontaneous abortion- incomplete- without complication,narrow,P,PrA,O03.4,interruption_pregnancy
SpontaneousAbortion,Spontaneous abortion,ICD10CM,O03.5,Genital tract and pelvic infection following complete or unspecified spontaneous abortion - Spontaneous abortion- Complete or unspecified- complicated by genital tract and pelvic infection,"","",narrow,P,PrA,O03.5,interruption_pregnancy
SpontaneousAbortion,Spontaneous abortion,ICD10CM,O03.6,Spontaneous abortion- Complete or unspecified- complicated by delayed or excessive haemorrhage - Delayed or excessive hemorrhage following complete or unspecified spontaneous abortion,"","",narrow,P,PrA,O03.6,interruption_pregnancy
SpontaneousAbortion,Spontaneous abortion,ICD10CM,O03.7,Spontaneous abortion- Complete or unspecified- complicated by embolism - Embolism following complete or unspecified spontaneous abortion,"","",narrow,P,PrA,O03.7,interruption_pregnancy
SpontaneousAbortion,Spontaneous abortion,ICD10CM,O03.8,Other and unspecified complications following complete or unspecified spontaneous abortion - Spontaneous abortion- Complete or unspecified- with other and unspecified complications,"","",narrow,P,PrA,O03.8,interruption_pregnancy
SpontaneousAbortion,Spontaneous abortion,ICD10CM,O03.80,Unspecified complication following complete or unspecified spontaneous abortion,"","",narrow,P,PrA,O03.80,interruption_pregnancy
SpontaneousAbortion,Spontaneous abortion,ICD10CM,O03.81,Shock following complete or unspecified spontaneous abortion,"","",narrow,P,PrA,O03.81,interruption_pregnancy
SpontaneousAbortion,Spontaneous abortion,ICD10CM,O03.82,Renal failure following complete or unspecified spontaneous abortion,"","",narrow,P,PrA,O03.82,interruption_pregnancy
SpontaneousAbortion,Spontaneous abortion,ICD10CM,O03.83,Metabolic disorder following complete or unspecified spontaneous abortion,"","",narrow,P,PrA,O03.83,interruption_pregnancy
SpontaneousAbortion,Spontaneous abortion,ICD10CM,O03.84,Damage to pelvic organs following complete or unspecified spontaneous abortion,"","",narrow,P,PrA,O03.84,interruption_pregnancy
SpontaneousAbortion,Spontaneous abortion,ICD10CM,O03.85,Other venous complications following complete or unspecified spontaneous abortion,"","",narrow,P,PrA,O03.85,interruption_pregnancy
SpontaneousAbortion,Spontaneous abortion,ICD10CM,O03.86,Cardiac arrest following complete or unspecified spontaneous abortion,"","",narrow,P,PrA,O03.86,interruption_pregnancy
SpontaneousAbortion,Spontaneous abortion,ICD10CM,O03.87,Sepsis following complete or unspecified spontaneous abortion,"","",narrow,P,PrA,O03.87,interruption_pregnancy
SpontaneousAbortion,Spontaneous abortion,ICD10CM,O03.88,Urinary tract infection following complete or unspecified spontaneous abortion,"","",narrow,P,PrA,O03.88,interruption_pregnancy
SpontaneousAbortion,Spontaneous abortion,ICD10CM,O03.89,Complete or unspecified spontaneous abortion with other complications,"","",narrow,P,PrA,O03.89,interruption_pregnancy
SpontaneousAbortion,Spontaneous abortion,ICD10CM,O03.9,Complete or unspecified spontaneous abortion without complication - Spontaneous abortion- Complete or unspecified- without complication,"","",narrow,P,PrA,O03.9,interruption_pregnancy
SpontaneousAbortion,Spontaneous abortion,ICD10CM,O03.9,Miscarriage NOS,C0000786,Spontaneous abortion,narrow,P,PrA,O03.9,interruption_pregnancy
SpontaneousAbortion,Spontaneous abortion,ICD10CM,O05,Other abortion,C0477801,Other abortion,possible,P,PrA,O05,interruption_pregnancy
SpontaneousAbortion,Spontaneous abortion,ICD10CM,O05.0,Other abortion- incomplete- complicated by genital tract and pelvic infection,"","",possible,P,PrA,O05.0,interruption_pregnancy
SpontaneousAbortion,Spontaneous abortion,ICD10CM,O05.1,Other abortion- incomplete- complicated by delayed or excessive haemorrhage,"","",possible,P,PrA,O05.1,interruption_pregnancy
SpontaneousAbortion,Spontaneous abortion,ICD10CM,O05.2,Other abortion- incomplete- complicated by embolism,"","",possible,P,PrA,O05.2,interruption_pregnancy
SpontaneousAbortion,Spontaneous abortion,ICD10CM,O05.3,Other abortion- incomplete- with other and unspecified complications,"","",possible,P,PrA,O05.3,interruption_pregnancy
SpontaneousAbortion,Spontaneous abortion,ICD10CM,O05.4,Other abortion- incomplete- without complication,"","",possible,P,PrA,O05.4,interruption_pregnancy
SpontaneousAbortion,Spontaneous abortion,ICD10CM,O05.5,Other abortion- complete or unspecified- complicated by genital tract and pelvic infection,"","",possible,P,PrA,O05.5,interruption_pregnancy
SpontaneousAbortion,Spontaneous abortion,ICD10CM,O05.6,Other abortion- complete or unspecified- complicated by delayed or excessive haemorrhage,"","",possible,P,PrA,O05.6,interruption_pregnancy
SpontaneousAbortion,Spontaneous abortion,ICD10CM,O05.7,Other abortion- complete or unspecified- complicated by embolism,"","",possible,P,PrA,O05.7,interruption_pregnancy
SpontaneousAbortion,Spontaneous abortion,ICD10CM,O05.8,Other abortion- complete or unspecified- with other and unspecified complications,"","",possible,P,PrA,O05.8,interruption_pregnancy
SpontaneousAbortion,Spontaneous abortion,ICD10CM,O05.9,Other abortion- complete or unspecified- without complication,"","",possible,P,PrA,O05.9,interruption_pregnancy
SpontaneousAbortion,Spontaneous abortion,ICD10CM,O06,Unspecified abortion,C0156543,Unspecified Abortion,possible,P,PrA,O06,interruption_pregnancy
SpontaneousAbortion,Spontaneous abortion,ICD10CM,O06.0,Unspecified abortion- incomplete- complicated by genital tract and pelvic infection,C0156546,Unspecified abortion- incomplete- complicated by genital tract and pelvic infection,possible,P,PrA,O06.0,interruption_pregnancy
SpontaneousAbortion,Spontaneous abortion,ICD10CM,O06.1,Unspecified abortion- incomplete- complicated by delayed or excessive haemorrhage,"","",possible,P,PrA,O06.1,interruption_pregnancy
SpontaneousAbortion,Spontaneous abortion,ICD10CM,O06.2,Unspecified abortion- incomplete- complicated by embolism,"","",possible,P,PrA,O06.2,interruption_pregnancy
SpontaneousAbortion,Spontaneous abortion,ICD10CM,O06.3,Unspecified abortion- incomplete- with other and unspecified complications,"","",possible,P,PrA,O06.3,interruption_pregnancy
SpontaneousAbortion,Spontaneous abortion,ICD10CM,O06.4,Unspecified abortion- incomplete- without complication,"","",possible,P,PrA,O06.4,interruption_pregnancy
SpontaneousAbortion,Spontaneous abortion,ICD10CM,O06.5,Unspecified abortion- complete or unspecified- complicated by genital tract and pelvic infection,"","",possible,P,PrA,O06.5,interruption_pregnancy
SpontaneousAbortion,Spontaneous abortion,ICD10CM,O06.6,Unspecified abortion- complete or unspecified- complicated by delayed or excessive haemorrhage,"","",possible,P,PrA,O06.6,interruption_pregnancy
SpontaneousAbortion,Spontaneous abortion,ICD10CM,O06.7,Unspecified abortion- complete or unspecified- complicated by embolism,"","",possible,P,PrA,O06.7,interruption_pregnancy
SpontaneousAbortion,Spontaneous abortion,ICD10CM,O06.8,Unspecified abortion- complete or unspecified- with other and unspecified complications,"","",possible,P,PrA,O06.8,interruption_pregnancy
SpontaneousAbortion,Spontaneous abortion,ICD10CM,O06.9,Unspecified abortion- complete or unspecified- without complication,"","",possible,P,PrA,O06.9,interruption_pregnancy
SpontaneousAbortion,Spontaneous abortion,ICD10CM,O08.1,Delayed or excessive haemorrhage following abortion and ectopic and molar pregnancy,C0495168,Delayed or excessive hemorrhage following abortion and ectopic and molar pregnancy,possible,P,PrA,O08.1,interruption_pregnancy
SpontaneousAbortion,Spontaneous abortion,ICD10CM,O08.1,Delayed or excessive hemorrhage following ectopic and molar pregnancy,C0495168,Delayed or excessive hemorrhage following abortion and ectopic and molar pregnancy,possible,P,PrA,O08.1,interruption_pregnancy
SpontaneousAbortion,Spontaneous abortion,ICD9CM,632,Missed abortion,C0000814,Missed abortion,possible,P,PrA,632,interruption_pregnancy
SpontaneousAbortion,Spontaneous abortion,ICD9CM,634,Spontaneous abortion,C0000786,Spontaneous abortion,narrow,P,PrA,634,interruption_pregnancy
SpontaneousAbortion,Spontaneous abortion,ICD9CM,634.0,Spontaneous abortion complicated by genital tract and pelvic infection,C0156424,Spontaneous abortion- complicated by genital tract and pelvic infection- unspecified,narrow,P,PrA,634.0,interruption_pregnancy
SpontaneousAbortion,Spontaneous abortion,ICD9CM,634.00,Spontaneous abortion- complicated by genital tract and pelvic infection- unspecified,C0156424,Spontaneous abortion- complicated by genital tract and pelvic infection- unspecified,narrow,P,PrA,634.00,interruption_pregnancy
SpontaneousAbortion,Spontaneous abortion,ICD9CM,634.01,Spontaneous abortion- complicated by genital tract and pelvic infection- incomplete,C0156425,Spontaneous abortion- incomplete- complicated by genital tract and pelvic infection,narrow,P,PrA,634.01,interruption_pregnancy
SpontaneousAbortion,Spontaneous abortion,ICD9CM,634.02,Spontaneous abortion- complicated by genital tract and pelvic infection- complete,C0156426,Spontaneous abortion- complicated by genital tract and pelvic infection- complete,narrow,P,PrA,634.02,interruption_pregnancy
SpontaneousAbortion,Spontaneous abortion,ICD9CM,634.1,Spontaneous abortion complicated by delayed or excessive hemorrhage,C0156427,Spontaneous abortion complicated by delayed or excessive hemorrhage,narrow,P,PrA,634.1,interruption_pregnancy
SpontaneousAbortion,Spontaneous abortion,ICD9CM,634.10,Spontaneous abortion- complicated by delayed or excessive hemorrhage- unspecified,"","",narrow,P,PrA,634.10,interruption_pregnancy
SpontaneousAbortion,Spontaneous abortion,ICD9CM,634.11,Spontaneous abortion- complicated by delayed or excessive hemorrhage- incomplete,C0156429,Spontaneous abortion- incomplete- complicated by delayed or excessive hemorrhage,narrow,P,PrA,634.11,interruption_pregnancy
SpontaneousAbortion,Spontaneous abortion,ICD9CM,634.12,Spontaneous abortion- complicated by delayed or excessive hemorrhage- complete,C0156430,Spontaneous abortion- complicated by delayed or excessive hemorrhage- complete,narrow,P,PrA,634.12,interruption_pregnancy
SpontaneousAbortion,Spontaneous abortion,ICD9CM,634.2,Spontaneous abortion complicated by damage to pelvic organs or tissues,C0269403,Miscarriage complicated by damage to pelvic organs and-or tissues,narrow,P,PrA,634.2,interruption_pregnancy
SpontaneousAbortion,Spontaneous abortion,ICD9CM,634.20,Spontaneous abortion- complicated by damage to pelvic organs or tissues- unspecified,C0269403,Miscarriage complicated by damage to pelvic organs and-or tissues,narrow,P,PrA,634.20,interruption_pregnancy
SpontaneousAbortion,Spontaneous abortion,ICD9CM,634.21,Spontaneous abortion- complicated by damage to pelvic organs or tissues- incomplete,C0156433,Spontaneous abortion- complicated by damage to pelvic organs or tissues- incomplete,narrow,P,PrA,634.21,interruption_pregnancy
SpontaneousAbortion,Spontaneous abortion,ICD9CM,634.22,Spontaneous abortion- complicated by damage to pelvic organs or tissues- complete,C0156434,Spontaneous abortion- complicated by damage to pelvic organs or tissues- complete,narrow,P,PrA,634.22,interruption_pregnancy
SpontaneousAbortion,Spontaneous abortion,ICD9CM,634.3,Spontaneous abortion complicated by renal failure,C0156435,Miscarriage complicated by renal failure,narrow,P,PrA,634.3,interruption_pregnancy
SpontaneousAbortion,Spontaneous abortion,ICD9CM,634.30,Spontaneous abortion- complicated by renal failure- unspecified,"","",narrow,P,PrA,634.30,interruption_pregnancy
SpontaneousAbortion,Spontaneous abortion,ICD9CM,634.31,Spontaneous abortion- complicated by renal failure- incomplete,C0404922,Incomplete miscarriage with renal failure,narrow,P,PrA,634.31,interruption_pregnancy
SpontaneousAbortion,Spontaneous abortion,ICD9CM,634.32,Spontaneous abortion- complicated by renal failure- complete,C0404905,Complete miscarriage with renal failure,narrow,P,PrA,634.32,interruption_pregnancy
SpontaneousAbortion,Spontaneous abortion,ICD9CM,634.4,Spontaneous abortion complicated by metabolic disorder,C0156439,Miscarriage complicated by metabolic disorder,narrow,P,PrA,634.4,interruption_pregnancy
SpontaneousAbortion,Spontaneous abortion,ICD9CM,634.40,Spontaneous abortion- complicated by metabolic disorder- unspecified,C0156439,Miscarriage complicated by metabolic disorder,narrow,P,PrA,634.40,interruption_pregnancy
SpontaneousAbortion,Spontaneous abortion,ICD9CM,634.41,Spontaneous abortion- complicated by metabolic disorder- incomplete,C0404921,Incomplete miscarriage with metabolic disorder,narrow,P,PrA,634.41,interruption_pregnancy
SpontaneousAbortion,Spontaneous abortion,ICD9CM,634.42,Spontaneous abortion- complicated by metabolic disorder- complete,C0156442,complete spontaneous abortion complicated by metabolic disorder,narrow,P,PrA,634.42,interruption_pregnancy
SpontaneousAbortion,Spontaneous abortion,ICD9CM,634.5,Spontaneous abortion complicated by shock,C0156443,Miscarriage complicated by shock,narrow,P,PrA,634.5,interruption_pregnancy
SpontaneousAbortion,Spontaneous abortion,ICD9CM,634.50,Spontaneous abortion- complicated by shock- unspecified,"","",narrow,P,PrA,634.50,interruption_pregnancy
SpontaneousAbortion,Spontaneous abortion,ICD9CM,634.51,Spontaneous abortion- complicated by shock- incomplete,C0156445,incomplete spontaneous abortion complicated by shock,narrow,P,PrA,634.51,interruption_pregnancy
SpontaneousAbortion,Spontaneous abortion,ICD9CM,634.52,Spontaneous abortion- complicated by shock- complete,C0404903,Complete miscarriage with shock,narrow,P,PrA,634.52,interruption_pregnancy
SpontaneousAbortion,Spontaneous abortion,ICD9CM,634.6,Spontaneous abortion complicated by embolism,C0156447,Miscarriage complicated by embolism,narrow,P,PrA,634.6,interruption_pregnancy
SpontaneousAbortion,Spontaneous abortion,ICD9CM,634.60,Spontaneous abortion- complicated by embolism- unspecified,"","",narrow,P,PrA,634.60,interruption_pregnancy
SpontaneousAbortion,Spontaneous abortion,ICD9CM,634.61,Spontaneous abortion- complicated by embolism- incomplete,C0404919,Incomplete miscarriage with embolism,narrow,P,PrA,634.61,interruption_pregnancy
SpontaneousAbortion,Spontaneous abortion,ICD9CM,634.62,Spontaneous abortion- complicated by embolism- complete,C0404902,Complete miscarriage with embolism,narrow,P,PrA,634.62,interruption_pregnancy
SpontaneousAbortion,Spontaneous abortion,ICD9CM,634.7,Spontaneous abortion with other specified complications,C0156452,Spontaneous abortion- with other specified complications- unspecified,narrow,P,PrA,634.7,interruption_pregnancy
SpontaneousAbortion,Spontaneous abortion,ICD9CM,634.70,Spontaneous abortion- with other specified complications- unspecified,C0156452,Spontaneous abortion- with other specified complications- unspecified,narrow,P,PrA,634.70,interruption_pregnancy
SpontaneousAbortion,Spontaneous abortion,ICD9CM,634.71,Spontaneous abortion- with other specified complications- incomplete,C0156453,Spontaneous abortion- with other specified complications- incomplete,narrow,P,PrA,634.71,interruption_pregnancy
SpontaneousAbortion,Spontaneous abortion,ICD9CM,634.72,Spontaneous abortion- with other specified complications- complete,"","",narrow,P,PrA,634.72,interruption_pregnancy
SpontaneousAbortion,Spontaneous abortion,ICD9CM,634.8,Spontaneous abortion with unspecified complication,C0156456,Miscarriage with complication,narrow,P,PrA,634.8,interruption_pregnancy
SpontaneousAbortion,Spontaneous abortion,ICD9CM,634.80,Spontaneous abortion- with unspecified complication- unspecified,C0156456,Miscarriage with complication,narrow,P,PrA,634.80,interruption_pregnancy
SpontaneousAbortion,Spontaneous abortion,ICD9CM,634.81,Spontaneous abortion- with unspecified complication- incomplete,C0156457,Incomplete miscarriage with complication,narrow,P,PrA,634.81,interruption_pregnancy
SpontaneousAbortion,Spontaneous abortion,ICD9CM,634.82,Spontaneous abortion- with unspecified complication- complete,C0156458,complete spontaneous abortion with complication,narrow,P,PrA,634.82,interruption_pregnancy
SpontaneousAbortion,Spontaneous abortion,ICD9CM,634.9,Spontaneous abortion without mention of complication,C0156459,Spontaneous abortion- without mention of complication- unspecified,narrow,P,PrA,634.9,interruption_pregnancy
SpontaneousAbortion,Spontaneous abortion,ICD9CM,634.90,Spontaneous abortion- without mention of complication- unspecified,C0156459,Spontaneous abortion- without mention of complication- unspecified,narrow,P,PrA,634.90,interruption_pregnancy
SpontaneousAbortion,Spontaneous abortion,ICD9CM,634.91,Spontaneous abortion- without mention of complication- incomplete,C0729205,Spontaneous abortion- incomplete- without complication,narrow,P,PrA,634.91,interruption_pregnancy
SpontaneousAbortion,Spontaneous abortion,ICD9CM,634.92,Spontaneous abortion- without mention of complication- complete,C0156461,Spontaneous abortion- without mention of complication- complete,narrow,P,PrA,634.92,interruption_pregnancy
SpontaneousAbortion,Spontaneous abortion,ICD9CM,637,Unspecified abortion,C0156543,Unspecified Abortion,possible,P,PrA,637,interruption_pregnancy
SpontaneousAbortion,Spontaneous abortion,ICD9CM,637.0,Unspecified abortion complicated by genital tract and pelvic infection,C0156545,Unspecified abortion- complicated by genital tract and pelvic infection- unspecified,possible,P,PrA,637.0,interruption_pregnancy
SpontaneousAbortion,Spontaneous abortion,ICD9CM,637.00,Unspecified abortion- complicated by genital tract and pelvic infection- unspecified,C0156545,Unspecified abortion- complicated by genital tract and pelvic infection- unspecified,possible,P,PrA,637.00,interruption_pregnancy
SpontaneousAbortion,Spontaneous abortion,ICD9CM,637.01,Unspecified abortion- complicated by genital tract and pelvic infection- incomplete,C0156546,Unspecified abortion- incomplete- complicated by genital tract and pelvic infection,possible,P,PrA,637.01,interruption_pregnancy
SpontaneousAbortion,Spontaneous abortion,ICD9CM,637.02,Unspecified abortion- complicated by genital tract and pelvic infection- complete,"","",possible,P,PrA,637.02,interruption_pregnancy
SpontaneousAbortion,Spontaneous abortion,ICD9CM,637.1,Unspecified abortion complicated by delayed or excessive hemorrhage,"","",possible,P,PrA,637.1,interruption_pregnancy
SpontaneousAbortion,Spontaneous abortion,ICD9CM,637.10,Unspecified abortion- complicated by delayed or excessive hemorrhage- unspecified,"","",possible,P,PrA,637.10,interruption_pregnancy
SpontaneousAbortion,Spontaneous abortion,ICD9CM,637.11,Unspecified abortion- complicated by delayed or excessive hemorrhage- incomplete,"","",possible,P,PrA,637.11,interruption_pregnancy
SpontaneousAbortion,Spontaneous abortion,ICD9CM,637.12,Unspecified abortion- complicated by delayed or excessive hemorrhage- complete,"","",possible,P,PrA,637.12,interruption_pregnancy
SpontaneousAbortion,Spontaneous abortion,ICD9CM,637.2,Unspecified abortion complicated by damage to pelvic organs or tissues,"","",possible,P,PrA,637.2,interruption_pregnancy
SpontaneousAbortion,Spontaneous abortion,ICD9CM,637.20,Unspecified abortion- complicated by damage to pelvic organs or tissues- unspecified,"","",possible,P,PrA,637.20,interruption_pregnancy
SpontaneousAbortion,Spontaneous abortion,ICD9CM,637.21,Unspecified abortion- complicated by damage to pelvic organs or tissues- incomplete,"","",possible,P,PrA,637.21,interruption_pregnancy
SpontaneousAbortion,Spontaneous abortion,ICD9CM,637.22,Unspecified abortion- complicated by damage to pelvic organs or tissues- complete,"","",possible,P,PrA,637.22,interruption_pregnancy
SpontaneousAbortion,Spontaneous abortion,ICD9CM,637.3,Unspecified abortion complicated by renal failure,"","",possible,P,PrA,637.3,interruption_pregnancy
SpontaneousAbortion,Spontaneous abortion,ICD9CM,637.30,Unspecified abortion- complicated by renal failure- unspecified,"","",possible,P,PrA,637.30,interruption_pregnancy
SpontaneousAbortion,Spontaneous abortion,ICD9CM,637.31,Unspecified abortion- complicated by renal failure- incomplete,"","",possible,P,PrA,637.31,interruption_pregnancy
SpontaneousAbortion,Spontaneous abortion,ICD9CM,637.32,Unspecified abortion- complicated by renal failure- complete,"","",possible,P,PrA,637.32,interruption_pregnancy
SpontaneousAbortion,Spontaneous abortion,ICD9CM,637.4,Unspecified abortion complicated by metabolic disorder,"","",possible,P,PrA,637.4,interruption_pregnancy
SpontaneousAbortion,Spontaneous abortion,ICD9CM,637.40,Unspecified abortion- complicated by metabolic disorder- unspecified,"","",possible,P,PrA,637.40,interruption_pregnancy
SpontaneousAbortion,Spontaneous abortion,ICD9CM,637.41,Unspecified abortion- complicated by metabolic disorder- incomplete,"","",possible,P,PrA,637.41,interruption_pregnancy
SpontaneousAbortion,Spontaneous abortion,ICD9CM,637.42,Unspecified abortion- complicated by metabolic disorder- complete,"","",possible,P,PrA,637.42,interruption_pregnancy
SpontaneousAbortion,Spontaneous abortion,ICD9CM,637.5,Unspecified abortion complicated by shock,"","",possible,P,PrA,637.5,interruption_pregnancy
SpontaneousAbortion,Spontaneous abortion,ICD9CM,637.50,Unspecified abortion- complicated by shock- unspecified,"","",possible,P,PrA,637.50,interruption_pregnancy
SpontaneousAbortion,Spontaneous abortion,ICD9CM,637.51,Unspecified abortion- complicated by shock- incomplete,"","",possible,P,PrA,637.51,interruption_pregnancy
SpontaneousAbortion,Spontaneous abortion,ICD9CM,637.52,Unspecified abortion- complicated by shock- complete,"","",possible,P,PrA,637.52,interruption_pregnancy
SpontaneousAbortion,Spontaneous abortion,ICD9CM,637.6,Unspecified abortion complicated by embolism,"","",possible,P,PrA,637.6,interruption_pregnancy
SpontaneousAbortion,Spontaneous abortion,ICD9CM,637.60,Unspecified abortion- complicated by embolism- unspecified,"","",possible,P,PrA,637.60,interruption_pregnancy
SpontaneousAbortion,Spontaneous abortion,ICD9CM,637.61,Unspecified abortion- complicated by embolism- incomplete,"","",possible,P,PrA,637.61,interruption_pregnancy
SpontaneousAbortion,Spontaneous abortion,ICD9CM,637.62,Unspecified abortion- complicated by embolism- complete,"","",possible,P,PrA,637.62,interruption_pregnancy
SpontaneousAbortion,Spontaneous abortion,ICD9CM,637.7,Unspecified abortion with other specified complications,"","",possible,P,PrA,637.7,interruption_pregnancy
SpontaneousAbortion,Spontaneous abortion,ICD9CM,637.70,Unspecified abortion- with other specified complications- unspecified,"","",possible,P,PrA,637.70,interruption_pregnancy
SpontaneousAbortion,Spontaneous abortion,ICD9CM,637.71,Unspecified abortion- with other specified complications- incomplete,"","",possible,P,PrA,637.71,interruption_pregnancy
SpontaneousAbortion,Spontaneous abortion,ICD9CM,637.72,Unspecified abortion- with other specified complications- complete,"","",possible,P,PrA,637.72,interruption_pregnancy
SpontaneousAbortion,Spontaneous abortion,ICD9CM,637.8,Unspecified abortion with unspecified complication,"","",possible,P,PrA,637.8,interruption_pregnancy
SpontaneousAbortion,Spontaneous abortion,ICD9CM,637.80,Unspecified abortion- with unspecified complication- unspecified,"","",possible,P,PrA,637.80,interruption_pregnancy
SpontaneousAbortion,Spontaneous abortion,ICD9CM,637.81,Unspecified abortion- with unspecified complication- incomplete,"","",possible,P,PrA,637.81,interruption_pregnancy
SpontaneousAbortion,Spontaneous abortion,ICD9CM,637.82,Unspecified abortion- with unspecified complication- complete,"","",possible,P,PrA,637.82,interruption_pregnancy
SpontaneousAbortion,Spontaneous abortion,ICD9CM,637.9,Unspecified abortion without mention of complication,"","",possible,P,PrA,637.9,interruption_pregnancy
SpontaneousAbortion,Spontaneous abortion,ICD9CM,637.90,Unspecified abortion- without mention of complication- unspecified,"","",possible,P,PrA,637.90,interruption_pregnancy
SpontaneousAbortion,Spontaneous abortion,ICD9CM,637.91,Unspecified abortion- without mention of complication- incomplete,"","",possible,P,PrA,637.91,interruption_pregnancy
SpontaneousAbortion,Spontaneous abortion,ICD9CM,637.92,Unspecified abortion- without mention of complication- complete,"","",possible,P,PrA,637.92,interruption_pregnancy
SpontaneousAbortion,Spontaneous abortion,ICD9CM,639.1,Delayed or excessive hemorrhage following abortion or ectopic and molar pregnancies,C0495168,Delayed or excessive hemorrhage following abortion and ectopic and molar pregnancy,possible,P,PrA,639.1,interruption_pregnancy
SpontaneousAbortion,Spontaneous abortion,ICD9CM,646.3,Recurrent pregnancy loss,"","",possible,P,PrA,646.3,interruption_pregnancy
SpontaneousAbortion,Spontaneous abortion,ICD9CM,646.30,Recurrent pregnancy loss- unspecified as to episode of care or not applicable,"","",possible,P,PrA,646.30,interruption_pregnancy
SpontaneousAbortion,Spontaneous abortion,ICD9CM,646.31,Recurrent pregnancy loss- delivered- with or without mention of antepartum condition,C0156742,Recurrent pregnancy loss- delivered- with or without mention of antepartum condition,possible,P,PrA,646.31,interruption_pregnancy
SpontaneousAbortion,Spontaneous abortion,ICD9CM,646.33,Recurrent pregnancy loss- antepartum condition or complication,C0156743,Recurrent pregnancy loss- antepartum condition or complication,possible,P,PrA,646.33,interruption_pregnancy
SpontaneousAbortion,Spontaneous abortion,ICPC,W82,Abortion spontaneous,C0000786,Spontaneous abortion,narrow,P,PrA,W82,interruption_pregnancy
SpontaneousAbortion,Spontaneous abortion,ICPC2EENG,W82,Abortion spontaneous,C0000786,Spontaneous abortion,narrow,P,PrA,W82,interruption_pregnancy
SpontaneousAbortion,Spontaneous abortion,ICPC2P,W82001,Abortion-spontaneous,C0000786,Spontaneous abortion,narrow,P,PrA,W82001,interruption_pregnancy
SpontaneousAbortion,Spontaneous abortion,ICPC2P,W82002,Abortion,C0156543,Unspecified Abortion,possible,P,PrA,W82002,interruption_pregnancy
SpontaneousAbortion,Spontaneous abortion,ICPC2P,W82004,Miscarriage,C0000786,Spontaneous abortion,narrow,P,PrA,W82004,interruption_pregnancy
SpontaneousAbortion,Spontaneous abortion,ICPC2P,W82007,Missed-abortion,C0000814,Missed abortion,possible,P,PrA,W82007,interruption_pregnancy
SpontaneousAbortion,Spontaneous abortion,ICPC2P,W82008,Abortion-incomplete,C0812470,Incomplete abortion unspecified,possible,P,PrA,W82008,interruption_pregnancy
SpontaneousAbortion,Spontaneous abortion,MTHICD9,637.00,Unspecified type of abortion- unspecified- complicated by genital tract and pelvic infection,C0156545,Unspecified abortion- complicated by genital tract and pelvic infection- unspecified,possible,P,PrA,637.00,interruption_pregnancy
SpontaneousAbortion,Spontaneous abortion,MTHICD9,646.31,Habitual aborter- delivered- with or without mention of antepartum condition,C0156742,Recurrent pregnancy loss- delivered- with or without mention of antepartum condition,possible,P,PrA,646.31,interruption_pregnancy
SpontaneousAbortion,Spontaneous abortion,MTHICD9,646.33,Habitual aborter- antepartum condition or complication,C0156743,Recurrent pregnancy loss- antepartum condition or complication,possible,P,PrA,646.33,interruption_pregnancy
SpontaneousAbortion,Spontaneous abortion,RCD,L0...,Pregnancy with abortive outcome,C0156543,Unspecified Abortion,possible,P,PrA,L0...,interruption_pregnancy
SpontaneousAbortion,Spontaneous abortion,RCD,L04..,Miscarriage,C0000786,Spontaneous abortion,narrow,P,PrA,L04..,interruption_pregnancy
SpontaneousAbortion,Spontaneous abortion,RCD,L040.,Spontaneous abortion unspecif.,C0000786,Spontaneous abortion,narrow,P,PrA,L040.,interruption_pregnancy
SpontaneousAbortion,Spontaneous abortion,RCD,L040w,Sp.abort.unsp.+other complicat,C0156452,Spontaneous abortion- with other specified complications- unspecified,narrow,P,PrA,L040w,interruption_pregnancy
SpontaneousAbortion,Spontaneous abortion,RCD,L040x,Sp.abort.unsp.+complicat. NOS,C0156456,Miscarriage with complication,narrow,P,PrA,L040x,interruption_pregnancy
SpontaneousAbortion,Spontaneous abortion,RCD,L040y,Sp.abort.unsp.+no complication,C0156459,Spontaneous abortion- without mention of complication- unspecified,narrow,P,PrA,L040y,interruption_pregnancy
SpontaneousAbortion,Spontaneous abortion,RCD,L040z,Spontaneous abortion unsp.NOS,C0000786,Spontaneous abortion,narrow,P,PrA,L040z,interruption_pregnancy
SpontaneousAbortion,Spontaneous abortion,RCD,L041.,Incomplete abortion,C0812470,Incomplete abortion unspecified,possible,P,PrA,L041.,interruption_pregnancy
SpontaneousAbortion,Spontaneous abortion,RCD,L041.,Incomplete miscarriage,C0000810,Incomplete spontaneous abortion,narrow,P,PrA,L041.,interruption_pregnancy
SpontaneousAbortion,Spontaneous abortion,RCD,L0413,Incomplete spontaneous abortion with renal failure,C0404922,Incomplete miscarriage with renal failure,narrow,P,PrA,L0413,interruption_pregnancy
SpontaneousAbortion,Spontaneous abortion,RCD,L0414,Incomplete spontaneous abortion with metabolic disorder,C0404921,Incomplete miscarriage with metabolic disorder,narrow,P,PrA,L0414,interruption_pregnancy
SpontaneousAbortion,Spontaneous abortion,RCD,L0416,Incomplete spontaneous abortion with embolism,C0404919,Incomplete miscarriage with embolism,narrow,P,PrA,L0416,interruption_pregnancy
SpontaneousAbortion,Spontaneous abortion,RCD,L041w,Incomplete spontaneous abortion with other specified complication,C0156453,Spontaneous abortion- with other specified complications- incomplete,narrow,P,PrA,L041w,interruption_pregnancy
SpontaneousAbortion,Spontaneous abortion,RCD,L041x,Incomplete spontaneous abortion with complication NOS,C0156457,Incomplete miscarriage with complication,narrow,P,PrA,L041x,interruption_pregnancy
SpontaneousAbortion,Spontaneous abortion,RCD,L041y,Incomplete spontaneous abortion with no mention of complication,C0729205,Spontaneous abortion- incomplete- without complication,narrow,P,PrA,L041y,interruption_pregnancy
SpontaneousAbortion,Spontaneous abortion,RCD,L0423,Complete spontaneous abortion with renal failure,C0404905,Complete miscarriage with renal failure,narrow,P,PrA,L0423,interruption_pregnancy
SpontaneousAbortion,Spontaneous abortion,RCD,L0425,Complete spontaneous abortion with shock,C0404903,Complete miscarriage with shock,narrow,P,PrA,L0425,interruption_pregnancy
SpontaneousAbortion,Spontaneous abortion,RCD,L0426,Complete spontaneous abortion with embolism,C0404902,Complete miscarriage with embolism,narrow,P,PrA,L0426,interruption_pregnancy
SpontaneousAbortion,Spontaneous abortion,RCD,L042x,Complete spontaneous abortion with complication NOS,C0156458,complete spontaneous abortion with complication,narrow,P,PrA,L042x,interruption_pregnancy
SpontaneousAbortion,Spontaneous abortion,RCD,L04z.,Spontaneous abortion NOS,C0000786,Spontaneous abortion,narrow,P,PrA,L04z.,interruption_pregnancy
SpontaneousAbortion,Spontaneous abortion,RCD,L07..,Unspecified abortion,C0156543,Unspecified Abortion,possible,P,PrA,L07..,interruption_pregnancy
SpontaneousAbortion,Spontaneous abortion,RCD,L070z,Unspecified abortion NOS,C0156543,Unspecified Abortion,possible,P,PrA,L070z,interruption_pregnancy
SpontaneousAbortion,Spontaneous abortion,RCD,L071.,Unspecif. abortion incomplete,C0812470,Incomplete abortion unspecified,possible,P,PrA,L071.,interruption_pregnancy
SpontaneousAbortion,Spontaneous abortion,RCD,L071z,Unspecified incomplete abortion NOS,C0812470,Incomplete abortion unspecified,possible,P,PrA,L071z,interruption_pregnancy
SpontaneousAbortion,Spontaneous abortion,RCD,L0z..,Pregnancy+abortive outcome NOS,C0156543,Unspecified Abortion,possible,P,PrA,L0z..,interruption_pregnancy
SpontaneousAbortion,Spontaneous abortion,RCD,Lyu02,[X]Other abortion,C0477801,Other abortion,possible,P,PrA,Lyu02,interruption_pregnancy
SpontaneousAbortion,Spontaneous abortion,RCD,X40As,Non-viable pregnancy,C0404844,Non-viable pregnancy,narrow,P,PrA,X40As,interruption_pregnancy
SpontaneousAbortion,Spontaneous abortion,RCD,X40Aw,Vanishing twin syndrome,C0404852,Vanishing twin syndrome,narrow,P,PrA,X40Aw,interruption_pregnancy
SpontaneousAbortion,Spontaneous abortion,RCD,XE0ve,Missed abortion,C0000814,Missed abortion,possible,P,PrA,XE0ve,interruption_pregnancy
SpontaneousAbortion,Spontaneous abortion,RCD,XE0vh,Incomplete spontaneous abortion NOS,C0000810,Incomplete spontaneous abortion,narrow,P,PrA,XE0vh,interruption_pregnancy
SpontaneousAbortion,Spontaneous abortion,RCD,XE0xe,Abortion NOS,C0156543,Unspecified Abortion,possible,P,PrA,XE0xe,interruption_pregnancy
SpontaneousAbortion,Spontaneous abortion,RCD,XM1PB,Retained products after spontaneous abortion,C0000810,Incomplete spontaneous abortion,narrow,P,PrA,XM1PB,interruption_pregnancy
SpontaneousAbortion,Spontaneous abortion,RCD,XaBDd,Inevitable abortion complete,C0585601,Inevitable miscarriage complete,narrow,P,PrA,XaBDd,interruption_pregnancy
SpontaneousAbortion,Spontaneous abortion,RCD2,L041.,Spontaneous abortion incompl.,C0812470,Incomplete abortion unspecified,possible,P,PrA,L041.,interruption_pregnancy
SpontaneousAbortion,Spontaneous abortion,RCD2,L042.,Spontaneous abortion complete,C1306041,Complete miscarriage,narrow,P,PrA,L042.,interruption_pregnancy
SpontaneousAbortion,Spontaneous abortion,RCD2,L042z,Spontaneous abort.complete NOS,C1306041,Complete miscarriage,narrow,P,PrA,L042z,interruption_pregnancy
SpontaneousAbortion,Spontaneous abortion,RCD2,L071.,Unspecif. abortion incomplete,C0812470,Incomplete abortion unspecified,possible,P,PrA,L071.,interruption_pregnancy
SpontaneousAbortion,Spontaneous abortion,RCD2,L071z,Unspec.incomplete abortion NOS,C0812470,Incomplete abortion unspecified,possible,P,PrA,L071z,interruption_pregnancy
SpontaneousAbortion,Spontaneous abortion,RCD2,Lyu02,[X]Other abortion,C0477801,Other abortion,possible,P,PrA,Lyu02,interruption_pregnancy
SpontaneousAbortion,Spontaneous abortion,SCTSPA,10697004,aborto espontáneo complicado por insuficiencia renal,C0156435,Miscarriage complicated by renal failure,narrow,P,PrA,10697004,interruption_pregnancy
SpontaneousAbortion,Spontaneous abortion,SCTSPA,109894007,Retained placenta,"","",possible,P,PrA,109894007,interruption_pregnancy
SpontaneousAbortion,Spontaneous abortion,SCTSPA,109895008,Retained placental fragment,"","",possible,P,PrA,109895008,interruption_pregnancy
SpontaneousAbortion,Spontaneous abortion,SCTSPA,111453004,Retained placenta- without hemorrhage,"","",possible,P,PrA,111453004,interruption_pregnancy
SpontaneousAbortion,Spontaneous abortion,SCTSPA,1148484005,Retained uterine membrane,"","",possible,P,PrA,1148484005,interruption_pregnancy
SpontaneousAbortion,Spontaneous abortion,SCTSPA,1148619000,Retained uterine membrane without hemorrhage,"","",possible,P,PrA,1148619000,interruption_pregnancy
SpontaneousAbortion,Spontaneous abortion,SCTSPA,1148755000,Retained products of conception with no hemorrhage,"","",possible,P,PrA,1148755000,interruption_pregnancy
SpontaneousAbortion,Spontaneous abortion,SCTSPA,1148941002,Retention of part of placenta and uterine membrane without hemorrhage,"","",possible,P,PrA,1148941002,interruption_pregnancy
SpontaneousAbortion,Spontaneous abortion,SCTSPA,1148942009,Retention of part of placenta without hemorrhage,"","",possible,P,PrA,1148942009,interruption_pregnancy
SpontaneousAbortion,Spontaneous abortion,SCTSPA,1148943004,Retention of placenta and uterine membrane,"","",possible,P,PrA,1148943004,interruption_pregnancy
SpontaneousAbortion,Spontaneous abortion,SCTSPA,13384007,aborto espontáneo complicado por trastorno metabólico,C0156439,Miscarriage complicated by metabolic disorder,narrow,P,PrA,13384007,interruption_pregnancy
SpontaneousAbortion,Spontaneous abortion,SCTSPA,156072005,aborto espontáneo incompleto,C0000810,Incomplete spontaneous abortion,narrow,P,PrA,156072005,interruption_pregnancy
SpontaneousAbortion,Spontaneous abortion,SCTSPA,156072005,aborto incompleto,C0812470,Incomplete abortion unspecified,possible,P,PrA,156072005,interruption_pregnancy
SpontaneousAbortion,Spontaneous abortion,SCTSPA,156073000,aborto espontáneo completo,C1306041,Complete miscarriage,narrow,P,PrA,156073000,interruption_pregnancy
SpontaneousAbortion,Spontaneous abortion,SCTSPA,156073000,aborto espontáneo completo (trastorno),"","",narrow,P,PrA,156073000,interruption_pregnancy
SpontaneousAbortion,Spontaneous abortion,SCTSPA,156074006,aborto espontáneo- SAI,C0000786,Spontaneous abortion,narrow,P,PrA,156074006,interruption_pregnancy
SpontaneousAbortion,Spontaneous abortion,SCTSPA,156079001,Abortion NOS,C0156543,Unspecified Abortion,possible,P,PrA,156079001,interruption_pregnancy
SpontaneousAbortion,Spontaneous abortion,SCTSPA,156096000,embarazo y aborto- SAI,C0156543,Unspecified Abortion,possible,P,PrA,156096000,interruption_pregnancy
SpontaneousAbortion,Spontaneous abortion,SCTSPA,16607004,Missed miscarriage,"","",narrow,P,PrA,16607004,interruption_pregnancy
SpontaneousAbortion,Spontaneous abortion,SCTSPA,16607004,aborto inadvertido,C0000814,Missed abortion,possible,P,PrA,16607004,interruption_pregnancy
SpontaneousAbortion,Spontaneous abortion,SCTSPA,16863000,aborto espontáneo incompleto,C0812470,Incomplete abortion unspecified,possible,P,PrA,16863000,interruption_pregnancy
SpontaneousAbortion,Spontaneous abortion,SCTSPA,16863000,aborto retenido,C0000810,Incomplete spontaneous abortion,narrow,P,PrA,16863000,interruption_pregnancy
SpontaneousAbortion,Spontaneous abortion,SCTSPA,17369002,aborto espontáneo,C0000786,Spontaneous abortion,narrow,P,PrA,17369002,interruption_pregnancy
SpontaneousAbortion,Spontaneous abortion,SCTSPA,19169002,aborto espontáneo en el primer trimestre,C0269388,Miscarriage in first trimester,narrow,P,PrA,19169002,interruption_pregnancy
SpontaneousAbortion,Spontaneous abortion,SCTSPA,19169002,aborto espontáneo en el primer trimestre (trastorno),"","",narrow,P,PrA,19169002,interruption_pregnancy
SpontaneousAbortion,Spontaneous abortion,SCTSPA,198631006,aborto espontáneo- no especificado,C0000786,Spontaneous abortion,narrow,P,PrA,198631006,interruption_pregnancy
SpontaneousAbortion,Spontaneous abortion,SCTSPA,198640005,aborto espontáneo no especificado con otra complicación especificada,C0156452,Spontaneous abortion- with other specified complications- unspecified,narrow,P,PrA,198640005,interruption_pregnancy
SpontaneousAbortion,Spontaneous abortion,SCTSPA,198641009,aborto espontáneo no especificado con complicación- SAI,C0156456,Miscarriage with complication,narrow,P,PrA,198641009,interruption_pregnancy
SpontaneousAbortion,Spontaneous abortion,SCTSPA,198642002,aborto espontáneo no especificado sin mención de complicación,C0156459,Spontaneous abortion- without mention of complication- unspecified,narrow,P,PrA,198642002,interruption_pregnancy
SpontaneousAbortion,Spontaneous abortion,SCTSPA,198643007,aborto espontáneo no especificado- SAI,C0000786,Spontaneous abortion,narrow,P,PrA,198643007,interruption_pregnancy
SpontaneousAbortion,Spontaneous abortion,SCTSPA,198647008,aborto espontáneo incompleto con insuficiencia renal,C0404922,Incomplete miscarriage with renal failure,narrow,P,PrA,198647008,interruption_pregnancy
SpontaneousAbortion,Spontaneous abortion,SCTSPA,198648003,aborto espontáneo incompleto con trastorno metabólico,C0404921,Incomplete miscarriage with metabolic disorder,narrow,P,PrA,198648003,interruption_pregnancy
SpontaneousAbortion,Spontaneous abortion,SCTSPA,198650006,aborto espontáneo incompleto con embolia,C0404919,Incomplete miscarriage with embolism,narrow,P,PrA,198650006,interruption_pregnancy
SpontaneousAbortion,Spontaneous abortion,SCTSPA,198651005,aborto espontáneo incompleto con otra complicación especificada,C0156453,Spontaneous abortion- with other specified complications- incomplete,narrow,P,PrA,198651005,interruption_pregnancy
SpontaneousAbortion,Spontaneous abortion,SCTSPA,198652003,aborto espontáneo incompleto con complicación- SAI,C0156457,Incomplete miscarriage with complication,narrow,P,PrA,198652003,interruption_pregnancy
SpontaneousAbortion,Spontaneous abortion,SCTSPA,198653008,aborto espontáneo incompleto sin mención de complicación,C0729205,Spontaneous abortion- incomplete- without complication,narrow,P,PrA,198653008,interruption_pregnancy
SpontaneousAbortion,Spontaneous abortion,SCTSPA,198655001,Complete miscarriage with genital tract or pelvic infection,"","",narrow,P,PrA,198655001,interruption_pregnancy
SpontaneousAbortion,Spontaneous abortion,SCTSPA,198656000,Complete miscarriage with delayed or excessive hemorrhage,"","",narrow,P,PrA,198656000,interruption_pregnancy
SpontaneousAbortion,Spontaneous abortion,SCTSPA,198657009,Complete miscarriage with damage to pelvic organs or tissues,"","",narrow,P,PrA,198657009,interruption_pregnancy
SpontaneousAbortion,Spontaneous abortion,SCTSPA,198659007,Complete miscarriage with renal failure,"","",narrow,P,PrA,198659007,interruption_pregnancy
SpontaneousAbortion,Spontaneous abortion,SCTSPA,198659007,aborto espontáneo completo con insuficiencia renal,C0404905,Complete miscarriage with renal failure,narrow,P,PrA,198659007,interruption_pregnancy
SpontaneousAbortion,Spontaneous abortion,SCTSPA,198660002,Complete miscarriage with metabolic disorder,"","",narrow,P,PrA,198660002,interruption_pregnancy
SpontaneousAbortion,Spontaneous abortion,SCTSPA,198661003,Complete miscarriage with shock,"","",narrow,P,PrA,198661003,interruption_pregnancy
SpontaneousAbortion,Spontaneous abortion,SCTSPA,198661003,aborto espontáneo completo con choque,C0404903,Complete miscarriage with shock,narrow,P,PrA,198661003,interruption_pregnancy
SpontaneousAbortion,Spontaneous abortion,SCTSPA,198663000,Complete miscarriage with embolism,"","",narrow,P,PrA,198663000,interruption_pregnancy
SpontaneousAbortion,Spontaneous abortion,SCTSPA,198663000,aborto espontáneo completo con embolia,C0404902,Complete miscarriage with embolism,narrow,P,PrA,198663000,interruption_pregnancy
SpontaneousAbortion,Spontaneous abortion,SCTSPA,198665007,aborto espontáneo completo con complicación- SAI,C0156458,complete spontaneous abortion with complication,narrow,P,PrA,198665007,interruption_pregnancy
SpontaneousAbortion,Spontaneous abortion,SCTSPA,198667004,aborto espontáneo completo- SAI,C1306041,Complete miscarriage,narrow,P,PrA,198667004,interruption_pregnancy
SpontaneousAbortion,Spontaneous abortion,SCTSPA,198689000,aborto espontáneo- SAI,C0000786,Spontaneous abortion,narrow,P,PrA,198689000,interruption_pregnancy
SpontaneousAbortion,Spontaneous abortion,SCTSPA,198768001,aborto no especificado,C0156543,Unspecified Abortion,possible,P,PrA,198768001,interruption_pregnancy
SpontaneousAbortion,Spontaneous abortion,SCTSPA,198769009,aborto no especificado,C0156543,Unspecified Abortion,possible,P,PrA,198769009,interruption_pregnancy
SpontaneousAbortion,Spontaneous abortion,SCTSPA,198780009,aborto no especificado- SAI,C0156543,Unspecified Abortion,possible,P,PrA,198780009,interruption_pregnancy
SpontaneousAbortion,Spontaneous abortion,SCTSPA,198781008,aborto incompleto no especificado,C0812470,Incomplete abortion unspecified,possible,P,PrA,198781008,interruption_pregnancy
SpontaneousAbortion,Spontaneous abortion,SCTSPA,198792009,aborto incompleto no especificado- SAI,C0812470,Incomplete abortion unspecified,possible,P,PrA,198792009,interruption_pregnancy
SpontaneousAbortion,Spontaneous abortion,SCTSPA,198805006,aborto no especificado- SAI,C0156543,Unspecified Abortion,possible,P,PrA,198805006,interruption_pregnancy
SpontaneousAbortion,Spontaneous abortion,SCTSPA,198880003,embarazo y aborto- SAI,C0156543,Unspecified Abortion,possible,P,PrA,198880003,interruption_pregnancy
SpontaneousAbortion,Spontaneous abortion,SCTSPA,200483009,[X]otro aborto provocado,C0477801,Other abortion,possible,P,PrA,200483009,interruption_pregnancy
SpontaneousAbortion,Spontaneous abortion,SCTSPA,21737000,Retained fetal tissue,"","",narrow,P,PrA,21737000,interruption_pregnancy
SpontaneousAbortion,Spontaneous abortion,SCTSPA,237242009,embarazo no viable,C0404844,Non-viable pregnancy,narrow,P,PrA,237242009,interruption_pregnancy
SpontaneousAbortion,Spontaneous abortion,SCTSPA,237245006,síndrome del gemelo evanescente,C0404852,Vanishing twin syndrome,narrow,P,PrA,237245006,interruption_pregnancy
SpontaneousAbortion,Spontaneous abortion,SCTSPA,23793007,aborto espontáneo sin complicación,C0269391,Miscarriage without complication,narrow,P,PrA,23793007,interruption_pregnancy
SpontaneousAbortion,Spontaneous abortion,SCTSPA,23793007,aborto espontáneo sin complicación (trastorno),"","",narrow,P,PrA,23793007,interruption_pregnancy
SpontaneousAbortion,Spontaneous abortion,SCTSPA,267191002,aborto espontáneo incompleto- SAI,C0000810,Incomplete spontaneous abortion,narrow,P,PrA,267191002,interruption_pregnancy
SpontaneousAbortion,Spontaneous abortion,SCTSPA,267297005,aborto- SAI,C0156543,Unspecified Abortion,possible,P,PrA,267297005,interruption_pregnancy
SpontaneousAbortion,Spontaneous abortion,SCTSPA,275425008,Retained products after miscarriage,"","",narrow,P,PrA,275425008,interruption_pregnancy
SpontaneousAbortion,Spontaneous abortion,SCTSPA,275425008,productos retenidos después de aborto espontáneo,C0000810,Incomplete spontaneous abortion,narrow,P,PrA,275425008,interruption_pregnancy
SpontaneousAbortion,Spontaneous abortion,SCTSPA,2781009,aborto espontáneo complicado por hemorragia tardía o excesiva,C0156427,Spontaneous abortion complicated by delayed or excessive hemorrhage,narrow,P,PrA,2781009,interruption_pregnancy
SpontaneousAbortion,Spontaneous abortion,SCTSPA,28379004,dilatación y raspado del útero luego de un aborto (procedimiento),"","",narrow,P,PrA,28379004,interruption_pregnancy
SpontaneousAbortion,Spontaneous abortion,SCTSPA,29171003,Trapped placenta,"","",possible,P,PrA,29171003,interruption_pregnancy
SpontaneousAbortion,Spontaneous abortion,SCTSPA,307733001,aborto completo inevitable,C0585601,Inevitable miscarriage complete,narrow,P,PrA,307733001,interruption_pregnancy
SpontaneousAbortion,Spontaneous abortion,SCTSPA,34270000,aborto espontáneo complicado por choque,C0156443,Miscarriage complicated by shock,narrow,P,PrA,34270000,interruption_pregnancy
SpontaneousAbortion,Spontaneous abortion,SCTSPA,34614007,aborto espontáneo con complicación,C0156456,Miscarriage with complication,narrow,P,PrA,34614007,interruption_pregnancy
SpontaneousAbortion,Spontaneous abortion,SCTSPA,363681007,embarazo con aborto como desenlace,C0156543,Unspecified Abortion,possible,P,PrA,363681007,interruption_pregnancy
SpontaneousAbortion,Spontaneous abortion,SCTSPA,371374003,productos de la concepción retenidos,C0033270,Retained products of conception,possible,P,PrA,371374003,interruption_pregnancy
SpontaneousAbortion,Spontaneous abortion,SCTSPA,371374003,productos de la concepción retenidos (trastorno),"","",possible,P,PrA,371374003,interruption_pregnancy
SpontaneousAbortion,Spontaneous abortion,SCTSPA,371375002,secundinas retenidas,C0033270,Retained products of conception,possible,P,PrA,371375002,interruption_pregnancy
SpontaneousAbortion,Spontaneous abortion,SCTSPA,413338003,aborto espontáneo incompleto con complicación,C0156457,Incomplete miscarriage with complication,narrow,P,PrA,413338003,interruption_pregnancy
SpontaneousAbortion,Spontaneous abortion,SCTSPA,43306002,aborto espontáneo complicado por embolia,C0156447,Miscarriage complicated by embolism,narrow,P,PrA,43306002,interruption_pregnancy
SpontaneousAbortion,Spontaneous abortion,SCTSPA,44216000,Retained products of conception- following delivery with hemorrhage,"","",possible,P,PrA,44216000,interruption_pregnancy
SpontaneousAbortion,Spontaneous abortion,SCTSPA,58990004,aborto espontáneo complicado por lesión de órganos Y-O tejidos pélvicos,C0269403,Miscarriage complicated by damage to pelvic organs and-or tissues,narrow,P,PrA,58990004,interruption_pregnancy
SpontaneousAbortion,Spontaneous abortion,SCTSPA,6176008,aborto micótico,C0276649,Mycotic abortion,narrow,P,PrA,6176008,interruption_pregnancy
SpontaneousAbortion,Spontaneous abortion,SCTSPA,69124005,aborto consumado (trastorno),C1306041,Complete miscarriage,narrow,P,PrA,69124005,interruption_pregnancy
SpontaneousAbortion,Spontaneous abortion,SCTSPA,699949009,Retained placenta due to morbidly adherent placenta,"","",possible,P,PrA,699949009,interruption_pregnancy
SpontaneousAbortion,Spontaneous abortion,SCTSPA,70317007,aborto,C0156543,Unspecified Abortion,possible,P,PrA,70317007,interruption_pregnancy
SpontaneousAbortion,Spontaneous abortion,SCTSPA,8095007,legrado uterino por aspiración consecutivo a aborto (procedimiento),"","",narrow,P,PrA,8095007,interruption_pregnancy
SpontaneousAbortion,Spontaneous abortion,SCTSPA,81002003,productos de la concepción retenidos,C0033270,Retained products of conception,possible,P,PrA,81002003,interruption_pregnancy
SpontaneousAbortion,Spontaneous abortion,SCTSPA,85116003,aborto espontáneo en el segundo trimestre,C0269389,Miscarriage in second trimester,narrow,P,PrA,85116003,interruption_pregnancy
SpontaneousAbortion,Spontaneous abortion,SCTSPA,85116003,aborto espontáneo en el segundo trimestre (trastorno),"","",narrow,P,PrA,85116003,interruption_pregnancy
SpontaneousAbortion,Spontaneous abortion,SNOMEDCT_US,10697004,Miscarriage complicated by renal failure,C0156435,Miscarriage complicated by renal failure,narrow,P,PrA,10697004,interruption_pregnancy
SpontaneousAbortion,Spontaneous abortion,SNOMEDCT_US,109894007,Retained placenta,"","",possible,P,PrA,109894007,interruption_pregnancy
SpontaneousAbortion,Spontaneous abortion,SNOMEDCT_US,109895008,Retained placental fragment,"","",possible,P,PrA,109895008,interruption_pregnancy
SpontaneousAbortion,Spontaneous abortion,SNOMEDCT_US,111453004,Retained placenta- without hemorrhage,"","",possible,P,PrA,111453004,interruption_pregnancy
SpontaneousAbortion,Spontaneous abortion,SNOMEDCT_US,1148484005,Retained uterine membrane,"","",possible,P,PrA,1148484005,interruption_pregnancy
SpontaneousAbortion,Spontaneous abortion,SNOMEDCT_US,1148619000,Retained uterine membrane without hemorrhage,"","",possible,P,PrA,1148619000,interruption_pregnancy
SpontaneousAbortion,Spontaneous abortion,SNOMEDCT_US,1148755000,Retained products of conception with no hemorrhage,"","",possible,P,PrA,1148755000,interruption_pregnancy
SpontaneousAbortion,Spontaneous abortion,SNOMEDCT_US,1148941002,Retention of part of placenta and uterine membrane without hemorrhage,"","",possible,P,PrA,1148941002,interruption_pregnancy
SpontaneousAbortion,Spontaneous abortion,SNOMEDCT_US,1148942009,Retention of part of placenta without hemorrhage,"","",possible,P,PrA,1148942009,interruption_pregnancy
SpontaneousAbortion,Spontaneous abortion,SNOMEDCT_US,1148943004,Retention of placenta and uterine membrane,"","",possible,P,PrA,1148943004,interruption_pregnancy
SpontaneousAbortion,Spontaneous abortion,SNOMEDCT_US,13384007,Miscarriage complicated by metabolic disorder,C0156439,Miscarriage complicated by metabolic disorder,narrow,P,PrA,13384007,interruption_pregnancy
SpontaneousAbortion,Spontaneous abortion,SNOMEDCT_US,156070002,Pregnancy with abortive outcome,C0156543,Unspecified Abortion,possible,P,PrA,156070002,interruption_pregnancy
SpontaneousAbortion,Spontaneous abortion,SNOMEDCT_US,156071003,Abortion - spontaneous,C0000786,Spontaneous abortion,narrow,P,PrA,156071003,interruption_pregnancy
SpontaneousAbortion,Spontaneous abortion,SNOMEDCT_US,156071003,Incomplete abortion,C0812470,Incomplete abortion unspecified,possible,P,PrA,156071003,interruption_pregnancy
SpontaneousAbortion,Spontaneous abortion,SNOMEDCT_US,156072005,Incomplete miscarriage,C0000810,Incomplete spontaneous abortion,narrow,P,PrA,156072005,interruption_pregnancy
SpontaneousAbortion,Spontaneous abortion,SNOMEDCT_US,156072005,Incomplete miscarriage,C0812470,Incomplete abortion unspecified,possible,P,PrA,156072005,interruption_pregnancy
SpontaneousAbortion,Spontaneous abortion,SNOMEDCT_US,156073000,Complete miscarriage,C1306041,Complete miscarriage,narrow,P,PrA,156073000,interruption_pregnancy
SpontaneousAbortion,Spontaneous abortion,SNOMEDCT_US,156074006,Spontaneous abortion NOS,C0000786,Spontaneous abortion,narrow,P,PrA,156074006,interruption_pregnancy
SpontaneousAbortion,Spontaneous abortion,SNOMEDCT_US,156079001,Abortion NOS,C0156543,Unspecified Abortion,possible,P,PrA,156079001,interruption_pregnancy
SpontaneousAbortion,Spontaneous abortion,SNOMEDCT_US,156087000,Missed abortion,C0000814,Missed abortion,possible,P,PrA,156087000,interruption_pregnancy
SpontaneousAbortion,Spontaneous abortion,SNOMEDCT_US,156096000,Pregnancy with abortive outcome NOS,C0156543,Unspecified Abortion,possible,P,PrA,156096000,interruption_pregnancy
SpontaneousAbortion,Spontaneous abortion,SNOMEDCT_US,16607004,Missed miscarriage,"","",narrow,P,PrA,16607004,interruption_pregnancy
SpontaneousAbortion,Spontaneous abortion,SNOMEDCT_US,16607004,Missed miscarriage,C0000814,Missed abortion,possible,P,PrA,16607004,interruption_pregnancy
SpontaneousAbortion,Spontaneous abortion,SNOMEDCT_US,16863000,Incomplete abortion,C0812470,Incomplete abortion unspecified,possible,P,PrA,16863000,interruption_pregnancy
SpontaneousAbortion,Spontaneous abortion,SNOMEDCT_US,16863000,Incomplete miscarriage,C0000810,Incomplete spontaneous abortion,narrow,P,PrA,16863000,interruption_pregnancy
SpontaneousAbortion,Spontaneous abortion,SNOMEDCT_US,17369002,Miscarriage,C0000786,Spontaneous abortion,narrow,P,PrA,17369002,interruption_pregnancy
SpontaneousAbortion,Spontaneous abortion,SNOMEDCT_US,19169002,Miscarriage in first trimester,C0269388,Miscarriage in first trimester,narrow,P,PrA,19169002,interruption_pregnancy
SpontaneousAbortion,Spontaneous abortion,SNOMEDCT_US,198616002,Missed abortion,C0000814,Missed abortion,possible,P,PrA,198616002,interruption_pregnancy
SpontaneousAbortion,Spontaneous abortion,SNOMEDCT_US,198631006,Spontaneous abortion unspecified,C0000786,Spontaneous abortion,narrow,P,PrA,198631006,interruption_pregnancy
SpontaneousAbortion,Spontaneous abortion,SNOMEDCT_US,198640005,Unspecified spontaneous abortion with other specified complication,C0156452,Spontaneous abortion- with other specified complications- unspecified,narrow,P,PrA,198640005,interruption_pregnancy
SpontaneousAbortion,Spontaneous abortion,SNOMEDCT_US,198641009,Unspecified spontaneous abortion with complication NOS,C0156456,Miscarriage with complication,narrow,P,PrA,198641009,interruption_pregnancy
SpontaneousAbortion,Spontaneous abortion,SNOMEDCT_US,198642002,Unspecified spontaneous abortion without mention of complication,C0156459,Spontaneous abortion- without mention of complication- unspecified,narrow,P,PrA,198642002,interruption_pregnancy
SpontaneousAbortion,Spontaneous abortion,SNOMEDCT_US,198643007,Unspecified spontaneous abortion NOS,C0000786,Spontaneous abortion,narrow,P,PrA,198643007,interruption_pregnancy
SpontaneousAbortion,Spontaneous abortion,SNOMEDCT_US,198647008,Incomplete miscarriage with renal failure,C0404922,Incomplete miscarriage with renal failure,narrow,P,PrA,198647008,interruption_pregnancy
SpontaneousAbortion,Spontaneous abortion,SNOMEDCT_US,198648003,Incomplete miscarriage with metabolic disorder,C0404921,Incomplete miscarriage with metabolic disorder,narrow,P,PrA,198648003,interruption_pregnancy
SpontaneousAbortion,Spontaneous abortion,SNOMEDCT_US,198650006,Incomplete miscarriage with embolism,C0404919,Incomplete miscarriage with embolism,narrow,P,PrA,198650006,interruption_pregnancy
SpontaneousAbortion,Spontaneous abortion,SNOMEDCT_US,198651005,Incomplete spontaneous abortion with other specified complication,C0156453,Spontaneous abortion- with other specified complications- incomplete,narrow,P,PrA,198651005,interruption_pregnancy
SpontaneousAbortion,Spontaneous abortion,SNOMEDCT_US,198652003,Incomplete spontaneous abortion with complication NOS,C0156457,Incomplete miscarriage with complication,narrow,P,PrA,198652003,interruption_pregnancy
SpontaneousAbortion,Spontaneous abortion,SNOMEDCT_US,198653008,Incomplete spontaneous abortion with no mention of complication,C0729205,Spontaneous abortion- incomplete- without complication,narrow,P,PrA,198653008,interruption_pregnancy
SpontaneousAbortion,Spontaneous abortion,SNOMEDCT_US,198654002,Incomplete spontaneous abortion NOS,C0000810,Incomplete spontaneous abortion,narrow,P,PrA,198654002,interruption_pregnancy
SpontaneousAbortion,Spontaneous abortion,SNOMEDCT_US,198655001,Complete miscarriage with genital tract or pelvic infection,"","",narrow,P,PrA,198655001,interruption_pregnancy
SpontaneousAbortion,Spontaneous abortion,SNOMEDCT_US,198656000,Complete miscarriage with delayed or excessive hemorrhage,"","",narrow,P,PrA,198656000,interruption_pregnancy
SpontaneousAbortion,Spontaneous abortion,SNOMEDCT_US,198657009,Complete miscarriage with damage to pelvic organs or tissues,"","",narrow,P,PrA,198657009,interruption_pregnancy
SpontaneousAbortion,Spontaneous abortion,SNOMEDCT_US,198659007,Complete miscarriage with renal failure,"","",narrow,P,PrA,198659007,interruption_pregnancy
SpontaneousAbortion,Spontaneous abortion,SNOMEDCT_US,198659007,Complete miscarriage with renal failure,C0404905,Complete miscarriage with renal failure,narrow,P,PrA,198659007,interruption_pregnancy
SpontaneousAbortion,Spontaneous abortion,SNOMEDCT_US,198660002,Complete miscarriage with metabolic disorder,"","",narrow,P,PrA,198660002,interruption_pregnancy
SpontaneousAbortion,Spontaneous abortion,SNOMEDCT_US,198661003,Complete miscarriage with shock,"","",narrow,P,PrA,198661003,interruption_pregnancy
SpontaneousAbortion,Spontaneous abortion,SNOMEDCT_US,198661003,Complete miscarriage with shock,C0404903,Complete miscarriage with shock,narrow,P,PrA,198661003,interruption_pregnancy
SpontaneousAbortion,Spontaneous abortion,SNOMEDCT_US,198663000,Complete miscarriage with embolism,"","",narrow,P,PrA,198663000,interruption_pregnancy
SpontaneousAbortion,Spontaneous abortion,SNOMEDCT_US,198663000,Complete miscarriage with embolism,C0404902,Complete miscarriage with embolism,narrow,P,PrA,198663000,interruption_pregnancy
SpontaneousAbortion,Spontaneous abortion,SNOMEDCT_US,198665007,Complete spontaneous abortion with complication NOS,C0156458,complete spontaneous abortion with complication,narrow,P,PrA,198665007,interruption_pregnancy
SpontaneousAbortion,Spontaneous abortion,SNOMEDCT_US,198667004,Complete spontaneous abortion NOS,C1306041,Complete miscarriage,narrow,P,PrA,198667004,interruption_pregnancy
SpontaneousAbortion,Spontaneous abortion,SNOMEDCT_US,198682009,Inevitable abortion complete,C0585601,Inevitable miscarriage complete,narrow,P,PrA,198682009,interruption_pregnancy
SpontaneousAbortion,Spontaneous abortion,SNOMEDCT_US,198689000,Spontaneous abortion NOS,C0000786,Spontaneous abortion,narrow,P,PrA,198689000,interruption_pregnancy
SpontaneousAbortion,Spontaneous abortion,SNOMEDCT_US,198768001,Unspecified abortion,C0156543,Unspecified Abortion,possible,P,PrA,198768001,interruption_pregnancy
SpontaneousAbortion,Spontaneous abortion,SNOMEDCT_US,198769009,Unspecified abortion,C0156543,Unspecified Abortion,possible,P,PrA,198769009,interruption_pregnancy
SpontaneousAbortion,Spontaneous abortion,SNOMEDCT_US,198780009,Unspecified abortion NOS,C0156543,Unspecified Abortion,possible,P,PrA,198780009,interruption_pregnancy
SpontaneousAbortion,Spontaneous abortion,SNOMEDCT_US,198781008,Unspecified abortion incomplete,C0812470,Incomplete abortion unspecified,possible,P,PrA,198781008,interruption_pregnancy
SpontaneousAbortion,Spontaneous abortion,SNOMEDCT_US,198792009,Unspecified incomplete abortion NOS,C0812470,Incomplete abortion unspecified,possible,P,PrA,198792009,interruption_pregnancy
SpontaneousAbortion,Spontaneous abortion,SNOMEDCT_US,198805006,Unspecified abortion NOS,C0156543,Unspecified Abortion,possible,P,PrA,198805006,interruption_pregnancy
SpontaneousAbortion,Spontaneous abortion,SNOMEDCT_US,198880003,Pregnancy with abortive outcome NOS,C0156543,Unspecified Abortion,possible,P,PrA,198880003,interruption_pregnancy
SpontaneousAbortion,Spontaneous abortion,SNOMEDCT_US,200480007,Pregnancy with abortive outcome,C0156543,Unspecified Abortion,possible,P,PrA,200480007,interruption_pregnancy
SpontaneousAbortion,Spontaneous abortion,SNOMEDCT_US,200483009,[X]Other abortion,C0477801,Other abortion,possible,P,PrA,200483009,interruption_pregnancy
SpontaneousAbortion,Spontaneous abortion,SNOMEDCT_US,21737000,Retained fetal tissue,"","",narrow,P,PrA,21737000,interruption_pregnancy
SpontaneousAbortion,Spontaneous abortion,SNOMEDCT_US,237242009,Non-viable pregnancy,C0404844,Non-viable pregnancy,narrow,P,PrA,237242009,interruption_pregnancy
SpontaneousAbortion,Spontaneous abortion,SNOMEDCT_US,237245006,Vanishing twin syndrome,C0404852,Vanishing twin syndrome,narrow,P,PrA,237245006,interruption_pregnancy
SpontaneousAbortion,Spontaneous abortion,SNOMEDCT_US,23793007,Miscarriage without complication,C0269391,Miscarriage without complication,narrow,P,PrA,23793007,interruption_pregnancy
SpontaneousAbortion,Spontaneous abortion,SNOMEDCT_US,267187007,Missed abortion,C0000814,Missed abortion,possible,P,PrA,267187007,interruption_pregnancy
SpontaneousAbortion,Spontaneous abortion,SNOMEDCT_US,267191002,Incomplete spontaneous abortion NOS,C0000810,Incomplete spontaneous abortion,narrow,P,PrA,267191002,interruption_pregnancy
SpontaneousAbortion,Spontaneous abortion,SNOMEDCT_US,267294003,Abortion - spontaneous,C0000786,Spontaneous abortion,narrow,P,PrA,267294003,interruption_pregnancy
SpontaneousAbortion,Spontaneous abortion,SNOMEDCT_US,267294003,Incomplete abortion,C0812470,Incomplete abortion unspecified,possible,P,PrA,267294003,interruption_pregnancy
SpontaneousAbortion,Spontaneous abortion,SNOMEDCT_US,267297005,Abortion NOS,C0156543,Unspecified Abortion,possible,P,PrA,267297005,interruption_pregnancy
SpontaneousAbortion,Spontaneous abortion,SNOMEDCT_US,275425008,Retained products after miscarriage,"","",narrow,P,PrA,275425008,interruption_pregnancy
SpontaneousAbortion,Spontaneous abortion,SNOMEDCT_US,275425008,Retained products after miscarriage,C0000810,Incomplete spontaneous abortion,narrow,P,PrA,275425008,interruption_pregnancy
SpontaneousAbortion,Spontaneous abortion,SNOMEDCT_US,2781009,Miscarriage complicated by delayed and-or excessive haemorrhage,C0156427,Spontaneous abortion complicated by delayed or excessive hemorrhage,narrow,P,PrA,2781009,interruption_pregnancy
SpontaneousAbortion,Spontaneous abortion,SNOMEDCT_US,29171003,Trapped placenta,"","",possible,P,PrA,29171003,interruption_pregnancy
SpontaneousAbortion,Spontaneous abortion,SNOMEDCT_US,307733001,Inevitable miscarriage complete,C0585601,Inevitable miscarriage complete,narrow,P,PrA,307733001,interruption_pregnancy
SpontaneousAbortion,Spontaneous abortion,SNOMEDCT_US,34270000,Miscarriage complicated by shock,C0156443,Miscarriage complicated by shock,narrow,P,PrA,34270000,interruption_pregnancy
SpontaneousAbortion,Spontaneous abortion,SNOMEDCT_US,34614007,Miscarriage with complication,C0156456,Miscarriage with complication,narrow,P,PrA,34614007,interruption_pregnancy
SpontaneousAbortion,Spontaneous abortion,SNOMEDCT_US,363681007,Pregnancy with abortive outcome,C0156543,Unspecified Abortion,possible,P,PrA,363681007,interruption_pregnancy
SpontaneousAbortion,Spontaneous abortion,SNOMEDCT_US,371374003,Retained products of conception,C0033270,Retained products of conception,possible,P,PrA,371374003,interruption_pregnancy
SpontaneousAbortion,Spontaneous abortion,SNOMEDCT_US,371375002,Retained secundines,C0033270,Retained products of conception,possible,P,PrA,371375002,interruption_pregnancy
SpontaneousAbortion,Spontaneous abortion,SNOMEDCT_US,386639001,Abortion,C0156543,Unspecified Abortion,possible,P,PrA,386639001,interruption_pregnancy
SpontaneousAbortion,Spontaneous abortion,SNOMEDCT_US,413338003,Incomplete miscarriage with complication,C0156457,Incomplete miscarriage with complication,narrow,P,PrA,413338003,interruption_pregnancy
SpontaneousAbortion,Spontaneous abortion,SNOMEDCT_US,43306002,Miscarriage complicated by embolism,C0156447,Miscarriage complicated by embolism,narrow,P,PrA,43306002,interruption_pregnancy
SpontaneousAbortion,Spontaneous abortion,SNOMEDCT_US,44216000,Retained products of conception- following delivery with hemorrhage,"","",possible,P,PrA,44216000,interruption_pregnancy
SpontaneousAbortion,Spontaneous abortion,SNOMEDCT_US,58990004,Miscarriage complicated by damage to pelvic organs and-or tissues,C0269403,Miscarriage complicated by damage to pelvic organs and-or tissues,narrow,P,PrA,58990004,interruption_pregnancy
SpontaneousAbortion,Spontaneous abortion,SNOMEDCT_US,6176008,Mycotic abortion,C0276649,Mycotic abortion,narrow,P,PrA,6176008,interruption_pregnancy
SpontaneousAbortion,Spontaneous abortion,SNOMEDCT_US,69124005,Complete spontaneous abortion,C1306041,Complete miscarriage,narrow,P,PrA,69124005,interruption_pregnancy
SpontaneousAbortion,Spontaneous abortion,SNOMEDCT_US,699949009,Retained placenta due to morbidly adherent placenta,"","",possible,P,PrA,699949009,interruption_pregnancy
SpontaneousAbortion,Spontaneous abortion,SNOMEDCT_US,70317007,Abortion,C0156543,Unspecified Abortion,possible,P,PrA,70317007,interruption_pregnancy
SpontaneousAbortion,Spontaneous abortion,SNOMEDCT_US,81002003,Retained products of conception,C0033270,Retained products of conception,possible,P,PrA,81002003,interruption_pregnancy
SpontaneousAbortion,Spontaneous abortion,SNOMEDCT_US,85116003,Miscarriage in second trimester,C0269389,Miscarriage in second trimester,narrow,P,PrA,85116003,interruption_pregnancy
StartofPregnancy,Start of Pregnancy,ICPC,W78,Pregnancy confirmed,C0549169,Confirmation of pregnancy,narrow,P,PrA,W78,start_of_pregnancy
StartofPregnancy,Start of Pregnancy,ICPC,W79,Unwanted pregnancy,C0032995,Unwanted pregnancy,narrow,P,PrA,W79,start_of_pregnancy
StartofPregnancy,Start of Pregnancy,ICPC2P,W78002,Pregnancy-confirmed,C0549169,Confirmation of pregnancy,narrow,P,PrA,W78002,start_of_pregnancy
StartofPregnancy,Start of Pregnancy,RCD2,621A.,Pregnancy unplanned ? wanted,C0425969,Unplanned pregnancy unknown if child is wanted,possible,P,PrA,621A.,start_of_pregnancy
StartofPregnancy,Start of Pregnancy,RCD2,621C.,Unplanned pregnancy,C0041747,Unplanned pregnancy,possible,P,PrA,621C.,start_of_pregnancy
StartofPregnancy,Start of Pregnancy,SCTSPA,169566002,Pregnancy unplanned but wanted,"","",narrow,P,PrA,169566002,start_of_pregnancy
StartofPregnancy,Start of Pregnancy,SCTSPA,169568001,embarazo no planeado - se desconoce si el niño es deseado,C0425969,Unplanned pregnancy unknown if child is wanted,possible,P,PrA,169568001,start_of_pregnancy
StartofPregnancy,Start of Pregnancy,SCTSPA,248992004,confirmación de embarazo,C0549169,Confirmation of pregnancy,narrow,P,PrA,248992004,start_of_pregnancy
StartofPregnancy,Start of Pregnancy,SCTSPA,276367008,embarazo deseado,C0455859,Wanted pregnancy,narrow,P,PrA,276367008,start_of_pregnancy
StartofPregnancy,Start of Pregnancy,SCTSPA,276367008,embarazo deseado (hallazgo),"","",narrow,P,PrA,276367008,start_of_pregnancy
StartofPregnancy,Start of Pregnancy,SCTSPA,58532003,embarazo no deseado,C0032995,Unwanted pregnancy,possible,P,PrA,58532003,start_of_pregnancy
StartofPregnancy,Start of Pregnancy,SCTSPA,77386006,embarazo confirmado,C0549169,Confirmation of pregnancy,narrow,P,PrA,77386006,start_of_pregnancy
StartofPregnancy,Start of Pregnancy,SCTSPA,83074005,embarazo indeseado,C0041747,Unplanned pregnancy,possible,P,PrA,83074005,start_of_pregnancy
StartofPregnancy,Start of Pregnancy,SNOMEDCT_US,146800009,Pregnancy unplanned ? wanted,C0425969,Unplanned pregnancy unknown if child is wanted,possible,P,PrA,146800009,start_of_pregnancy
StartofPregnancy,Start of Pregnancy,SNOMEDCT_US,160798004,Pregnancy unwanted,C0032995,Unwanted pregnancy,possible,P,PrA,160798004,start_of_pregnancy
StartofPregnancy,Start of Pregnancy,SNOMEDCT_US,169566002,Pregnancy unplanned but wanted,"","",narrow,P,PrA,169566002,start_of_pregnancy
StartofPregnancy,Start of Pregnancy,SNOMEDCT_US,169568001,Unplanned pregnancy unknown if child is wanted,C0425969,Unplanned pregnancy unknown if child is wanted,possible,P,PrA,169568001,start_of_pregnancy
StartofPregnancy,Start of Pregnancy,SNOMEDCT_US,169570005,Unplanned pregnancy,C0041747,Unplanned pregnancy,possible,P,PrA,169570005,start_of_pregnancy
StartofPregnancy,Start of Pregnancy,SNOMEDCT_US,248992004,Confirmation of pregnancy,C0549169,Confirmation of pregnancy,narrow,P,PrA,248992004,start_of_pregnancy
StartofPregnancy,Start of Pregnancy,SNOMEDCT_US,276367008,Wanted pregnancy,C0455859,Wanted pregnancy,narrow,P,PrA,276367008,start_of_pregnancy
StartofPregnancy,Start of Pregnancy,SNOMEDCT_US,58532003,Unwanted pregnancy,C0032995,Unwanted pregnancy,possible,P,PrA,58532003,start_of_pregnancy
StartofPregnancy,Start of Pregnancy,SNOMEDCT_US,77386006,Pregnancy confirmed,C0549169,Confirmation of pregnancy,narrow,P,PrA,77386006,start_of_pregnancy
StartofPregnancy,Start of Pregnancy,SNOMEDCT_US,83074005,Unplanned pregnancy,C0041747,Unplanned pregnancy,possible,P,PrA,83074005,start_of_pregnancy
StillBirth,Stillbirth,Free_text,STILLBIRTH_broad,"","","",possible,P,PrA,STILLBIRTH_broad,end_of_pregnancy
StillBirth,Stillbirth,Free_text,STILLBIRTH_narrow,"","","",narrow,P,PrA,STILLBIRTH_narrow,end_of_pregnancy
StillBirth,Stillbirth,ICD10,O02.1,Missed abortion,C0000814,Missed abortion,possible,P,PrA,O02.1,end_of_pregnancy
StillBirth,Stillbirth,ICD10,O31.0,Papyraceous fetus,C0156724,Fetus papyraceous,possible,P,PrA,O31.0,end_of_pregnancy
StillBirth,Stillbirth,ICD10,O31.00,Papyraceous fetus- unspecified trimester,"","",possible,P,PrA,O31.00,end_of_pregnancy
StillBirth,Stillbirth,ICD10,O31.01,Papyraceous fetus- first trimester,"","",possible,P,PrA,O31.01,end_of_pregnancy
StillBirth,Stillbirth,ICD10,O31.02,Papyraceous fetus- second trimester,"","",possible,P,PrA,O31.02,end_of_pregnancy
StillBirth,Stillbirth,ICD10,O31.03,Papyraceous fetus- third trimester,"","",possible,P,PrA,O31.03,end_of_pregnancy
StillBirth,Stillbirth,ICD10,O36.4,Maternal care for intrauterine death,C0495237,Maternal care for intrauterine death,possible,P,PrA,O36.4,end_of_pregnancy
StillBirth,Stillbirth,ICD10,Z37.1,Single stillbirth,C1313896,Encounter due to single stillbirth,narrow,P,PrA,Z37.1,end_of_pregnancy
StillBirth,Stillbirth,ICD10,Z37.3,Twins- one liveborn and one stillborn,C0481466,Encounter due to birth of twins- one live born and one stillborn,narrow,P,PrA,Z37.3,end_of_pregnancy
StillBirth,Stillbirth,ICD10,Z37.4,Twins- both stillborn,C0419377,Encounter due to birth of twins- both stillborn,narrow,P,PrA,Z37.4,end_of_pregnancy
StillBirth,Stillbirth,ICD10,Z37.7,Other multiple births- all stillborn,C0481671,Other multiple births- all stillborn,narrow,P,PrA,Z37.7,end_of_pregnancy
StillBirth,Stillbirth,ICD10CM,O02.1,Missed abortion,C0000814,Missed abortion,possible,P,PrA,O02.1,end_of_pregnancy
StillBirth,Stillbirth,ICD10CM,O31.0,Fetus compressus,C0156724,Fetus papyraceous,possible,P,PrA,O31.0,end_of_pregnancy
StillBirth,Stillbirth,ICD10CM,O31.0,Papyraceous fetus,C0156724,Fetus papyraceous,possible,P,PrA,O31.0,end_of_pregnancy
StillBirth,Stillbirth,ICD10CM,O31.00,Papyraceous fetus- unspecified trimester,"","",possible,P,PrA,O31.00,end_of_pregnancy
StillBirth,Stillbirth,ICD10CM,O31.01,Papyraceous fetus- first trimester,"","",possible,P,PrA,O31.01,end_of_pregnancy
StillBirth,Stillbirth,ICD10CM,O31.02,Papyraceous fetus- second trimester,"","",possible,P,PrA,O31.02,end_of_pregnancy
StillBirth,Stillbirth,ICD10CM,O31.02,Papyraceous fetus- second trimester,C2907972,Papyraceous fetus- second trimester,possible,P,PrA,O31.02,end_of_pregnancy
StillBirth,Stillbirth,ICD10CM,O31.03,Papyraceous fetus- third trimester,"","",possible,P,PrA,O31.03,end_of_pregnancy
StillBirth,Stillbirth,ICD10CM,O31.03,Papyraceous fetus- third trimester,C2907980,Papyraceous fetus- third trimester,possible,P,PrA,O31.03,end_of_pregnancy
StillBirth,Stillbirth,ICD10CM,O36.4,Maternal care for intrauterine death,C0495237,Maternal care for intrauterine death,possible,P,PrA,O36.4,end_of_pregnancy
StillBirth,Stillbirth,ICD10CM,Z37.1,Single stillbirth,C1313896,Encounter due to single stillbirth,narrow,P,PrA,Z37.1,end_of_pregnancy
StillBirth,Stillbirth,ICD10CM,Z37.3,Twins- one liveborn and one stillborn,C0481466,Encounter due to birth of twins- one live born and one stillborn,narrow,P,PrA,Z37.3,end_of_pregnancy
StillBirth,Stillbirth,ICD10CM,Z37.4,Twins- both stillborn,C0419377,Encounter due to birth of twins- both stillborn,narrow,P,PrA,Z37.4,end_of_pregnancy
StillBirth,Stillbirth,ICD10CM,Z37.7,Other multiple births- all stillborn,C0481671,Other multiple births- all stillborn,narrow,P,PrA,Z37.7,end_of_pregnancy
StillBirth,Stillbirth,ICD9CM,632,Missed abortion,C0000814,Missed abortion,possible,P,PrA,632,end_of_pregnancy
StillBirth,Stillbirth,ICD9CM,646.0,Papyraceous fetus,C0156724,Fetus papyraceous,possible,P,PrA,646.0,end_of_pregnancy
StillBirth,Stillbirth,ICD9CM,646.00,Papyraceous fetus- unspecified as to episode of care or not applicable,C0156725,Papyraceous fetus- unspecified as to episode of care or not applicable,possible,P,PrA,646.00,end_of_pregnancy
StillBirth,Stillbirth,ICD9CM,646.01,Papyraceous fetus- delivered- with or without mention of antepartum condition,C0156726,Papyraceous fetus- delivered- with or without mention of antepartum condition,possible,P,PrA,646.01,end_of_pregnancy
StillBirth,Stillbirth,ICD9CM,646.03,Papyraceous fetus- antepartum condition or complication,C0156727,Papyraceous foetus- antepartum,possible,P,PrA,646.03,end_of_pregnancy
StillBirth,Stillbirth,ICD9CM,651.3,Twin pregnancy with fetal loss and retention of one fetus,C0156901,Twin pregnancy with foetal loss and retention of one foetus,possible,P,PrA,651.3,end_of_pregnancy
StillBirth,Stillbirth,ICD9CM,651.30,Twin pregnancy with fetal loss and retention of one fetus- unspecified as to episode of care or not applicable,C0156902,Twin pregnancy with fetal loss and retention of one fetus- unspecified as to episode of care or not applicable,possible,P,PrA,651.30,end_of_pregnancy
StillBirth,Stillbirth,ICD9CM,651.31,Twin pregnancy with fetal loss and retention of one fetus- delivered- with or without mention of antepartum condition,C0156903,Twin pregnancy with fetal loss and retention of one fetus- delivered- with or without mention of antepartum condition,possible,P,PrA,651.31,end_of_pregnancy
StillBirth,Stillbirth,ICD9CM,651.33,Twin pregnancy with fetal loss and retention of one fetus- antepartum condition or complication,C0156904,Twin pregnancy with fetal loss and retention of one fetus- antepartum condition or complication,possible,P,PrA,651.33,end_of_pregnancy
StillBirth,Stillbirth,ICD9CM,651.4,Triplet pregnancy with fetal loss and retention of one or more fetus (es),C0156905,triplet pregnancy with fetal loss retaining one or more fetuses,possible,P,PrA,651.4,end_of_pregnancy
StillBirth,Stillbirth,ICD9CM,651.40,Triplet pregnancy with fetal loss and retention of one or more fetus(es)- unspecified as to episode of care or not applicable,C0156906,Triplet pregnancy with fetal loss and retention of one or more fetus(es)- unspecified as to episode of care or not applicable,possible,P,PrA,651.40,end_of_pregnancy
StillBirth,Stillbirth,ICD9CM,651.41,Triplet pregnancy with fetal loss and retention of one or more fetus(es)- delivered- with or without mention of antepartum condition,C0156907,Triplet pregnancy with fetal loss and retention of one or more fetus(es)- delivered- with or without mention of antepartum condition,possible,P,PrA,651.41,end_of_pregnancy
StillBirth,Stillbirth,ICD9CM,651.43,Triplet pregnancy with fetal loss and retention of one or more fetus(es)- antepartum condition or complication,C0156908,Triplet pregnancy with fetal loss and retention of one or more fetus(es)- antepartum condition or complication,possible,P,PrA,651.43,end_of_pregnancy
StillBirth,Stillbirth,ICD9CM,651.5,Quadruplet pregnancy with fetal loss and retention of one or more fetus(es),C0156909,Quadruplet pregnancy with fetal loss and retention of one or more fetus(es),possible,P,PrA,651.5,end_of_pregnancy
StillBirth,Stillbirth,ICD9CM,651.50,Quadruplet pregnancy with fetal loss and retention of one or more fetus(es)- unspecified as to episode of care or not applicable,C0156910,Quadruplet pregnancy with fetal loss and retention of one or more fetus(es)- unspecified as to episode of care or not applicable,possible,P,PrA,651.50,end_of_pregnancy
StillBirth,Stillbirth,ICD9CM,651.51,Quadruplet pregnancy with fetal loss and retention of one or more fetus(es)- delivered- with or without mention of antepartum condition,C0156911,Quadruplet pregnancy with fetal loss and retention of one or more fetus(es)- delivered- with or without mention of antepartum condition,possible,P,PrA,651.51,end_of_pregnancy
StillBirth,Stillbirth,ICD9CM,651.53,Quadruplet pregnancy with fetal loss and retention of one or more fetus(es)- antepartum condition or complication,C0156912,Quadruplet pregnancy with fetal loss and retention of one or more fetus(es)- antepartum condition or complication,possible,P,PrA,651.53,end_of_pregnancy
StillBirth,Stillbirth,ICD9CM,651.6,Other multiple pregnancy with fetal loss and retention of one or more fetus(es),C0156913,Other multiple pregnancy with fetal loss and retention of one or more fetus(es),possible,P,PrA,651.6,end_of_pregnancy
StillBirth,Stillbirth,ICD9CM,651.60,Other multiple pregnancy with fetal loss and retention of one or more fetus(es)- unspecified as to episode of care or not applicable,C0156914,Other multiple pregnancy with fetal loss and retention of one or more fetus(es)- unspecified as to episode of care or not applicable,possible,P,PrA,651.60,end_of_pregnancy
StillBirth,Stillbirth,ICD9CM,651.63,Other multiple pregnancy with fetal loss and retention of one or more fetus(es)- antepartum condition or complication,C0156916,Other multiple pregnancy with fetal loss and retention of one or more fetus(es)- antepartum condition or complication,possible,P,PrA,651.63,end_of_pregnancy
StillBirth,Stillbirth,ICD9CM,656.4,Intrauterine death affecting management of mother,C0269792,Fetal death- affecting management of mother,narrow,P,PrA,656.4,end_of_pregnancy
StillBirth,Stillbirth,ICD9CM,656.40,Intrauterine death- affecting management of mother- unspecified as to episode of care or not applicable,C0157116,Intrauterine death- affecting management of mother- unspecified as to episode of care or not applicable,possible,P,PrA,656.40,end_of_pregnancy
StillBirth,Stillbirth,ICD9CM,656.41,Intrauterine death- affecting management of mother- delivered- with or without mention of antepartum condition,C0157117,Intrauterine death- affecting management of mother- delivered,narrow,P,PrA,656.41,end_of_pregnancy
StillBirth,Stillbirth,ICD9CM,656.43,Intrauterine death- affecting management of mother- antepartum condition or complication,C0157118,Intrauterine death- affecting management of mother- antepartum,possible,P,PrA,656.43,end_of_pregnancy
StillBirth,Stillbirth,ICD9CM,663,Prolapse of cord complicating labor and delivery,"","",possible,P,PrA,663,end_of_pregnancy
StillBirth,Stillbirth,ICD9CM,663,Prolapse of cord complicating labor and delivery- unspecified as to episode of care or not applicable,"","",possible,P,PrA,663,end_of_pregnancy
StillBirth,Stillbirth,ICD9CM,663,Umbilical cord complications during labor and delivery,C0157307,Umbilical cord complication during labor and delivery,possible,P,PrA,663,end_of_pregnancy
StillBirth,Stillbirth,ICD9CM,663.01,Prolapse of cord complicating labor and delivery- delivered- with or without mention of antepartum condition,"","",possible,P,PrA,663.01,end_of_pregnancy
StillBirth,Stillbirth,ICD9CM,663.03,Prolapse of cord complicating labor and delivery- antepartum condition or complication,"","",possible,P,PrA,663.03,end_of_pregnancy
StillBirth,Stillbirth,ICD9CM,663.1,Cord around neck with compression- complicating labor and delivery- unspecified as to episode of care or not applicable,"","",possible,P,PrA,663.1,end_of_pregnancy
StillBirth,Stillbirth,ICD9CM,663.1,Cord around neck- with compression- complicating labor and delivery,"","",possible,P,PrA,663.1,end_of_pregnancy
StillBirth,Stillbirth,ICD9CM,663.11,Cord around neck- with compression- complicating labor and delivery- delivered- with or without mention of antepartum condition,"","",possible,P,PrA,663.11,end_of_pregnancy
StillBirth,Stillbirth,ICD9CM,663.13,Cord around neck- with compression- complicating labor and delivery- antepartum condition or complication,"","",possible,P,PrA,663.13,end_of_pregnancy
StillBirth,Stillbirth,ICD9CM,663.2,Other and unspecified cord entanglement- with compression- complicating labor and delivery,"","",possible,P,PrA,663.2,end_of_pregnancy
StillBirth,Stillbirth,ICD9CM,663.2,Other and unspecified cord entanglement- with compression- complicating labor and delivery- unspecified as to episode of care or not applicable,"","",possible,P,PrA,663.2,end_of_pregnancy
StillBirth,Stillbirth,ICD9CM,663.21,Other and unspecified cord entanglement- with compression- complicating labor and delivery- delivered- with or without mention of antepartum condition,"","",possible,P,PrA,663.21,end_of_pregnancy
StillBirth,Stillbirth,ICD9CM,663.23,Other and unspecified cord entanglement- with compression- complicating labor and delivery- antepartum condition or complication,"","",possible,P,PrA,663.23,end_of_pregnancy
StillBirth,Stillbirth,ICD9CM,663.3,Other and unspecified cord entanglement- without mention of compression- complicating labor and delivery,"","",possible,P,PrA,663.3,end_of_pregnancy
StillBirth,Stillbirth,ICD9CM,663.3,Other and unspecified cord entanglement- without mention of compression- complicating labor and delivery- unspecified as to episode of care or not applicable,"","",possible,P,PrA,663.3,end_of_pregnancy
StillBirth,Stillbirth,ICD9CM,663.31,Other and unspecified cord entanglement- without mention of compression- complicating labor and delivery- delivered- with or without mention of antepartum condition,"","",possible,P,PrA,663.31,end_of_pregnancy
StillBirth,Stillbirth,ICD9CM,663.33,Other and unspecified cord entanglement- without mention of compression- complicating labor and delivery- antepartum condition or complication,"","",possible,P,PrA,663.33,end_of_pregnancy
StillBirth,Stillbirth,ICD9CM,663.4,Short cord complicating labor and delivery,"","",possible,P,PrA,663.4,end_of_pregnancy
StillBirth,Stillbirth,ICD9CM,663.4,Short cord complicating labor and delivery- unspecified as to episode of care or not applicable,"","",possible,P,PrA,663.4,end_of_pregnancy
StillBirth,Stillbirth,ICD9CM,663.41,Short cord complicating labor and delivery- delivered- with or without mention of antepartum condition,"","",possible,P,PrA,663.41,end_of_pregnancy
StillBirth,Stillbirth,ICD9CM,663.43,Short cord complicating labor and delivery- antepartum condition or complication,"","",possible,P,PrA,663.43,end_of_pregnancy
StillBirth,Stillbirth,ICD9CM,663.5,Vasa previa complicating labor and delivery,"","",possible,P,PrA,663.5,end_of_pregnancy
StillBirth,Stillbirth,ICD9CM,663.5,Vasa previa complicating labor and delivery- unspecified as to episode of care or not applicable,"","",possible,P,PrA,663.5,end_of_pregnancy
StillBirth,Stillbirth,ICD9CM,663.51,Vasa previa complicating labor and delivery- delivered- with or without mention of antepartum condition,"","",possible,P,PrA,663.51,end_of_pregnancy
StillBirth,Stillbirth,ICD9CM,663.53,Vasa previa complicating labor and delivery- antepartum condition or complication,"","",possible,P,PrA,663.53,end_of_pregnancy
StillBirth,Stillbirth,ICD9CM,663.6,Vascular lesions of cord complicating labor and delivery,"","",possible,P,PrA,663.6,end_of_pregnancy
StillBirth,Stillbirth,ICD9CM,663.6,Vascular lesions of cord complicating labor and delivery- unspecified as to episode of care or not applicable,"","",possible,P,PrA,663.6,end_of_pregnancy
StillBirth,Stillbirth,ICD9CM,663.61,Vascular lesions of cord complicating labor and delivery- delivered- with or without mention of antepartum condition,"","",possible,P,PrA,663.61,end_of_pregnancy
StillBirth,Stillbirth,ICD9CM,663.63,Vascular lesions of cord complicating labor and delivery- antepartum condition or complication,"","",possible,P,PrA,663.63,end_of_pregnancy
StillBirth,Stillbirth,ICD9CM,663.8,Other umbilical cord complications complicating labor and delivery- unspecified as to episode of care or not applicable,"","",possible,P,PrA,663.8,end_of_pregnancy
StillBirth,Stillbirth,ICD9CM,663.8,Other umbilical cord complications during labor and delivery,"","",possible,P,PrA,663.8,end_of_pregnancy
StillBirth,Stillbirth,ICD9CM,663.81,Other umbilical cord complications complicating labor and delivery- delivered- with or without mention of antepartum condition,"","",possible,P,PrA,663.81,end_of_pregnancy
StillBirth,Stillbirth,ICD9CM,663.83,Other umbilical cord complications complicating labor and delivery- antepartum condition or complication,"","",possible,P,PrA,663.83,end_of_pregnancy
StillBirth,Stillbirth,ICD9CM,663.9,Unspecified umbilical cord complication complicating labor and delivery- unspecified as to episode of care or not applicable,"","",possible,P,PrA,663.9,end_of_pregnancy
StillBirth,Stillbirth,ICD9CM,663.9,Unspecified umbilical cord complication during labor and delivery,"","",possible,P,PrA,663.9,end_of_pregnancy
StillBirth,Stillbirth,ICD9CM,V27.1,Outcome of delivery- single stillborn,C1313896,Encounter due to single stillbirth,narrow,P,PrA,V27.1,end_of_pregnancy
StillBirth,Stillbirth,ICD9CM,V27.3,Outcome of delivery- twins- one liveborn and one stillborn,C0481466,Encounter due to birth of twins- one live born and one stillborn,narrow,P,PrA,V27.3,end_of_pregnancy
StillBirth,Stillbirth,ICD9CM,V27.4,Outcome of delivery- twins- both stillborn,C0419377,Encounter due to birth of twins- both stillborn,narrow,P,PrA,V27.4,end_of_pregnancy
StillBirth,Stillbirth,ICD9CM,V27.7,Outcome of delivery- other multiple birth- all stillborn,C0481671,Other multiple births- all stillborn,narrow,P,PrA,V27.7,end_of_pregnancy
StillBirth,Stillbirth,ICPC,A95,Perinatal mortality,C0701826,Perinatal death,narrow,P,PrA,A95,end_of_pregnancy
StillBirth,Stillbirth,ICPC,W91,Normal delivery deadborn,C0497450,Uncomplicated labour-delivery stillbirth,narrow,P,PrA,W91,end_of_pregnancy
StillBirth,Stillbirth,ICPC,W93,Complicate labour-delivery stillbirth,C0497452,Complicate labour-delivery stillbirth,narrow,P,PrA,W93,end_of_pregnancy
StillBirth,Stillbirth,ICPC2EENG,A95,Perinatal mortality,C0701826,Perinatal death,narrow,P,PrA,A95,end_of_pregnancy
StillBirth,Stillbirth,ICPC2EENG,W91,Uncomplicated labour-delivery stillbirth,C0497450,Uncomplicated labour-delivery stillbirth,narrow,P,PrA,W91,end_of_pregnancy
StillBirth,Stillbirth,ICPC2P,A95001,Mortality-perinatal,C0701826,Perinatal death,narrow,P,PrA,A95001,end_of_pregnancy
StillBirth,Stillbirth,ICPC2P,W82007,Missed-abortion,C0000814,Missed abortion,possible,P,PrA,W82007,end_of_pregnancy
StillBirth,Stillbirth,MDR,10000230,Abortion missed,C0000814,Missed abortion,possible,P,PrA,10000230,end_of_pregnancy
StillBirth,Stillbirth,MDR,10016480,Fetal death from asphyxia or anoxia before onset of labor or at unspecified time,C0270131,Fetal death from asphyxia AND-OR anoxia before onset of labor,narrow,P,PrA,10016480,end_of_pregnancy
StillBirth,Stillbirth,MDR,10016481,Fetal death from asphyxia or anoxia before onset of labor or at unspecified time,C0270131,Fetal death from asphyxia AND-OR anoxia before onset of labor,narrow,P,PrA,10016481,end_of_pregnancy
StillBirth,Stillbirth,MDR,10016539,Fetus macerated,C0235658,Macerated fetus,possible,P,PrA,10016539,end_of_pregnancy
StillBirth,Stillbirth,MDR,10016873,Foetus macerated,C0235658,Macerated fetus,possible,P,PrA,10016873,end_of_pregnancy
StillBirth,Stillbirth,MDR,10022814,Intrauterine death affecting management of mother,C0269792,Fetal death- affecting management of mother,narrow,P,PrA,10022814,end_of_pregnancy
StillBirth,Stillbirth,MDR,10022815,Intrauterine death- affecting management of mother- antepartum,C0157118,Intrauterine death- affecting management of mother- antepartum,possible,P,PrA,10022815,end_of_pregnancy
StillBirth,Stillbirth,MDR,10022816,Intrauterine death- affecting management of mother- delivered,C0157117,Intrauterine death- affecting management of mother- delivered,narrow,P,PrA,10022816,end_of_pregnancy
StillBirth,Stillbirth,MDR,10027704,Missed abortion,C0000814,Missed abortion,possible,P,PrA,10027704,end_of_pregnancy
StillBirth,Stillbirth,MDR,10032272,Other multiple pregnancy with fetal loss and retention of one or more fetus(es),C0156913,Other multiple pregnancy with fetal loss and retention of one or more fetus(es),possible,P,PrA,10032272,end_of_pregnancy
StillBirth,Stillbirth,MDR,10033741,Papyraceous fetus,C0156724,Fetus papyraceous,possible,P,PrA,10033741,end_of_pregnancy
StillBirth,Stillbirth,MDR,10033742,Papyraceous fetus- antepartum,C0156727,Papyraceous foetus- antepartum,possible,P,PrA,10033742,end_of_pregnancy
StillBirth,Stillbirth,MDR,10033745,Papyraceous foetus,C0156724,Fetus papyraceous,possible,P,PrA,10033745,end_of_pregnancy
StillBirth,Stillbirth,MDR,10037708,Quad preg with fetal loss and reten of one or more fetus- deliv- with or w-o ment of antepart cond,C0156911,Quadruplet pregnancy with fetal loss and retention of one or more fetus(es)- delivered- with or without mention of antepartum condition,possible,P,PrA,10037708,end_of_pregnancy
StillBirth,Stillbirth,MDR,10037709,Quad preg with fetal loss and retention of one or more fetus- antepart cond or comp,C0156912,Quadruplet pregnancy with fetal loss and retention of one or more fetus(es)- antepartum condition or complication,possible,P,PrA,10037709,end_of_pregnancy
StillBirth,Stillbirth,MDR,10037710,Quad preg with fetal loss and retention of one or more fetus- unspec as to eoc or not appli,C0156910,Quadruplet pregnancy with fetal loss and retention of one or more fetus(es)- unspecified as to episode of care or not applicable,possible,P,PrA,10037710,end_of_pregnancy
StillBirth,Stillbirth,MDR,10037723,Quadruplet pregnancy with fetal loss and retention of one or more fetus(es),C0156909,Quadruplet pregnancy with fetal loss and retention of one or more fetus(es),possible,P,PrA,10037723,end_of_pregnancy
StillBirth,Stillbirth,MDR,10042062,Stillbirth,C0595939,Stillbirth,narrow,P,PrA,10042062,end_of_pregnancy
StillBirth,Stillbirth,MDR,10042063,Stillbirth NOS,C0595939,Stillbirth,narrow,P,PrA,10042063,end_of_pregnancy
StillBirth,Stillbirth,MDR,10044674,Trip preg with fetal loss and reten of one or more fetus- deliv- with or w-o ment of antepart cond,C0156907,Triplet pregnancy with fetal loss and retention of one or more fetus(es)- delivered- with or without mention of antepartum condition,possible,P,PrA,10044674,end_of_pregnancy
StillBirth,Stillbirth,MDR,10044677,Triplet preg with fetal loss and retention of one or more fetus- antepart cond or comp,C0156908,Triplet pregnancy with fetal loss and retention of one or more fetus(es)- antepartum condition or complication,possible,P,PrA,10044677,end_of_pregnancy
StillBirth,Stillbirth,MDR,10044678,Triplet preg with fetal loss and retention of one or more fetus- unspec as to eoc or not appli,C0156906,Triplet pregnancy with fetal loss and retention of one or more fetus(es)- unspecified as to episode of care or not applicable,possible,P,PrA,10044678,end_of_pregnancy
StillBirth,Stillbirth,MDR,10044680,Triplet pregnancy with fetal loss and retention of one or more fetus(es),C0156905,triplet pregnancy with fetal loss retaining one or more fetuses,possible,P,PrA,10044680,end_of_pregnancy
StillBirth,Stillbirth,MDR,10045189,Twin pregnancy with fetal loss and retention of one fetus,C0156901,Twin pregnancy with foetal loss and retention of one foetus,possible,P,PrA,10045189,end_of_pregnancy
StillBirth,Stillbirth,MDR,10045190,Twin pregnancy with fetal loss and retention of one fetus- antepartum condition or complication,C0156904,Twin pregnancy with fetal loss and retention of one fetus- antepartum condition or complication,possible,P,PrA,10045190,end_of_pregnancy
StillBirth,Stillbirth,MDR,10045191,Twin pregnancy with fetal loss and retention of one fetus- unspec as to eoc or not appli,C0156902,Twin pregnancy with fetal loss and retention of one fetus- unspecified as to episode of care or not applicable,possible,P,PrA,10045191,end_of_pregnancy
StillBirth,Stillbirth,MDR,10053173,Stillbirth and fetal death,C0947987,Stillbirth and foetal death,narrow,P,PrA,10053173,end_of_pregnancy
StillBirth,Stillbirth,MDR,10055710,Twin pregnancy with foetal loss and retention of one foetus,C0156901,Twin pregnancy with foetal loss and retention of one foetus,possible,P,PrA,10055710,end_of_pregnancy
StillBirth,Stillbirth,MDR,10060443,Papyraceous foetus- antepartum,C0156727,Papyraceous foetus- antepartum,possible,P,PrA,10060443,end_of_pregnancy
StillBirth,Stillbirth,MDR,10076687,Late fetal death,C3829316,Late fetal death,narrow,P,PrA,10076687,end_of_pregnancy
StillBirth,Stillbirth,MDR,10076697,Late foetal death,C3829316,Late fetal death,narrow,P,PrA,10076697,end_of_pregnancy
StillBirth,Stillbirth,MDR,10076720,Perinatal death,C0701826,Perinatal death,narrow,P,PrA,10076720,end_of_pregnancy
StillBirth,Stillbirth,MDR,10078992,Fetal resorption,C0015951,Fetal Resorption,possible,P,PrA,10078992,end_of_pregnancy
StillBirth,Stillbirth,MDR,10079001,Foetal resorption,C0015951,Fetal Resorption,possible,P,PrA,10079001,end_of_pregnancy
StillBirth,Stillbirth,MTHICD9,646.00,Papyraceous fetus- unspecified as to episode of care,C0156725,Papyraceous fetus- unspecified as to episode of care or not applicable,possible,P,PrA,646.00,end_of_pregnancy
StillBirth,Stillbirth,MTHICD9,646.03,Papyraceous fetus- antepartum,C0156727,Papyraceous foetus- antepartum,possible,P,PrA,646.03,end_of_pregnancy
StillBirth,Stillbirth,MTHICD9,651.4,Triplet pregnancy with fetal loss and retention of one or more fetus(es),C0156905,triplet pregnancy with fetal loss retaining one or more fetuses,possible,P,PrA,651.4,end_of_pregnancy
StillBirth,Stillbirth,MTHICD9,656.4,Fetal death after completion of 22 weeks- gestation affecting management of mother,C0269792,Fetal death- affecting management of mother,narrow,P,PrA,656.4,end_of_pregnancy
StillBirth,Stillbirth,MTHICD9,656.40,Intrauterine death affecting management of mother- unspecified as to episode of care,C0157116,Intrauterine death- affecting management of mother- unspecified as to episode of care or not applicable,possible,P,PrA,656.40,end_of_pregnancy
StillBirth,Stillbirth,MTHICD9,656.41,Intrauterine death affecting management of mother- delivered,C0157117,Intrauterine death- affecting management of mother- delivered,narrow,P,PrA,656.41,end_of_pregnancy
StillBirth,Stillbirth,MTHICD9,656.43,Intrauterine death affecting management of mother- antepartum,C0157118,Intrauterine death- affecting management of mother- antepartum,possible,P,PrA,656.43,end_of_pregnancy
StillBirth,Stillbirth,MTHICD9,V27.1,Mother with single stillborn,C1313896,Encounter due to single stillbirth,narrow,P,PrA,V27.1,end_of_pregnancy
StillBirth,Stillbirth,MTHICD9,V27.3,Mother with twins- one liveborn and one stillborn,C0481466,Encounter due to birth of twins- one live born and one stillborn,narrow,P,PrA,V27.3,end_of_pregnancy
StillBirth,Stillbirth,MTHICD9,V27.4,Mother with twins- both stillborn,C0419377,Encounter due to birth of twins- both stillborn,narrow,P,PrA,V27.4,end_of_pregnancy
StillBirth,Stillbirth,MTHICD9,V27.7,Mother with other multiple birth- all stillborn,C0481671,Other multiple births- all stillborn,narrow,P,PrA,V27.7,end_of_pregnancy
StillBirth,Stillbirth,RCD,6332.,Single stillbirth,C0481458,Single stillbirth,narrow,P,PrA,6332.,end_of_pregnancy
StillBirth,Stillbirth,RCD,L160.,Papyraceous fetus,C0156724,Fetus papyraceous,possible,P,PrA,L160.,end_of_pregnancy
StillBirth,Stillbirth,RCD,L1600,Papyraceous fetus unspecified,C0156724,Fetus papyraceous,possible,P,PrA,L1600,end_of_pregnancy
StillBirth,Stillbirth,RCD,L1601,Papyraceous fetus - delivered,C0404857,papyraceous fetus with baby delivered,possible,P,PrA,L1601,end_of_pregnancy
StillBirth,Stillbirth,RCD,L160z,Papyraceous fetus NOS,C0156724,Fetus papyraceous,possible,P,PrA,L160z,end_of_pregnancy
StillBirth,Stillbirth,RCD,X40E0,Antepartum fetal death,C0405332,Antepartum fetal death,narrow,P,PrA,X40E0,end_of_pregnancy
StillBirth,Stillbirth,RCD,X40E3,Stillbirth,C0595939,Stillbirth,narrow,P,PrA,X40E3,end_of_pregnancy
StillBirth,Stillbirth,RCD,X40E5,Macerated stillbirth,C0235658,Macerated fetus,possible,P,PrA,X40E5,end_of_pregnancy
StillBirth,Stillbirth,RCD,X70EM,Perinatal death,C0701826,Perinatal death,narrow,P,PrA,X70EM,end_of_pregnancy
StillBirth,Stillbirth,RCD,XE0ve,Missed abortion,C0000814,Missed abortion,possible,P,PrA,XE0ve,end_of_pregnancy
StillBirth,Stillbirth,RCD,XaC1G,[X]Macerated stillbirth,C0235658,Macerated fetus,possible,P,PrA,XaC1G,end_of_pregnancy
StillBirth,Stillbirth,RCD,ZV271,[V]Single stillbirth,C1313896,Encounter due to single stillbirth,narrow,P,PrA,ZV271,end_of_pregnancy
StillBirth,Stillbirth,RCD,ZV276,[V]Other multiple birth- some live born,C0481670,Other multiple births- some liveborn,narrow,P,PrA,ZV276,end_of_pregnancy
StillBirth,Stillbirth,RCD2,6332.,Single stillbirth,C0481458,Single stillbirth,narrow,P,PrA,6332.,end_of_pregnancy
StillBirth,Stillbirth,RCD2,L160.,Papyraceous fetus,C0156724,Fetus papyraceous,possible,P,PrA,L160.,end_of_pregnancy
StillBirth,Stillbirth,RCD2,L1600,Papyraceous fetus unspecified,C0156724,Fetus papyraceous,possible,P,PrA,L1600,end_of_pregnancy
StillBirth,Stillbirth,RCD2,L1601,Papyraceous fetus - delivered,C0404857,papyraceous fetus with baby delivered,possible,P,PrA,L1601,end_of_pregnancy
StillBirth,Stillbirth,RCD2,L160z,Papyraceous fetus NOS,C0156724,Fetus papyraceous,possible,P,PrA,L160z,end_of_pregnancy
StillBirth,Stillbirth,RCD2,L264.,Intrauterine death,C0015927,Fetal Death,narrow,P,PrA,L264.,end_of_pregnancy
StillBirth,Stillbirth,RCD2,L2640,Intrauterine death unspecified,C0015927,Fetal Death,narrow,P,PrA,L2640,end_of_pregnancy
StillBirth,Stillbirth,RCD2,L2641,Intrauterine death-delivered,C0405331,Intrauterine death - delivered,narrow,P,PrA,L2641,end_of_pregnancy
StillBirth,Stillbirth,RCD2,L264z,Intrauterine death NOS,C0015927,Fetal Death,narrow,P,PrA,L264z,end_of_pregnancy
StillBirth,Stillbirth,RCD2,Q486.,Fetal death due to TOP,C0270277,Fetal death due to termination of pregnancy- NOS,narrow,P,PrA,Q486.,end_of_pregnancy
StillBirth,Stillbirth,RCD2,Q48D.,[X] Stillbirth,C0595939,Stillbirth,narrow,P,PrA,Q48D.,end_of_pregnancy
StillBirth,Stillbirth,RCD2,Q4z..,Other perinatal conditions NOS,C0701826,Perinatal death,narrow,P,PrA,Q4z..,end_of_pregnancy
StillBirth,Stillbirth,SCTSPA,10588007,muerte perinatal,C0701826,Perinatal death,narrow,P,PrA,10588007,end_of_pregnancy
StillBirth,Stillbirth,SCTSPA,14022007,muerte fetal que afecta el manejo de la situación materna,C0269792,Fetal death- affecting management of mother,narrow,P,PrA,14022007,end_of_pregnancy
StillBirth,Stillbirth,SCTSPA,16607004,aborto inadvertido,C0000814,Missed abortion,possible,P,PrA,16607004,end_of_pregnancy
StillBirth,Stillbirth,SCTSPA,169827000,un solo mortinato,C0481458,Single stillbirth,narrow,P,PrA,169827000,end_of_pregnancy
StillBirth,Stillbirth,SCTSPA,169829002,gemelos - uno- mortinato- el otro nacido vivo,"","",narrow,P,PrA,169829002,end_of_pregnancy
StillBirth,Stillbirth,SCTSPA,169830007,gemelos- ambos mortinatos,"","",narrow,P,PrA,169830007,end_of_pregnancy
StillBirth,Stillbirth,SCTSPA,169832004,trillizos - dos nacidos vivos y un mortinato,"","",narrow,P,PrA,169832004,end_of_pregnancy
StillBirth,Stillbirth,SCTSPA,169833009,trillizos - uno nacido vivo y dos mortinatos,"","",narrow,P,PrA,169833009,end_of_pregnancy
StillBirth,Stillbirth,SCTSPA,169834003,trillizos - todos mortinatos,"","",narrow,P,PrA,169834003,end_of_pregnancy
StillBirth,Stillbirth,SCTSPA,1762004,Fetal death from asphyxia AND-OR anoxia during labor,"","",narrow,P,PrA,1762004,end_of_pregnancy
StillBirth,Stillbirth,SCTSPA,17766007,Fetal death from asphyxia AND-OR anoxia- not clear if noted before OR after onset of labor,"","",narrow,P,PrA,17766007,end_of_pregnancy
StillBirth,Stillbirth,SCTSPA,198901003,feto macerado,C0235658,Macerated fetus,possible,P,PrA,198901003,end_of_pregnancy
StillBirth,Stillbirth,SCTSPA,199068000,feto papiráceo no especificado,C0156724,Fetus papyraceous,possible,P,PrA,199068000,end_of_pregnancy
StillBirth,Stillbirth,SCTSPA,199069008,feto papiráceo - nacido,C0404857,papyraceous fetus with baby delivered,possible,P,PrA,199069008,end_of_pregnancy
StillBirth,Stillbirth,SCTSPA,199071008,feto papiráceo- SAI,C0156724,Fetus papyraceous,possible,P,PrA,199071008,end_of_pregnancy
StillBirth,Stillbirth,SCTSPA,199605001,IUD - muerte Intrauterina,C0015927,Fetal Death,narrow,P,PrA,199605001,end_of_pregnancy
StillBirth,Stillbirth,SCTSPA,199606000,muerte intrauterina no especificada,C0015927,Fetal Death,narrow,P,PrA,199606000,end_of_pregnancy
StillBirth,Stillbirth,SCTSPA,199607009,Intrauterine death - delivered,"","",narrow,P,PrA,199607009,end_of_pregnancy
StillBirth,Stillbirth,SCTSPA,199607009,muerte intrauterina - nacido (evento),"","",narrow,P,PrA,199607009,end_of_pregnancy
StillBirth,Stillbirth,SCTSPA,199608004,Intrauterine death with antenatal problem,"","",narrow,P,PrA,199608004,end_of_pregnancy
StillBirth,Stillbirth,SCTSPA,199609007,muerte intrauterina- SAI,C0015927,Fetal Death,narrow,P,PrA,199609007,end_of_pregnancy
StillBirth,Stillbirth,SCTSPA,206258000,Fetal death due to prelabor anoxia,"","",narrow,P,PrA,206258000,end_of_pregnancy
StillBirth,Stillbirth,SCTSPA,206259008,Fetal death due to labor anoxia,"","",narrow,P,PrA,206259008,end_of_pregnancy
StillBirth,Stillbirth,SCTSPA,22514005,nacimiento de término de gemelos dicigóticos- uno vivo- uno muerto,"","",narrow,P,PrA,22514005,end_of_pregnancy
StillBirth,Stillbirth,SCTSPA,237361005,Antepartum fetal death,"","",narrow,P,PrA,237361005,end_of_pregnancy
StillBirth,Stillbirth,SCTSPA,237361005,muerte fetal preparto,C0405332,Antepartum fetal death,narrow,P,PrA,237361005,end_of_pregnancy
StillBirth,Stillbirth,SCTSPA,237362003,Fetal intrapartum death,"","",narrow,P,PrA,237362003,end_of_pregnancy
StillBirth,Stillbirth,SCTSPA,237363008,Intrauterine death of one twin,"","",narrow,P,PrA,237363008,end_of_pregnancy
StillBirth,Stillbirth,SCTSPA,237364002,mortinato,C0595939,Stillbirth,narrow,P,PrA,237364002,end_of_pregnancy
StillBirth,Stillbirth,SCTSPA,237365001,mortinato reciente,"","",narrow,P,PrA,237365001,end_of_pregnancy
StillBirth,Stillbirth,SCTSPA,237366000,mortinato macerado,C0235658,Macerated fetus,narrow,P,PrA,237366000,end_of_pregnancy
StillBirth,Stillbirth,SCTSPA,276503009,muerte perinatal y neonatal,C0455986,Perinatal and neonatal death,narrow,P,PrA,276503009,end_of_pregnancy
StillBirth,Stillbirth,SCTSPA,276503009,muerte perinatal y neonatal (evento),"","",narrow,P,PrA,276503009,end_of_pregnancy
StillBirth,Stillbirth,SCTSPA,276505002,muerte neonatal tardía,"","",narrow,P,PrA,276505002,end_of_pregnancy
StillBirth,Stillbirth,SCTSPA,276506001,muerte del recién nacido (evento),"","",narrow,P,PrA,276506001,end_of_pregnancy
StillBirth,Stillbirth,SCTSPA,276507005,muerte fetal,C0015927,Fetal Death,narrow,P,PrA,276507005,end_of_pregnancy
StillBirth,Stillbirth,SCTSPA,276507005,muerte fetal (evento),"","",narrow,P,PrA,276507005,end_of_pregnancy
StillBirth,Stillbirth,SCTSPA,28996007,mortinato prematuro de sexo femenino (1000 - 2499 gramos),"","",narrow,P,PrA,28996007,end_of_pregnancy
StillBirth,Stillbirth,SCTSPA,30165006,nacimiento prematuro de gemelos dicigóticos- uno vivo- uno muerto,"","",narrow,P,PrA,30165006,end_of_pregnancy
StillBirth,Stillbirth,SCTSPA,309759009,[X]mortinato macerado,C0235658,Macerated fetus,possible,P,PrA,309759009,end_of_pregnancy
StillBirth,Stillbirth,SCTSPA,315959000,[V]mortinato único,C1313896,Encounter due to single stillbirth,narrow,P,PrA,315959000,end_of_pregnancy
StillBirth,Stillbirth,SCTSPA,315964001,[V]otro nacimiento múltiple- algunos niños nacidos vivos,C0481670,Other multiple births- some liveborn,narrow,P,PrA,315964001,end_of_pregnancy
StillBirth,Stillbirth,SCTSPA,316756005,[X]otros nacimientos múltiples- algunos vivos,C0481670,Other multiple births- some liveborn,narrow,P,PrA,316756005,end_of_pregnancy
StillBirth,Stillbirth,SCTSPA,35608009,mortinato inmaduro de sexo masculino (500 - 999 gramos),"","",narrow,P,PrA,35608009,end_of_pregnancy
StillBirth,Stillbirth,SCTSPA,3798002,nacimiento prematuro de gemelos monocigóticos- ambos muertos,"","",narrow,P,PrA,3798002,end_of_pregnancy
StillBirth,Stillbirth,SCTSPA,38257001,nacimiento de término de gemelos monocigóticos- uno vivo- otro muerto,"","",narrow,P,PrA,38257001,end_of_pregnancy
StillBirth,Stillbirth,SCTSPA,38651009,feto momificado,C3714710,Mummified Fetus,possible,P,PrA,38651009,end_of_pregnancy
StillBirth,Stillbirth,SCTSPA,391181005,muerte neonatal temprana,"","",narrow,P,PrA,391181005,end_of_pregnancy
StillBirth,Stillbirth,SCTSPA,39213008,nacimiento prematuro de mellizos idénticos- uno vivo- uno muerto,"","",narrow,P,PrA,39213008,end_of_pregnancy
StillBirth,Stillbirth,SCTSPA,399363000,muerte fetal tardía que afecta el manejo de la madre,C0269792,Fetal death- affecting management of mother,narrow,P,PrA,399363000,end_of_pregnancy
StillBirth,Stillbirth,SCTSPA,408796008,mortinato - se desconoce si la muerte fetal se produjo durante el parto o antes del trabajo de parto,"","",narrow,P,PrA,408796008,end_of_pregnancy
StillBirth,Stillbirth,SCTSPA,414249001,feto de aspecto papiráceo,C0156724,Fetus papyraceous,possible,P,PrA,414249001,end_of_pregnancy
StillBirth,Stillbirth,SCTSPA,44174001,Fetal death from asphyxia AND-OR anoxia before onset of labor,"","",narrow,P,PrA,44174001,end_of_pregnancy
StillBirth,Stillbirth,SCTSPA,44174001,muerte fetal por asfixia Y-O anoxia antes del inicio del trabajo de parto,C0270131,Fetal death from asphyxia AND-OR anoxia before onset of labor,narrow,P,PrA,44174001,end_of_pregnancy
StillBirth,Stillbirth,SCTSPA,445548006,feto muerto en útero,C2919450,Dead fetus in utero,possible,P,PrA,445548006,end_of_pregnancy
StillBirth,Stillbirth,SCTSPA,445862009,Fetal death due to asphyxia,"","",narrow,P,PrA,445862009,end_of_pregnancy
StillBirth,Stillbirth,SCTSPA,445868008,Fetal death due to anoxia,"","",narrow,P,PrA,445868008,end_of_pregnancy
StillBirth,Stillbirth,SCTSPA,446035009,Fetal death due to asphyxia during labor,"","",narrow,P,PrA,446035009,end_of_pregnancy
StillBirth,Stillbirth,SCTSPA,45513003,feto macerado,C0235658,Macerated fetus,possible,P,PrA,45513003,end_of_pregnancy
StillBirth,Stillbirth,SCTSPA,52942000,nacimiento de término de mellizos muertos,"","",narrow,P,PrA,52942000,end_of_pregnancy
StillBirth,Stillbirth,SCTSPA,54650005,nacimiento prematuro de gemelos muertos,"","",narrow,P,PrA,54650005,end_of_pregnancy
StillBirth,Stillbirth,SCTSPA,67313008,Fetal death due to termination of pregnancy,"","",narrow,P,PrA,67313008,end_of_pregnancy
StillBirth,Stillbirth,SCTSPA,67313008,muerte fetal por interrupción de embarazo (evento),"","",narrow,P,PrA,67313008,end_of_pregnancy
StillBirth,Stillbirth,SCTSPA,68509000,mortinato inmaduro de sexo femenino (500 - 999 gramos),"","",narrow,P,PrA,68509000,end_of_pregnancy
StillBirth,Stillbirth,SCTSPA,70112005,mortinato de sexo femenino (2500 gramos o más),"","",narrow,P,PrA,70112005,end_of_pregnancy
StillBirth,Stillbirth,SCTSPA,713202001,mortinato antes del parto,C3831525,Antepartum stillbirth,narrow,P,PrA,713202001,end_of_pregnancy
StillBirth,Stillbirth,SCTSPA,72543004,feto muerto inmaduro- sexo indeterminado (500 - 999 gramos),C0233339,Stillbirth of immature fetus- sex undetermined (500-999 gms.),narrow,P,PrA,72543004,end_of_pregnancy
StillBirth,Stillbirth,SCTSPA,72543004,feto muerto inmaduro- sexo indeterminado (500 - 999 gramos) (hallazgo),"","",narrow,P,PrA,72543004,end_of_pregnancy
StillBirth,Stillbirth,SCTSPA,740597009,complicación del cordón umbilical durante el trabajo de parto y el parto,C0157307,Umbilical cord complication during labor and delivery,possible,P,PrA,740597009,end_of_pregnancy
StillBirth,Stillbirth,SCTSPA,7428005,muerte fetal intrauterina que afecta el manejo de la situación materna,C0269792,Fetal death- affecting management of mother,narrow,P,PrA,7428005,end_of_pregnancy
StillBirth,Stillbirth,SCTSPA,75697004,Term birth of identical twins- both stillborn,"","",narrow,P,PrA,75697004,end_of_pregnancy
StillBirth,Stillbirth,SCTSPA,762612009,cuatrillizos mortinatos,"","",narrow,P,PrA,762612009,end_of_pregnancy
StillBirth,Stillbirth,SCTSPA,762613004,quintillizos mortinatos,"","",narrow,P,PrA,762613004,end_of_pregnancy
StillBirth,Stillbirth,SCTSPA,762614005,sextillizos mortinatos,"","",narrow,P,PrA,762614005,end_of_pregnancy
StillBirth,Stillbirth,SCTSPA,76358005,feto muerto,C0595939,Stillbirth,narrow,P,PrA,76358005,end_of_pregnancy
StillBirth,Stillbirth,SCTSPA,77714001,puntaje de Apgar 0,C0233242,Apgar score 0,narrow,P,PrA,77714001,end_of_pregnancy
StillBirth,Stillbirth,SCTSPA,77814006,mortinato prematuro de sexo masculino (1000 - 2499 gramos),"","",narrow,P,PrA,77814006,end_of_pregnancy
StillBirth,Stillbirth,SCTSPA,7860005,mortinato de sexo masculino (2500 gramos o más),C0233333,Stillbirth of mature male (2500 gms. or more),narrow,P,PrA,7860005,end_of_pregnancy
StillBirth,Stillbirth,SCTSPA,83121003,Term birth of fraternal twins- both stillborn,"","",narrow,P,PrA,83121003,end_of_pregnancy
StillBirth,Stillbirth,SCTSPA,84122000,muerte fetal,C0015927,Fetal Death,narrow,P,PrA,84122000,end_of_pregnancy
StillBirth,Stillbirth,SCTSPA,84382006,nacimiento prematuro de gemelos dicigóticos- ambos muertos,"","",narrow,P,PrA,84382006,end_of_pregnancy
StillBirth,Stillbirth,SCTSPA,90127001,feto papiráceo,C0156724,Fetus papyraceous,possible,P,PrA,90127001,end_of_pregnancy
StillBirth,Stillbirth,SNM,F31660,Abortion- missed,C0000814,Missed abortion,possible,P,PrA,F31660,end_of_pregnancy
StillBirth,Stillbirth,SNM,F33820,Apgar score 0,C0233242,Apgar score 0,narrow,P,PrA,F33820,end_of_pregnancy
StillBirth,Stillbirth,SNM,F35250,Stillbirth,C0595939,Stillbirth,narrow,P,PrA,F35250,end_of_pregnancy
StillBirth,Stillbirth,SNM,F35260,Stillbirth- mature- male (2500 gms. or more),C0233333,Stillbirth of mature male (2500 gms. or more),narrow,P,PrA,F35260,end_of_pregnancy
StillBirth,Stillbirth,SNM,M28110,Fetus papyraceus,C0156724,Fetus papyraceous,possible,P,PrA,M28110,end_of_pregnancy
StillBirth,Stillbirth,SNM,M28130,Macerated fetus,C0235658,Macerated fetus,possible,P,PrA,M28130,end_of_pregnancy
StillBirth,Stillbirth,SNM,M28140,Fetus compressus,C0156724,Fetus papyraceous,possible,P,PrA,M28140,end_of_pregnancy
StillBirth,Stillbirth,SNOMEDCT_US,10588007,Perinatal death,C0701826,Perinatal death,narrow,P,PrA,10588007,end_of_pregnancy
StillBirth,Stillbirth,SNOMEDCT_US,14022007,Fetal death- affecting management of mother,C0269792,Fetal death- affecting management of mother,narrow,P,PrA,14022007,end_of_pregnancy
StillBirth,Stillbirth,SNOMEDCT_US,147058004,Single stillbirth,C0481458,Single stillbirth,narrow,P,PrA,147058004,end_of_pregnancy
StillBirth,Stillbirth,SNOMEDCT_US,156087000,Missed abortion,C0000814,Missed abortion,possible,P,PrA,156087000,end_of_pregnancy
StillBirth,Stillbirth,SNOMEDCT_US,156131006,Papyraceous fetus,C0156724,Fetus papyraceous,possible,P,PrA,156131006,end_of_pregnancy
StillBirth,Stillbirth,SNOMEDCT_US,156184005,Intrauterine fetal death,C0015927,Fetal Death,narrow,P,PrA,156184005,end_of_pregnancy
StillBirth,Stillbirth,SNOMEDCT_US,157167009,Perinatal death,C0701826,Perinatal death,narrow,P,PrA,157167009,end_of_pregnancy
StillBirth,Stillbirth,SNOMEDCT_US,16607004,Missed miscarriage,C0000814,Missed abortion,possible,P,PrA,16607004,end_of_pregnancy
StillBirth,Stillbirth,SNOMEDCT_US,169827000,Single stillbirth,C0481458,Single stillbirth,narrow,P,PrA,169827000,end_of_pregnancy
StillBirth,Stillbirth,SNOMEDCT_US,1762004,Fetal death from asphyxia AND-OR anoxia during labor,"","",narrow,P,PrA,1762004,end_of_pregnancy
StillBirth,Stillbirth,SNOMEDCT_US,17766007,Fetal death from asphyxia AND-OR anoxia- not clear if noted before OR after onset of labor,"","",narrow,P,PrA,17766007,end_of_pregnancy
StillBirth,Stillbirth,SNOMEDCT_US,198616002,Missed abortion,C0000814,Missed abortion,possible,P,PrA,198616002,end_of_pregnancy
StillBirth,Stillbirth,SNOMEDCT_US,198901003,Macerated fetus,C0235658,Macerated fetus,possible,P,PrA,198901003,end_of_pregnancy
StillBirth,Stillbirth,SNOMEDCT_US,199068000,Papyraceous fetus unspecified,C0156724,Fetus papyraceous,possible,P,PrA,199068000,end_of_pregnancy
StillBirth,Stillbirth,SNOMEDCT_US,199069008,Papyraceous fetus - delivered,C0404857,papyraceous fetus with baby delivered,possible,P,PrA,199069008,end_of_pregnancy
StillBirth,Stillbirth,SNOMEDCT_US,199071008,Papyraceous fetus NOS,C0156724,Fetus papyraceous,possible,P,PrA,199071008,end_of_pregnancy
StillBirth,Stillbirth,SNOMEDCT_US,199605001,Antenatal death,C0015927,Fetal Death,narrow,P,PrA,199605001,end_of_pregnancy
StillBirth,Stillbirth,SNOMEDCT_US,199606000,Intrauterine death unspecified,C0015927,Fetal Death,narrow,P,PrA,199606000,end_of_pregnancy
StillBirth,Stillbirth,SNOMEDCT_US,199607009,Intrauterine death - delivered,"","",narrow,P,PrA,199607009,end_of_pregnancy
StillBirth,Stillbirth,SNOMEDCT_US,199608004,Intrauterine death with antenatal problem,"","",narrow,P,PrA,199608004,end_of_pregnancy
StillBirth,Stillbirth,SNOMEDCT_US,199609007,Intrauterine death NOS,C0015927,Fetal Death,narrow,P,PrA,199609007,end_of_pregnancy
StillBirth,Stillbirth,SNOMEDCT_US,206258000,Fetal death due to prelabor anoxia,"","",narrow,P,PrA,206258000,end_of_pregnancy
StillBirth,Stillbirth,SNOMEDCT_US,206259008,Fetal death due to labor anoxia,"","",narrow,P,PrA,206259008,end_of_pregnancy
StillBirth,Stillbirth,SNOMEDCT_US,206574009,Fetal death due to termination of pregnancy,C0270277,Fetal death due to termination of pregnancy- NOS,narrow,P,PrA,206574009,end_of_pregnancy
StillBirth,Stillbirth,SNOMEDCT_US,206581002,Stillbirth,C0595939,Stillbirth,narrow,P,PrA,206581002,end_of_pregnancy
StillBirth,Stillbirth,SNOMEDCT_US,206583004,[X]Macerated stillbirth,C0235658,Macerated fetus,possible,P,PrA,206583004,end_of_pregnancy
StillBirth,Stillbirth,SNOMEDCT_US,206602000,Perinatal death,C0701826,Perinatal death,narrow,P,PrA,206602000,end_of_pregnancy
StillBirth,Stillbirth,SNOMEDCT_US,237361005,Antepartum fetal death,"","",narrow,P,PrA,237361005,end_of_pregnancy
StillBirth,Stillbirth,SNOMEDCT_US,237361005,Antepartum fetal death,C0405332,Antepartum fetal death,narrow,P,PrA,237361005,end_of_pregnancy
StillBirth,Stillbirth,SNOMEDCT_US,237362003,Fetal intrapartum death,"","",narrow,P,PrA,237362003,end_of_pregnancy
StillBirth,Stillbirth,SNOMEDCT_US,237363008,Intrauterine death of one twin,"","",narrow,P,PrA,237363008,end_of_pregnancy
StillBirth,Stillbirth,SNOMEDCT_US,237364002,Stillbirth,C0595939,Stillbirth,narrow,P,PrA,237364002,end_of_pregnancy
StillBirth,Stillbirth,SNOMEDCT_US,237366000,Macerated stillbirth,C0235658,Macerated fetus,possible,P,PrA,237366000,end_of_pregnancy
StillBirth,Stillbirth,SNOMEDCT_US,267187007,Missed abortion,C0000814,Missed abortion,possible,P,PrA,267187007,end_of_pregnancy
StillBirth,Stillbirth,SNOMEDCT_US,267314000,Papyraceous fetus,C0156724,Fetus papyraceous,possible,P,PrA,267314000,end_of_pregnancy
StillBirth,Stillbirth,SNOMEDCT_US,268887007,Perinatal death,C0701826,Perinatal death,narrow,P,PrA,268887007,end_of_pregnancy
StillBirth,Stillbirth,SNOMEDCT_US,276503009,Perinatal and neonatal death,C0455986,Perinatal and neonatal death,narrow,P,PrA,276503009,end_of_pregnancy
StillBirth,Stillbirth,SNOMEDCT_US,276507005,Fetal death,C0015927,Fetal Death,narrow,P,PrA,276507005,end_of_pregnancy
StillBirth,Stillbirth,SNOMEDCT_US,309759009,[X]Macerated stillbirth,C0235658,Macerated fetus,possible,P,PrA,309759009,end_of_pregnancy
StillBirth,Stillbirth,SNOMEDCT_US,315959000,[V]Single stillbirth,C1313896,Encounter due to single stillbirth,narrow,P,PrA,315959000,end_of_pregnancy
StillBirth,Stillbirth,SNOMEDCT_US,315964001,[V]Other multiple birth- some live born,C0481670,Other multiple births- some liveborn,narrow,P,PrA,315964001,end_of_pregnancy
StillBirth,Stillbirth,SNOMEDCT_US,38651009,Mummified fetus,C3714710,Mummified Fetus,possible,P,PrA,38651009,end_of_pregnancy
StillBirth,Stillbirth,SNOMEDCT_US,399363000,Late fetal death affecting management of mother,C0269792,Fetal death- affecting management of mother,narrow,P,PrA,399363000,end_of_pregnancy
StillBirth,Stillbirth,SNOMEDCT_US,414249001,Fetus compressus,C0156724,Fetus papyraceous,possible,P,PrA,414249001,end_of_pregnancy
StillBirth,Stillbirth,SNOMEDCT_US,44174001,Fetal death from asphyxia AND-OR anoxia before onset of labor,"","",narrow,P,PrA,44174001,end_of_pregnancy
StillBirth,Stillbirth,SNOMEDCT_US,44174001,Fetal death from asphyxia AND-OR anoxia before onset of labor,C0270131,Fetal death from asphyxia AND-OR anoxia before onset of labor,narrow,P,PrA,44174001,end_of_pregnancy
StillBirth,Stillbirth,SNOMEDCT_US,445548006,Dead fetus in utero,C2919450,Dead fetus in utero,possible,P,PrA,445548006,end_of_pregnancy
StillBirth,Stillbirth,SNOMEDCT_US,445862009,Fetal death due to asphyxia,"","",narrow,P,PrA,445862009,end_of_pregnancy
StillBirth,Stillbirth,SNOMEDCT_US,445868008,Fetal death due to anoxia,"","",narrow,P,PrA,445868008,end_of_pregnancy
StillBirth,Stillbirth,SNOMEDCT_US,446035009,Fetal death due to asphyxia during labor,"","",narrow,P,PrA,446035009,end_of_pregnancy
StillBirth,Stillbirth,SNOMEDCT_US,45513003,Fetus sanguinolentus,C0235658,Macerated fetus,possible,P,PrA,45513003,end_of_pregnancy
StillBirth,Stillbirth,SNOMEDCT_US,67313008,Fetal death due to termination of pregnancy,"","",narrow,P,PrA,67313008,end_of_pregnancy
StillBirth,Stillbirth,SNOMEDCT_US,713202001,Antepartum stillbirth,C3831525,Antepartum stillbirth,narrow,P,PrA,713202001,end_of_pregnancy
StillBirth,Stillbirth,SNOMEDCT_US,72543004,Stillbirth of immature fetus- sex undetermined (500-999 gms.),C0233339,Stillbirth of immature fetus- sex undetermined (500-999 gms.),narrow,P,PrA,72543004,end_of_pregnancy
StillBirth,Stillbirth,SNOMEDCT_US,740597009,Umbilical cord complication during labor and delivery,C0157307,Umbilical cord complication during labor and delivery,possible,P,PrA,740597009,end_of_pregnancy
StillBirth,Stillbirth,SNOMEDCT_US,7428005,Fetal death after 22 week gestation affecting management of mother,C0269792,Fetal death- affecting management of mother,narrow,P,PrA,7428005,end_of_pregnancy
StillBirth,Stillbirth,SNOMEDCT_US,76358005,Antenatal death,C0015927,Fetal Death,narrow,P,PrA,76358005,end_of_pregnancy
StillBirth,Stillbirth,SNOMEDCT_US,76358005,Stillbirth,C0595939,Stillbirth,narrow,P,PrA,76358005,end_of_pregnancy
StillBirth,Stillbirth,SNOMEDCT_US,77714001,Apgar score 0,C0233242,Apgar score 0,narrow,P,PrA,77714001,end_of_pregnancy
StillBirth,Stillbirth,SNOMEDCT_US,7860005,Stillbirth of mature male (2500 gms. or more),C0233333,Stillbirth of mature male (2500 gms. or more),narrow,P,PrA,7860005,end_of_pregnancy
StillBirth,Stillbirth,SNOMEDCT_US,84122000,Fetal death,C0015927,Fetal Death,narrow,P,PrA,84122000,end_of_pregnancy
StillBirth,Stillbirth,SNOMEDCT_US,90127001,Fetus papyraceous,C0156724,Fetus papyraceous,possible,P,PrA,90127001,end_of_pregnancy
AtTerm,At term delivery,ICD10ES,O60.2,Term delivery with preterm labor - Preterm spontaneous labor with term delivery,"","",narrow,P,PrA,O60.2,end_of_pregnancy
BirthNarrow,Birth classified as narrow,ICD10ES,N85.5,Inversion of uterus,C0162482,Uterine Inversion,narrow,P,PrA,N85.5,end_of_pregnancy
BirthNarrow,Birth classified as narrow,ICD10ES,O42.0,Premature rupture of membranes- onset of labour within 24 hours,C0495245,Prem rupture of membranes onset of labor within 24 hours,narrow,P,PrA,O42.0,end_of_pregnancy
BirthNarrow,Birth classified as narrow,ICD10ES,O42.00,Premature rupture of membranes- onset of labor within 24 hours of rupture- unspecified weeks of gestation,C0495245,Prem rupture of membranes onset of labor within 24 hours,narrow,P,PrA,O42.00,end_of_pregnancy
BirthNarrow,Birth classified as narrow,ICD10ES,O42.02,Full-term premature rupture of membranes- onset of labor within 24 hours of rupture,"","",narrow,P,PrA,O42.02,end_of_pregnancy
BirthNarrow,Birth classified as narrow,ICD10ES,O42.1,Premature rupture of membranes- onset of labor after 24 hours - Premature rupture of membranes- onset of labor more than 24 hours following rupture,"","",narrow,P,PrA,O42.1,end_of_pregnancy
BirthNarrow,Birth classified as narrow,ICD10ES,O42.10,Premature rupture of membranes- onset of labor more than 24 hours following rupture- unspecified weeks of gestation,"","",narrow,P,PrA,O42.10,end_of_pregnancy
BirthNarrow,Birth classified as narrow,ICD10ES,O42.12,Full-term premature rupture of membranes- onset of labor more than 24 hours following rupture,"","",narrow,P,PrA,O42.12,end_of_pregnancy
BirthNarrow,Birth classified as narrow,ICD10ES,O42.2,Premature rupture of membranes- labor delayed by therapy,"","",narrow,P,PrA,Not available in CIE10-ES,end_of_pregnancy
BirthNarrow,Birth classified as narrow,ICD10ES,O42.90,Premature rupture of membranes- unspecified as to length of time between rupture and onset of labor- unspecified weeks of gestation,"","",narrow,P,PrA,O42.90,end_of_pregnancy
BirthNarrow,Birth classified as narrow,ICD10ES,O42.92,Full-term premature rupture of membranes- unspecified as to length of time between rupture and onset of labor,"","",narrow,P,PrA,O42.92,end_of_pregnancy
BirthNarrow,Birth classified as narrow,ICD10ES,O60.1,Preterm labor with preterm delivery,"","",narrow,P,PrA,O60.1,end_of_pregnancy
BirthNarrow,Birth classified as narrow,ICD10ES,O60.2,Term delivery with preterm labor,"","",narrow,P,PrA,O60.2,end_of_pregnancy
BirthNarrow,Birth classified as narrow,ICD10ES,O61,Failed induction of labour,C0269806,Failed induction of labor,possible,P,PrA,O61,end_of_pregnancy
BirthNarrow,Birth classified as narrow,ICD10ES,O61.0,Failed medical induction of labour,C0269808,Failed medical induction of labor,possible,P,PrA,O61.0,end_of_pregnancy
BirthNarrow,Birth classified as narrow,ICD10ES,O61.1,Failed instrumental induction of labor,"","",possible,P,PrA,O61.1,end_of_pregnancy
BirthNarrow,Birth classified as narrow,ICD10ES,O61.8,Other failed induction of labor,"","",possible,P,PrA,O61.8,end_of_pregnancy
BirthNarrow,Birth classified as narrow,ICD10ES,O61.9,Failed induction of labour- unspecified,C0269806,Failed induction of labor,possible,P,PrA,O61.9,end_of_pregnancy
BirthNarrow,Birth classified as narrow,ICD10ES,O62.0,Primary inadequate contractions,C0152159,Hypotonic uterine inertia,narrow,P,PrA,O62.0,end_of_pregnancy
BirthNarrow,Birth classified as narrow,ICD10ES,O62.1,Secondary uterine inertia,C0405169,Secondary uterine inertia,narrow,P,PrA,O62.1,end_of_pregnancy
BirthNarrow,Birth classified as narrow,ICD10ES,O62.2,Other uterine inertia,"","",narrow,P,PrA,O62.2,end_of_pregnancy
BirthNarrow,Birth classified as narrow,ICD10ES,O62.3,Precipitate labor,"","",narrow,P,PrA,O62.3,end_of_pregnancy
BirthNarrow,Birth classified as narrow,ICD10ES,O62.4,Hypertonic- incoordinate- and prolonged uterine contractions,"","",narrow,P,PrA,O62.4,end_of_pregnancy
BirthNarrow,Birth classified as narrow,ICD10ES,O62.8,Other abnormalities of forces of labor,"","",narrow,P,PrA,O62.8,end_of_pregnancy
BirthNarrow,Birth classified as narrow,ICD10ES,O62.9,Abnormality of forces of labor- unspecified,"","",narrow,P,PrA,O62.9,end_of_pregnancy
BirthNarrow,Birth classified as narrow,ICD10ES,O63.0,Prolonged first stage (of labor),"","",narrow,P,PrA,O63.0,end_of_pregnancy
BirthNarrow,Birth classified as narrow,ICD10ES,O63.1,Prolonged second stage (of labor),"","",narrow,P,PrA,O63.1,end_of_pregnancy
BirthNarrow,Birth classified as narrow,ICD10ES,O63.2,Delayed delivery of second twin- triplet- etc.,"","",narrow,P,PrA,O63.2,end_of_pregnancy
BirthNarrow,Birth classified as narrow,ICD10ES,O63.9,Long labor- unspecified,"","",narrow,P,PrA,O63.9,end_of_pregnancy
BirthNarrow,Birth classified as narrow,ICD10ES,O65.0,Obstructed labor due to deformed pelvis,"","",narrow,P,PrA,O65.0,end_of_pregnancy
BirthNarrow,Birth classified as narrow,ICD10ES,O65.1,Obstructed labor due to generally contracted pelvis,"","",narrow,P,PrA,O65.1,end_of_pregnancy
BirthNarrow,Birth classified as narrow,ICD10ES,O65.2,Obstructed labor due to pelvic inlet contraction,"","",narrow,P,PrA,O65.2,end_of_pregnancy
BirthNarrow,Birth classified as narrow,ICD10ES,O65.3,Obstructed labor due to pelvic outlet and mid-cavity contraction,"","",narrow,P,PrA,O65.3,end_of_pregnancy
BirthNarrow,Birth classified as narrow,ICD10ES,O65.4,Obstructed labor due to fetopelvic disproportion- unspecified,"","",narrow,P,PrA,O65.4,end_of_pregnancy
BirthNarrow,Birth classified as narrow,ICD10ES,O65.5,Obstructed labor due to abnormality of maternal pelvic organs,"","",narrow,P,PrA,O65.5,end_of_pregnancy
BirthNarrow,Birth classified as narrow,ICD10ES,O65.8,Obstructed labor due to other maternal pelvic abnormalities,"","",narrow,P,PrA,O65.8,end_of_pregnancy
BirthNarrow,Birth classified as narrow,ICD10ES,O65.9,Obstructed labor due to maternal pelvic abnormality- unspecified,"","",narrow,P,PrA,O65.9,end_of_pregnancy
BirthNarrow,Birth classified as narrow,ICD10ES,O66.0,Obstructed labor due to shoulder dystocia,"","",narrow,P,PrA,O66.0,end_of_pregnancy
BirthNarrow,Birth classified as narrow,ICD10ES,O66.1,Obstructed labor due to locked twins,"","",narrow,P,PrA,O66.1,end_of_pregnancy
BirthNarrow,Birth classified as narrow,ICD10ES,O66.2,Obstructed labor due to unusually large fetus,"","",narrow,P,PrA,O66.2,end_of_pregnancy
BirthNarrow,Birth classified as narrow,ICD10ES,O66.3,Obstructed labor due to other abnormalities of fetus,"","",narrow,P,PrA,O66.3,end_of_pregnancy
BirthNarrow,Birth classified as narrow,ICD10ES,O66.4,Failed trial of labor- unspecified - Failed trial of labor,"","",possible,P,PrA,O66.4,end_of_pregnancy
BirthNarrow,Birth classified as narrow,ICD10ES,O66.40,Failed trial of labor- unspecified,"","",possible,P,PrA,O66.40,end_of_pregnancy
BirthNarrow,Birth classified as narrow,ICD10ES,O66.41,Failed attempted vaginal birth after previous cesarean delivery,"","",possible,P,PrA,O66.41,end_of_pregnancy
BirthNarrow,Birth classified as narrow,ICD10ES,O66.5,Failed application of vacuum extractor and forceps- unspecified - Attempted application of vacuum extractor and forceps,"","",possible,P,PrA,O66.5,end_of_pregnancy
BirthNarrow,Birth classified as narrow,ICD10ES,O66.6,Obstructed labor due to other multiple fetuses,"","",narrow,P,PrA,O66.6,end_of_pregnancy
BirthNarrow,Birth classified as narrow,ICD10ES,O66.8,Other specified obstructed labor,"","",narrow,P,PrA,O66.8,end_of_pregnancy
BirthNarrow,Birth classified as narrow,ICD10ES,O66.9,Obstructed labor- unspecified,"","",narrow,P,PrA,O66.9,end_of_pregnancy
BirthNarrow,Birth classified as narrow,ICD10ES,O67.0,Intrapartum haemorrhage with coagulation defect - Intrapartum hemorrhage with coagulation defect,"","",narrow,P,PrA,O67.0,end_of_pregnancy
BirthNarrow,Birth classified as narrow,ICD10ES,O67.8,Other intrapartum hemorrhage - Other intrapartum haemorrhage,"","",narrow,P,PrA,O67.8,end_of_pregnancy
BirthNarrow,Birth classified as narrow,ICD10ES,O67.9,Intrapartum hemorrhage- unspecified - Intrapartum haemorrhage- unspecified,"","",narrow,P,PrA,O67.9,end_of_pregnancy
BirthNarrow,Birth classified as narrow,ICD10ES,O68.0,Labour and delivery complicated by fetal heart rate anomaly,"","",narrow,P,PrA,Not available in CIE10-ES,end_of_pregnancy
BirthNarrow,Birth classified as narrow,ICD10ES,O68.1,Labour and delivery complicated by meconium in amniotic fluid,"","",narrow,P,PrA,Not available in CIE10-ES,end_of_pregnancy
BirthNarrow,Birth classified as narrow,ICD10ES,O68.2,Labour and delivery complicated by fetal heart rate anomaly with meconium in amniotic fluid,"","",narrow,P,PrA,Not available in CIE10-ES,end_of_pregnancy
BirthNarrow,Birth classified as narrow,ICD10ES,O68.3,Labour and delivery complicated by biochemical evidence of fetal stress,"","",narrow,P,PrA,Not available in CIE10-ES,end_of_pregnancy
BirthNarrow,Birth classified as narrow,ICD10ES,O68.8,Labour and delivery complicated by other evidence of fetal stress,"","",narrow,P,PrA,Not available in CIE10-ES,end_of_pregnancy
BirthNarrow,Birth classified as narrow,ICD10ES,O68.9,Labour and delivery complicated by fetal stress- unspecified,"","",narrow,P,PrA,Not available in CIE10-ES,end_of_pregnancy
BirthNarrow,Birth classified as narrow,ICD10ES,O69.8,Labor and delivery complicated by other cord complications - Labour and delivery complicated by other cord complications,"","",narrow,P,PrA,O69.8,end_of_pregnancy
BirthNarrow,Birth classified as narrow,ICD10ES,O70,Perineal laceration during delivery,C0269859,Obstetrical laceration,narrow,P,PrA,O70,end_of_pregnancy
BirthNarrow,Birth classified as narrow,ICD10ES,O70.0,First degree perineal laceration during delivery,"","",narrow,P,PrA,O70.0,end_of_pregnancy
BirthNarrow,Birth classified as narrow,ICD10ES,O70.1,Second degree perineal laceration during delivery,C0269870,Second degree perineal laceration,narrow,P,PrA,O70.1,end_of_pregnancy
BirthNarrow,Birth classified as narrow,ICD10ES,O70.2,Third degree perineal laceration during delivery,C0269874,Third degree perineal laceration,narrow,P,PrA,O70.2,end_of_pregnancy
BirthNarrow,Birth classified as narrow,ICD10ES,O70.20,Third degree perineal laceration during delivery- unspecified,"","",narrow,P,PrA,O70.20,end_of_pregnancy
BirthNarrow,Birth classified as narrow,ICD10ES,O70.21,Third degree perineal laceration during delivery- IIIa,"","",narrow,P,PrA,O70.21,end_of_pregnancy
BirthNarrow,Birth classified as narrow,ICD10ES,O70.22,Third degree perineal laceration during delivery- IIIb,"","",narrow,P,PrA,O70.22,end_of_pregnancy
BirthNarrow,Birth classified as narrow,ICD10ES,O70.23,Third degree perineal laceration during delivery- IIIc,"","",narrow,P,PrA,O70.23,end_of_pregnancy
BirthNarrow,Birth classified as narrow,ICD10ES,O70.3,Fourth degree perineal laceration during delivery,"","",narrow,P,PrA,O70.3,end_of_pregnancy
BirthNarrow,Birth classified as narrow,ICD10ES,O70.4,Anal sphincter tear complicating delivery- not associated with third degree laceration,"","",narrow,P,PrA,O70.4,end_of_pregnancy
BirthNarrow,Birth classified as narrow,ICD10ES,O70.9,Perineal laceration during delivery- unspecified,"","",narrow,P,PrA,O70.9,end_of_pregnancy
BirthNarrow,Birth classified as narrow,ICD10ES,O70.9,Perineal laceration during delivery- unspecified,C0269859,Obstetrical laceration,narrow,P,PrA,O70.9,end_of_pregnancy
BirthNarrow,Birth classified as narrow,ICD10ES,O71.0,Rupture of uterus (spontaneous) before onset of labor - Rupture of uterus before onset of labor,"","",narrow,P,PrA,O71.0,end_of_pregnancy
BirthNarrow,Birth classified as narrow,ICD10ES,O71.00,Rupture of uterus before onset of labor- unspecified trimester,"","",narrow,P,PrA,O71.00,end_of_pregnancy
BirthNarrow,Birth classified as narrow,ICD10ES,O71.02,Rupture of uterus before onset of labor- second trimester,"","",narrow,P,PrA,O71.02,end_of_pregnancy
BirthNarrow,Birth classified as narrow,ICD10ES,O71.03,Rupture of uterus before onset of labor- third trimester,"","",narrow,P,PrA,O71.03,end_of_pregnancy
BirthNarrow,Birth classified as narrow,ICD10ES,O71.1,Rupture of uterus during labor,"","",narrow,P,PrA,O71.1,end_of_pregnancy
BirthNarrow,Birth classified as narrow,ICD10ES,O71.3,Obstetric laceration of cervix,"","",narrow,P,PrA,O71.3,end_of_pregnancy
BirthNarrow,Birth classified as narrow,ICD10ES,O71.3,Obstetric laceration of cervix,C0157358,Laceration of cervix - obstetric,narrow,P,PrA,O71.3,end_of_pregnancy
BirthNarrow,Birth classified as narrow,ICD10ES,O71.4,Obstetric high vaginal laceration alone - Obstetric high vaginal laceration,"","",narrow,P,PrA,O71.4,end_of_pregnancy
BirthNarrow,Birth classified as narrow,ICD10ES,O71.5,Other obstetric injury to pelvic organs,"","",narrow,P,PrA,O71.5,end_of_pregnancy
BirthNarrow,Birth classified as narrow,ICD10ES,O71.6,Obstetric damage to pelvic joints and ligaments,"","",narrow,P,PrA,O71.6,end_of_pregnancy
BirthNarrow,Birth classified as narrow,ICD10ES,O71.7,Obstetric haematoma of pelvis,C0269895,Pelvic hematoma during delivery,narrow,P,PrA,O71.7,end_of_pregnancy
BirthNarrow,Birth classified as narrow,ICD10ES,O71.8,Other specified obstetric trauma,"","",narrow,P,PrA,O71.8,end_of_pregnancy
BirthNarrow,Birth classified as narrow,ICD10ES,O71.81,Laceration of uterus- not elsewhere classified,"","",narrow,P,PrA,O71.81,end_of_pregnancy
BirthNarrow,Birth classified as narrow,ICD10ES,O71.82,Other specified trauma to perineum and vulva,"","",narrow,P,PrA,O71.82,end_of_pregnancy
BirthNarrow,Birth classified as narrow,ICD10ES,O71.89,Other specified obstetric trauma,"","",narrow,P,PrA,O71.89,end_of_pregnancy
BirthNarrow,Birth classified as narrow,ICD10ES,O71.9,Obstetric trauma- unspecified,"","",narrow,P,PrA,O71.9,end_of_pregnancy
BirthNarrow,Birth classified as narrow,ICD10ES,O73,Retained placenta and membranes- without haemorrhage,C0157404,Retained placenta or membranes- without haemorrhage,narrow,P,PrA,O73,end_of_pregnancy
BirthNarrow,Birth classified as narrow,ICD10ES,O73.0,Retained placenta without haemorrhage,C0269905,Retained placenta- without hemorrhage,narrow,P,PrA,O73.0,end_of_pregnancy
BirthNarrow,Birth classified as narrow,ICD10ES,O73.1,Retained portions of placenta and membranes- without haemorrhage,C0157408,Retained portions of placenta AND-OR membranes without hemorrhage,narrow,P,PrA,O73.1,end_of_pregnancy
BirthNarrow,Birth classified as narrow,ICD10ES,O74.0,Aspiration pneumonitis due to anaesthesia during labor and delivery - Aspiration pneumonitis due to anesthesia during labor and delivery,"","",narrow,P,PrA,O74.0,end_of_pregnancy
BirthNarrow,Birth classified as narrow,ICD10ES,O74.1,Other pulmonary complications of anesthesia during labor and delivery - Other pulmonary complications of anaesthesia during labor and delivery,"","",narrow,P,PrA,O74.1,end_of_pregnancy
BirthNarrow,Birth classified as narrow,ICD10ES,O74.2,Cardiac complications of anesthesia during labor and delivery - Cardiac complications of anaesthesia during labor and delivery,"","",narrow,P,PrA,O74.2,end_of_pregnancy
BirthNarrow,Birth classified as narrow,ICD10ES,O74.3,Central nervous system complications of anaesthesia during labor and delivery - Central nervous system complications of anesthesia during labor and delivery,"","",narrow,P,PrA,O74.3,end_of_pregnancy
BirthNarrow,Birth classified as narrow,ICD10ES,O74.4,Toxic reaction to local anesthesia during labor and delivery - Toxic reaction to local anaesthesia during labor and delivery,"","",narrow,P,PrA,O74.4,end_of_pregnancy
BirthNarrow,Birth classified as narrow,ICD10ES,O74.5,Spinal and epidural anaesthesia-induced headache during labor and delivery - Spinal and epidural anesthesia-induced headache during labor and delivery,"","",narrow,P,PrA,O74.5,end_of_pregnancy
BirthNarrow,Birth classified as narrow,ICD10ES,O74.6,Other complications of spinal and epidural anesthesia during labor and delivery - Other complications of spinal and epidural anaesthesia during labor and delivery,"","",narrow,P,PrA,O74.6,end_of_pregnancy
BirthNarrow,Birth classified as narrow,ICD10ES,O74.7,Failed or difficult intubation during labor and delivery - Failed or difficult intubation for anesthesia during labor and delivery,"","",possible,P,PrA,O74.7,end_of_pregnancy
BirthNarrow,Birth classified as narrow,ICD10ES,O74.8,Other complications of anaesthesia during labor and delivery - Other complications of anesthesia during labor and delivery,"","",narrow,P,PrA,O74.8,end_of_pregnancy
BirthNarrow,Birth classified as narrow,ICD10ES,O74.9,Complication of anesthesia during labor and delivery- unspecified - Complication of anaesthesia during labor and delivery- unspecified,"","",narrow,P,PrA,O74.9,end_of_pregnancy
BirthNarrow,Birth classified as narrow,ICD10ES,O75.0,Maternal distress during labor and delivery,"","",narrow,P,PrA,O75.0,end_of_pregnancy
BirthNarrow,Birth classified as narrow,ICD10ES,O75.1,Shock during or following labour and delivery,C0157450,Shock during AND-OR following labor AND-OR delivery,narrow,P,PrA,O75.1,end_of_pregnancy
BirthNarrow,Birth classified as narrow,ICD10ES,O75.2,Pyrexia during labor- not elsewhere classified,"","",narrow,P,PrA,O75.2,end_of_pregnancy
BirthNarrow,Birth classified as narrow,ICD10ES,O75.3,Other infection during labor,"","",narrow,P,PrA,O75.3,end_of_pregnancy
BirthNarrow,Birth classified as narrow,ICD10ES,O75.4,Other complications of obstetric surgery and procedures,"","",narrow,P,PrA,O75.4,end_of_pregnancy
BirthNarrow,Birth classified as narrow,ICD10ES,O75.5,Delayed delivery after artificial rupture of membranes,"","",narrow,P,PrA,O75.5,end_of_pregnancy
BirthNarrow,Birth classified as narrow,ICD10ES,O75.6,Delayed delivery after spontaneous or unspecified rupture of membranes,"","",narrow,P,PrA,Not available in CIE10-ES,end_of_pregnancy
BirthNarrow,Birth classified as narrow,ICD10ES,O75.7,Vaginal delivery following previous caesarean section,"","",narrow,P,PrA,Not available in CIE10-ES,end_of_pregnancy
BirthNarrow,Birth classified as narrow,ICD10ES,O75.8,Other specified complications of labor and delivery,"","",narrow,P,PrA,O75.8,end_of_pregnancy
BirthNarrow,Birth classified as narrow,ICD10ES,O75.81,Maternal exhaustion complicating labor and delivery,"","",narrow,P,PrA,O75.81,end_of_pregnancy
BirthNarrow,Birth classified as narrow,ICD10ES,O75.82,Onset (spontaneous) of labor after 37 completed weeks of gestation but before 39 completed weeks gestation- with delivery by (planned) cesarean section,"","",narrow,P,PrA,O75.82,end_of_pregnancy
BirthNarrow,Birth classified as narrow,ICD10ES,O75.89,Other specified complications of labor and delivery,"","",narrow,P,PrA,O75.89,end_of_pregnancy
BirthNarrow,Birth classified as narrow,ICD10ES,O75.9,Complication of labour and delivery- unspecified,C0269815,Complication of labor and delivery- unspecified,narrow,P,PrA,O75.9,end_of_pregnancy
BirthNarrow,Birth classified as narrow,ICD10ES,O77.0,Labor and delivery complicated by meconium in amniotic fluid,"","",narrow,P,PrA,O77.0,end_of_pregnancy
BirthNarrow,Birth classified as narrow,ICD10ES,O77.1,Fetal stress in labor or delivery due to drug administration,"","",narrow,P,PrA,O77.1,end_of_pregnancy
BirthNarrow,Birth classified as narrow,ICD10ES,O77.8,Labor and delivery complicated by other evidence of fetal stress,"","",narrow,P,PrA,O77.8,end_of_pregnancy
BirthNarrow,Birth classified as narrow,ICD10ES,O77.9,Labor and delivery complicated by fetal stress- unspecified,"","",narrow,P,PrA,O77.9,end_of_pregnancy
BirthNarrow,Birth classified as narrow,ICD10ES,O82.0,Delivery by elective caesarean section,"","",narrow,P,PrA,Not available in CIE10-ES,end_of_pregnancy
BirthNarrow,Birth classified as narrow,ICD10ES,O82.1,Delivery by emergency caesarean section,"","",narrow,P,PrA,Not available in CIE10-ES,end_of_pregnancy
BirthNarrow,Birth classified as narrow,ICD10ES,O82.2,Delivery by caesarean hysterectomy,"","",narrow,P,PrA,Not available in CIE10-ES,end_of_pregnancy
BirthNarrow,Birth classified as narrow,ICD10ES,O82.8,Other single delivery by caesarean section,"","",narrow,P,PrA,Not available in CIE10-ES,end_of_pregnancy
BirthNarrow,Birth classified as narrow,ICD10ES,O82.9,Delivery by caesarean section- unspecified,"","",narrow,P,PrA,Not available in CIE10-ES,end_of_pregnancy
BirthNarrow,Birth classified as narrow,ICD10ES,O82.9,Delivery by caesarean section- unspecified,C0007876,Cesarean section,narrow,P,PrA,Not available in CIE10-ES,end_of_pregnancy
BirthNarrow,Birth classified as narrow,ICD10ES,Z33.8,Planned birth,"","",narrow,P,PrA,Not available in CIE10-ES,end_of_pregnancy
BirthNarrow,Birth classified as narrow,ICD10ES,Z37.0,Single live birth,C1313895,Encounter due to single live birth,narrow,P,PrA,Z37.0,end_of_pregnancy
BirthNarrow,Birth classified as narrow,ICD10ES,Z37.2,Twins- both liveborn,C0481459,Encounter due to birth of twins- both live born,narrow,P,PrA,Z37.2,end_of_pregnancy
BirthNarrow,Birth classified as narrow,ICD10ES,Z37.60,Multiple births- unspecified- some liveborn,"","",narrow,P,PrA,Z37.60,end_of_pregnancy
BirthNarrow,Birth classified as narrow,ICD10ES,Z37.61,Triplets- some liveborn,"","",narrow,P,PrA,Z37.61,end_of_pregnancy
BirthNarrow,Birth classified as narrow,ICD10ES,Z37.62,Quadruplets- some liveborn,"","",narrow,P,PrA,Z37.62,end_of_pregnancy
BirthNarrow,Birth classified as narrow,ICD10ES,Z37.63,Quintuplets- some liveborn,"","",narrow,P,PrA,Z37.63,end_of_pregnancy
BirthNarrow,Birth classified as narrow,ICD10ES,Z37.64,Sextuplets- some liveborn,"","",narrow,P,PrA,Z37.64,end_of_pregnancy
BirthNarrow,Birth classified as narrow,ICD10ES,Z37.69,Other multiple births- some liveborn,"","",narrow,P,PrA,Z37.69,end_of_pregnancy
BirthPossible2,Birth classified as possible,ICD10ES,N85.5,Inversion of uterus,C0162482,Uterine Inversion,narrow,P,PrA,N85.5,ongoing_pregnancy
BirthPossible1,Birth classified as possible,ICD10ES,O42,Premature rupture of membranes,C0015944,Fetal Membranes- Premature Rupture,narrow,P,PrA,O42,ongoing_pregnancy
BirthPossible1,Birth classified as possible,ICD10ES,O42.9,Premature rupture of membranes- unspecified,C0015944,Fetal Membranes- Premature Rupture,narrow,P,PrA,O42.9,ongoing_pregnancy
BirthPossible1,Birth classified as possible,ICD10ES,O48,Prolonged pregnancy,C0032993,Pregnancy- Prolonged,narrow,P,PrA,O48,ongoing_pregnancy
BirthPossible1,Birth classified as possible,ICD10ES,O48.0,Post-term pregnancy,C0032993,Pregnancy- Prolonged,narrow,P,PrA,O48.0,ongoing_pregnancy
BirthPossible1,Birth classified as possible,ICD10ES,O48.1,Prolonged pregnancy,C0032993,Pregnancy- Prolonged,narrow,P,PrA,O48.1,ongoing_pregnancy
BirthPossible3,Birth classified as possible,ICD10ES,O60.0,Preterm labor without delivery,"","","","","",O60.0,ongoing_pregnancy
BirthPossible3,Birth classified as possible,ICD10ES,O60.00,Preterm labor without delivery- unspecified trimester,"","",narrow,P,PrA,O60.00,ongoing_pregnancy
BirthPossible3,Birth classified as possible,ICD10ES,O60.02,Preterm labor without delivery- second trimester,"","",narrow,P,PrA,O60.02,ongoing_pregnancy
BirthPossible3,Birth classified as possible,ICD10ES,O60.03,Preterm labor without delivery- third trimester,"","",narrow,P,PrA,O60.03,ongoing_pregnancy
EctopicPregnancy,Ectopic Pregnancy,ICD10ES,O00,Ectopic pregnancy,C0032987,Ectopic Pregnancy,narrow,P,PrA,O00,interruption_pregnancy
EctopicPregnancy,Ectopic Pregnancy,ICD10ES,O00.0,Abdominal pregnancy,C0032984,Pregnancy- Abdominal,narrow,P,PrA,O00.0,interruption_pregnancy
EctopicPregnancy,Ectopic Pregnancy,ICD10ES,O00.1,Tubal pregnancy,C0032994,Pregnancy- Tubal,narrow,P,PrA,O00.1,interruption_pregnancy
EctopicPregnancy,Ectopic Pregnancy,ICD10ES,O00.2,Ovarian pregnancy,C0032991,Pregnancy- Ovarian,narrow,P,PrA,O00.2,interruption_pregnancy
EctopicPregnancy,Ectopic Pregnancy,ICD10ES,O00.8,Other ectopic pregnancy,C0029604,Other ectopic pregnancy,narrow,P,PrA,O00.8,interruption_pregnancy
EctopicPregnancy,Ectopic Pregnancy,ICD10ES,O00.9,Ectopic pregnancy- unspecified,C0032987,Ectopic Pregnancy,narrow,P,PrA,O00.9,interruption_pregnancy
ELECTTERM,Elective termination,ICD10ES,O04,Medical abortion,C3146283,Medical abortion (finding),narrow,P,PrA,O04,end_of_pregnancy
ELECTTERM,Elective termination,ICD10ES,O04.0,Medical abortion- incomplete- complicated by genital tract and pelvic infection,"","",narrow,P,PrA,Not available in CIE10-ES,end_of_pregnancy
ELECTTERM,Elective termination,ICD10ES,O04.1,Medical abortion- incomplete- complicated by delayed or excessive haemorrhage,"","",narrow,P,PrA,Not available in CIE10-ES,end_of_pregnancy
ELECTTERM,Elective termination,ICD10ES,O04.2,Medical abortion- incomplete- complicated by embolism,"","",narrow,P,PrA,Not available in CIE10-ES,end_of_pregnancy
ELECTTERM,Elective termination,ICD10ES,O04.3,Medical abortion- incomplete- with other and unspecified complications,"","",narrow,P,PrA,Not available in CIE10-ES,end_of_pregnancy
ELECTTERM,Elective termination,ICD10ES,O04.4,Medical abortion- incomplete- without complication,"","",narrow,P,PrA,Not available in CIE10-ES,end_of_pregnancy
ELECTTERM,Elective termination,ICD10ES,O04.5,Genital tract and pelvic infection following (induced) termination of pregnancy - Medical abortion- complete or unspecified- complicated by genital tract and pelvic infection,"","",narrow,P,PrA,O04.5,end_of_pregnancy
ELECTTERM,Elective termination,ICD10ES,O04.6,Medical abortion- complete or unspecified- complicated by delayed or excessive haemorrhage - Delayed or excessive hemorrhage following (induced) termination of pregnancy,"","",narrow,P,PrA,O04.6,end_of_pregnancy
ELECTTERM,Elective termination,ICD10ES,O04.7,Medical abortion- complete or unspecified- complicated by embolism - Embolism following (induced) termination of pregnancy,"","",narrow,P,PrA,O04.7,end_of_pregnancy
ELECTTERM,Elective termination,ICD10ES,O04.8,Medical abortion- complete or unspecified- with other and unspecified complications - (Induced) termination of pregnancy with other and unspecified complications,"","",narrow,P,PrA,O04.8,end_of_pregnancy
ELECTTERM,Elective termination,ICD10ES,O04.80,(Induced) termination of pregnancy with unspecified complications,"","",narrow,P,PrA,O04.80,end_of_pregnancy
ELECTTERM,Elective termination,ICD10ES,O04.81,Shock following (induced) termination of pregnancy,"","",narrow,P,PrA,O04.81,end_of_pregnancy
ELECTTERM,Elective termination,ICD10ES,O04.82,Renal failure following (induced) termination of pregnancy,"","",narrow,P,PrA,O04.82,end_of_pregnancy
ELECTTERM,Elective termination,ICD10ES,O04.83,Metabolic disorder following (induced) termination of pregnancy,"","",narrow,P,PrA,O04.83,end_of_pregnancy
ELECTTERM,Elective termination,ICD10ES,O04.84,Damage to pelvic organs following (induced) termination of pregnancy,"","",narrow,P,PrA,O04.84,end_of_pregnancy
ELECTTERM,Elective termination,ICD10ES,O04.85,Other venous complications following (induced) termination of pregnancy,"","",narrow,P,PrA,O04.85,end_of_pregnancy
ELECTTERM,Elective termination,ICD10ES,O04.86,Cardiac arrest following (induced) termination of pregnancy,"","",narrow,P,PrA,O04.86,end_of_pregnancy
ELECTTERM,Elective termination,ICD10ES,O04.87,Sepsis following (induced) termination of pregnancy,"","",narrow,P,PrA,O04.87,end_of_pregnancy
ELECTTERM,Elective termination,ICD10ES,O04.88,Urinary tract infection following (induced) termination of pregnancy,"","",narrow,P,PrA,O04.88,end_of_pregnancy
ELECTTERM,Elective termination,ICD10ES,O04.89,(Induced) termination of pregnancy with other complications,"","",narrow,P,PrA,O04.89,end_of_pregnancy
ELECTTERM,Elective termination,ICD10ES,O04.9,Medical abortion- complete or unspecified- without complication,"","",narrow,P,PrA,Not available in CIE10-ES,end_of_pregnancy
ELECTTERM,Elective termination,ICD10ES,O05,Other abortion,C0477801,Other abortion,possible,P,PrA,Not available in CIE10-ES,end_of_pregnancy
ELECTTERM,Elective termination,ICD10ES,O05.0,Other abortion- incomplete- complicated by genital tract and pelvic infection,"","",possible,P,PrA,Not available in CIE10-ES,end_of_pregnancy
ELECTTERM,Elective termination,ICD10ES,O05.1,Other abortion- incomplete- complicated by delayed or excessive haemorrhage,"","",possible,P,PrA,Not available in CIE10-ES,end_of_pregnancy
ELECTTERM,Elective termination,ICD10ES,O05.2,Other abortion- incomplete- complicated by embolism,"","",possible,P,PrA,Not available in CIE10-ES,end_of_pregnancy
ELECTTERM,Elective termination,ICD10ES,O05.3,Other abortion- incomplete- with other and unspecified complications,"","",possible,P,PrA,Not available in CIE10-ES,end_of_pregnancy
ELECTTERM,Elective termination,ICD10ES,O05.4,Other abortion- incomplete- without complication,"","",possible,P,PrA,Not available in CIE10-ES,end_of_pregnancy
ELECTTERM,Elective termination,ICD10ES,O05.5,Other abortion- complete or unspecified- complicated by genital tract and pelvic infection,"","",possible,P,PrA,Not available in CIE10-ES,end_of_pregnancy
ELECTTERM,Elective termination,ICD10ES,O05.6,Other abortion- complete or unspecified- complicated by delayed or excessive haemorrhage,"","",possible,P,PrA,Not available in CIE10-ES,end_of_pregnancy
ELECTTERM,Elective termination,ICD10ES,O05.7,Other abortion- complete or unspecified- complicated by embolism,"","",possible,P,PrA,Not available in CIE10-ES,end_of_pregnancy
ELECTTERM,Elective termination,ICD10ES,O05.8,Other abortion- complete or unspecified- with other and unspecified complications,"","",possible,P,PrA,Not available in CIE10-ES,end_of_pregnancy
ELECTTERM,Elective termination,ICD10ES,O05.9,Other abortion- complete or unspecified- without complication,"","",possible,P,PrA,Not available in CIE10-ES,end_of_pregnancy
ELECTTERM,Elective termination,ICD10ES,O06,Unspecified abortion,C0156543,Unspecified Abortion,possible,P,PrA,Not available in CIE10-ES,end_of_pregnancy
ELECTTERM,Elective termination,ICD10ES,O06.0,Unspecified abortion- incomplete- complicated by genital tract and pelvic infection,C0156546,Unspecified abortion- incomplete- complicated by genital tract and pelvic infection,possible,P,PrA,Not available in CIE10-ES,end_of_pregnancy
ELECTTERM,Elective termination,ICD10ES,O06.1,Unspecified abortion- incomplete- complicated by delayed or excessive haemorrhage,"","",possible,P,PrA,Not available in CIE10-ES,end_of_pregnancy
ELECTTERM,Elective termination,ICD10ES,O06.2,Unspecified abortion- incomplete- complicated by embolism,"","",possible,P,PrA,Not available in CIE10-ES,end_of_pregnancy
ELECTTERM,Elective termination,ICD10ES,O06.3,Unspecified abortion- incomplete- with other and unspecified complications,"","",possible,P,PrA,Not available in CIE10-ES,end_of_pregnancy
ELECTTERM,Elective termination,ICD10ES,O06.4,Unspecified abortion- incomplete- without complication,"","",possible,P,PrA,Not available in CIE10-ES,end_of_pregnancy
ELECTTERM,Elective termination,ICD10ES,O06.5,Unspecified abortion- complete or unspecified- complicated by genital tract and pelvic infection,"","",possible,P,PrA,Not available in CIE10-ES,end_of_pregnancy
ELECTTERM,Elective termination,ICD10ES,O06.6,Unspecified abortion- complete or unspecified- complicated by delayed or excessive haemorrhage,"","",possible,P,PrA,Not available in CIE10-ES,end_of_pregnancy
ELECTTERM,Elective termination,ICD10ES,O06.7,Unspecified abortion- complete or unspecified- complicated by embolism,"","",possible,P,PrA,Not available in CIE10-ES,end_of_pregnancy
ELECTTERM,Elective termination,ICD10ES,O06.8,Unspecified abortion- complete or unspecified- with other and unspecified complications,"","",possible,P,PrA,Not available in CIE10-ES,end_of_pregnancy
ELECTTERM,Elective termination,ICD10ES,O06.9,Unspecified abortion- complete or unspecified- without complication,"","",possible,P,PrA,Not available in CIE10-ES,end_of_pregnancy
ELECTTERM,Elective termination,ICD10ES,O07,Failed attempted abortion,C0392536,Failed attempted abortion,narrow,P,PrA,O07,end_of_pregnancy
ELECTTERM,Elective termination,ICD10ES,O07.0,Genital tract and pelvic infection following failed attempted termination of pregnancy - Failed medical abortion- complicated by genital tract and pelvic infection,"","",narrow,P,PrA,O07.0,end_of_pregnancy
ELECTTERM,Elective termination,ICD10ES,O07.1,Delayed or excessive hemorrhage following failed attempted termination of pregnancy - Failed medical abortion- complicated by delayed or excessive haemorrhage,"","",narrow,P,PrA,O07.1,end_of_pregnancy
ELECTTERM,Elective termination,ICD10ES,O07.2,Failed medical abortion- complicated by embolism - Embolism following failed attempted termination of pregnancy,"","",narrow,P,PrA,O07.2,end_of_pregnancy
ELECTTERM,Elective termination,ICD10ES,O07.3,Failed medical abortion- with other and unspecified complications,C0477802,Failed medical abortion- with other and unspecified complications,narrow,P,PrA,O07.3,end_of_pregnancy
ELECTTERM,Elective termination,ICD10ES,O07.30,Failed attempted termination of pregnancy with unspecified complications,"","",narrow,P,PrA,O07.30,end_of_pregnancy
ELECTTERM,Elective termination,ICD10ES,O07.31,Shock following failed attempted termination of pregnancy,"","",narrow,P,PrA,O07.31,end_of_pregnancy
ELECTTERM,Elective termination,ICD10ES,O07.32,Renal failure following failed attempted termination of pregnancy,"","",narrow,P,PrA,O07.32,end_of_pregnancy
ELECTTERM,Elective termination,ICD10ES,O07.33,Metabolic disorder following failed attempted termination of pregnancy,"","",narrow,P,PrA,O07.33,end_of_pregnancy
ELECTTERM,Elective termination,ICD10ES,O07.34,Damage to pelvic organs following failed attempted termination of pregnancy,"","",narrow,P,PrA,O07.34,end_of_pregnancy
ELECTTERM,Elective termination,ICD10ES,O07.35,Other venous complications following failed attempted termination of pregnancy,"","",narrow,P,PrA,O07.35,end_of_pregnancy
ELECTTERM,Elective termination,ICD10ES,O07.36,Cardiac arrest following failed attempted termination of pregnancy,"","",narrow,P,PrA,O07.36,end_of_pregnancy
ELECTTERM,Elective termination,ICD10ES,O07.37,Sepsis following failed attempted termination of pregnancy,"","",narrow,P,PrA,O07.37,end_of_pregnancy
ELECTTERM,Elective termination,ICD10ES,O07.38,Urinary tract infection following failed attempted termination of pregnancy,"","",narrow,P,PrA,O07.38,end_of_pregnancy
ELECTTERM,Elective termination,ICD10ES,O07.39,Failed attempted termination of pregnancy with other complications,"","",narrow,P,PrA,O07.39,end_of_pregnancy
ELECTTERM,Elective termination,ICD10ES,O07.4,Failed medical abortion- without complication,C0451793,Failed medical termination of pregnancy- without complication,narrow,P,PrA,O07.4,end_of_pregnancy
ELECTTERM,Elective termination,ICD10ES,O07.5,Other and unspecified failed attempted abortion- complicated by genital tract and pelvic infection,"","",narrow,P,PrA,Not available in CIE10-ES,end_of_pregnancy
ELECTTERM,Elective termination,ICD10ES,O07.6,Other and unspecified failed attempted abortion- complicated by delayed or excessive haemorrhage,"","",narrow,P,PrA,Not available in CIE10-ES,end_of_pregnancy
ELECTTERM,Elective termination,ICD10ES,O07.7,Other and unspecified failed attempted abortion- complicated by embolism,"","",narrow,P,PrA,Not available in CIE10-ES,end_of_pregnancy
ELECTTERM,Elective termination,ICD10ES,O07.8,Other and unspecified failed attempted abortion- with other and unspecified complications,"","",narrow,P,PrA,Not available in CIE10-ES,end_of_pregnancy
ELECTTERM,Elective termination,ICD10ES,O07.9,Other and unspecified failed attempted abortion- without complication,"","",narrow,P,PrA,Not available in CIE10-ES,end_of_pregnancy
ELECTTERM,Elective termination,ICD10ES,O08.1,Delayed or excessive haemorrhage following abortion and ectopic and molar pregnancy,C0495168,Delayed or excessive hemorrhage following abortion and ectopic and molar pregnancy,possible,P,PrA,O08.1,end_of_pregnancy
ELECTTERM,Elective termination,ICD10ES,O08.2,Embolism following abortion and ectopic and molar pregnancy,C0495169,Embolism following abortion and ectopic and molar pregnancy,narrow,P,PrA,O08.2,end_of_pregnancy
ELECTTERM,Elective termination,ICD10ES,O08.5,Metabolic disorders following abortion and ectopic and molar pregnancy,C0495172,Metabolic disorders following abortion and ectopic and molar pregnancy,narrow,P,PrA,O08.5,end_of_pregnancy
ELECTTERM,Elective termination,ICD10ES,Z33.2,Encounter for elective termination of pregnancy,"","",possible,P,PrA,Z33.2,end_of_pregnancy
ELECTTERM,Elective termination,ICD10ES,Z37.11,single birth- stillborn child- following a termination of pregnancy for medical reasons,"",single birth- stillborn child- following a termination of pregnancy for medical reasons¬†¬†,narrow,P,PrA,Not available in CIE10-ES,end_of_pregnancy
OngoingPregnancy7,Ongoing Pregnancy,ICD10ES,N88.3,Incompetence of cervix uteri,C0007871,Uterine Cervical Incompetence,narrow,P,PrA,N88.3,ongoing_pregnancy
OngoingPregnancy1,Ongoing Pregnancy,ICD10ES,O12.0,Gestational edema,C0341960,"",narrow,P,PrA,O12.0,ongoing_pregnancy
OngoingPregnancy7,Ongoing Pregnancy,ICD10ES,O12.0,Gestational oedema,C0341960,Gestational edema,narrow,P,PrA,O12.0,ongoing_pregnancy
OngoingPregnancy7,Ongoing Pregnancy,ICD10ES,O12.00,Gestational edema- unspecified trimester,"","",narrow,P,PrA,O12.00,ongoing_pregnancy
OngoingPregnancy7,Ongoing Pregnancy,ICD10ES,O12.01,Gestational edema- first trimester,"","",narrow,P,PrA,O12.01,ongoing_pregnancy
OngoingPregnancy7,Ongoing Pregnancy,ICD10ES,O12.02,Gestational edema- second trimester,"","",narrow,P,PrA,O12.02,ongoing_pregnancy
OngoingPregnancy7,Ongoing Pregnancy,ICD10ES,O12.03,Gestational edema- third trimester,"","",narrow,P,PrA,O12.03,ongoing_pregnancy
OngoingPregnancy1,Ongoing Pregnancy,ICD10ES,O12.10,Gestational proteinuria- unspecified trimester,"","",narrow,P,PrA,O12.10,ongoing_pregnancy
OngoingPregnancy1,Ongoing Pregnancy,ICD10ES,O12.11,Gestational proteinuria- first trimester,"","",narrow,P,PrA,O12.11,ongoing_pregnancy
OngoingPregnancy1,Ongoing Pregnancy,ICD10ES,O12.12,Gestational proteinuria- second trimester,"","",narrow,P,PrA,O12.12,ongoing_pregnancy
OngoingPregnancy1,Ongoing Pregnancy,ICD10ES,O12.13,Gestational proteinuria- third trimester,"","",narrow,P,PrA,O12.13,ongoing_pregnancy
OngoingPregnancy1,Ongoing Pregnancy,ICD10ES,O12.2,Gestational oedema with proteinuria,C0475548,"",narrow,P,PrA,O12.2,ongoing_pregnancy
OngoingPregnancy1,Ongoing Pregnancy,ICD10ES,O12.20,Gestational edema with proteinuria- unspecified trimester,"","",narrow,P,PrA,O12.20,ongoing_pregnancy
OngoingPregnancy1,Ongoing Pregnancy,ICD10ES,O12.21,Gestational edema with proteinuria- first trimester,"","",narrow,P,PrA,O12.21,ongoing_pregnancy
OngoingPregnancy1,Ongoing Pregnancy,ICD10ES,O12.22,Gestational edema with proteinuria- second trimester,"","",narrow,P,PrA,O12.22,ongoing_pregnancy
OngoingPregnancy1,Ongoing Pregnancy,ICD10ES,O12.23,Gestational edema with proteinuria- third trimester,"","",narrow,P,PrA,O12.23,ongoing_pregnancy
OngoingPregnancy1,Ongoing Pregnancy,ICD10ES,O14.00,Mild to moderate pre-eclampsia- unspecified trimester,"","",narrow,P,PrA,O14.00,ongoing_pregnancy
OngoingPregnancy1,Ongoing Pregnancy,ICD10ES,O14.02,Mild to moderate pre-eclampsia- second trimester,"","",narrow,P,PrA,O14.02,ongoing_pregnancy
OngoingPregnancy1,Ongoing Pregnancy,ICD10ES,O14.03,Mild to moderate pre-eclampsia- third trimester,"","",narrow,P,PrA,O14.03,ongoing_pregnancy
OngoingPregnancy1,Ongoing Pregnancy,ICD10ES,O14.10,Severe pre-eclampsia- unspecified trimester,"","",narrow,P,PrA,O14.10,ongoing_pregnancy
OngoingPregnancy1,Ongoing Pregnancy,ICD10ES,O14.12,Severe pre-eclampsia- second trimester,"","",narrow,P,PrA,O14.12,ongoing_pregnancy
OngoingPregnancy7,Ongoing Pregnancy,ICD10ES,O14.12,severe pre-eclampsia- second trimester,C2903577,"",narrow,P,PrA,O14.12,ongoing_pregnancy
OngoingPregnancy1,Ongoing Pregnancy,ICD10ES,O14.13,Severe pre-eclampsia- third trimester,"","",narrow,P,PrA,O14.13,ongoing_pregnancy
OngoingPregnancy7,Ongoing Pregnancy,ICD10ES,O14.13,severe pre-eclampsia- third trimester,C2903578,"",narrow,P,PrA,O14.13,ongoing_pregnancy
OngoingPregnancy7,Ongoing Pregnancy,ICD10ES,O14.90,Unspecified pre-eclampsia- unspecified trimester,C0032914,Pre-Eclampsia,narrow,P,PrA,O14.90,ongoing_pregnancy
OngoingPregnancy7,Ongoing Pregnancy,ICD10ES,O14.92,Unspecified pre-eclampsia- second trimester,"","",narrow,P,PrA,O14.92,ongoing_pregnancy
OngoingPregnancy7,Ongoing Pregnancy,ICD10ES,O14.93,Unspecified pre-eclampsia- third trimester,"","",narrow,P,PrA,O14.93,ongoing_pregnancy
OngoingPregnancy1,Ongoing Pregnancy,ICD10ES,O15.00,Eclampsia complicating pregnancy- unspecified trimester,"","",narrow,P,PrA,O15.00,ongoing_pregnancy
OngoingPregnancy1,Ongoing Pregnancy,ICD10ES,O15.02,Eclampsia complicating pregnancy- second trimester,"","",narrow,P,PrA,O15.02,ongoing_pregnancy
OngoingPregnancy7,Ongoing Pregnancy,ICD10ES,O15.02,Eclampsia complicating pregnancy- second trimester,"","",narrow,P,PrA,O15.02,ongoing_pregnancy
OngoingPregnancy1,Ongoing Pregnancy,ICD10ES,O15.03,Eclampsia complicating pregnancy- third trimester,"","",narrow,P,PrA,O15.03,ongoing_pregnancy
OngoingPregnancy7,Ongoing Pregnancy,ICD10ES,O15.03,Eclampsia complicating pregnancy- third trimester,"","",narrow,P,PrA,O15.03,ongoing_pregnancy
OngoingPregnancy1,Ongoing Pregnancy,ICD10ES,O20,Haemorrhage in early pregnancy,C0156604,Hemorrhage in early pregnancy,narrow,P,PrA,O20,ongoing_pregnancy
OngoingPregnancy1,Ongoing Pregnancy,ICD10ES,O20.0,Threatened abortion,C0000821,Threatened abortion,narrow,P,PrA,O20.0,ongoing_pregnancy
OngoingPregnancy7,Ongoing Pregnancy,ICD10ES,O20.0,Threatened abortion,C0000821,Threatened abortion,narrow,P,PrA,O20.0,ongoing_pregnancy
OngoingPregnancy1,Ongoing Pregnancy,ICD10ES,O20.8,Other hemorrhage in early pregnancy - Other haemorrhage in early pregnancy,"","",narrow,P,PrA,O20.8,ongoing_pregnancy
OngoingPregnancy1,Ongoing Pregnancy,ICD10ES,O20.9,Haemorrhage in early pregnancy- unspecified,C0156604,Hemorrhage in early pregnancy,narrow,P,PrA,O20.9,ongoing_pregnancy
OngoingPregnancy1,Ongoing Pregnancy,ICD10ES,O21,Excessive vomiting in pregnancy,C0020450,Hyperemesis Gravidarum,narrow,P,PrA,O21,ongoing_pregnancy
OngoingPregnancy1,Ongoing Pregnancy,ICD10ES,O21.0,Mild hyperemesis gravidarum,C0020451,Mild hyperemesis gravidarum,narrow,P,PrA,O21.0,ongoing_pregnancy
OngoingPregnancy1,Ongoing Pregnancy,ICD10ES,O21.1,Hyperemesis gravidarum with metabolic disturbance,C0405080,Hyperemesis gravidarum with metabolic disturbance,narrow,P,PrA,O21.1,ongoing_pregnancy
OngoingPregnancy1,Ongoing Pregnancy,ICD10ES,O21.2,Late vomiting of pregnancy,C0156699,Late vomiting of pregnancy,narrow,P,PrA,O21.2,ongoing_pregnancy
OngoingPregnancy1,Ongoing Pregnancy,ICD10ES,O21.8,Other vomiting complicating pregnancy,C0156703,Other vomiting complicating pregnancy,narrow,P,PrA,O21.8,ongoing_pregnancy
OngoingPregnancy1,Ongoing Pregnancy,ICD10ES,O21.9,Vomiting of pregnancy- unspecified,C0269661,Vomiting of pregnancy,narrow,P,PrA,O21.9,ongoing_pregnancy
OngoingPregnancy5,Ongoing Pregnancy,ICD10ES,O22,Venous complications in pregnancy,C0495184,Venous complication in pregnancy- unspecified,narrow,P,PrA,O22,ongoing_pregnancy
OngoingPregnancy5,Ongoing Pregnancy,ICD10ES,O22.0,Varicose veins of lower extremity in pregnancy,"","",narrow,P,PrA,O22.0,ongoing_pregnancy
OngoingPregnancy5,Ongoing Pregnancy,ICD10ES,O22.00,Varicose veins of lower extremity in pregnancy- unspecified trimester,"","",narrow,P,PrA,O22.00,ongoing_pregnancy
OngoingPregnancy5,Ongoing Pregnancy,ICD10ES,O22.01,Varicose veins of lower extremity in pregnancy- first trimester,"","",narrow,P,PrA,O22.01,ongoing_pregnancy
OngoingPregnancy5,Ongoing Pregnancy,ICD10ES,O22.02,Varicose veins of lower extremity in pregnancy- second trimester,"","",narrow,P,PrA,O22.02,ongoing_pregnancy
OngoingPregnancy5,Ongoing Pregnancy,ICD10ES,O22.03,Varicose veins of lower extremity in pregnancy- third trimester,"","",narrow,P,PrA,O22.03,ongoing_pregnancy
OngoingPregnancy5,Ongoing Pregnancy,ICD10ES,O22.1,Genital varices in pregnancy,"","",narrow,P,PrA,O22.1,ongoing_pregnancy
OngoingPregnancy5,Ongoing Pregnancy,ICD10ES,O22.10,Genital varices in pregnancy- unspecified trimester,"","",narrow,P,PrA,O22.10,ongoing_pregnancy
OngoingPregnancy5,Ongoing Pregnancy,ICD10ES,O22.11,Genital varices in pregnancy- first trimester,"","",narrow,P,PrA,O22.11,ongoing_pregnancy
OngoingPregnancy5,Ongoing Pregnancy,ICD10ES,O22.12,Genital varices in pregnancy- second trimester,"","",narrow,P,PrA,O22.12,ongoing_pregnancy
OngoingPregnancy5,Ongoing Pregnancy,ICD10ES,O22.13,Genital varices in pregnancy- third trimester,"","",narrow,P,PrA,O22.13,ongoing_pregnancy
OngoingPregnancy5,Ongoing Pregnancy,ICD10ES,O22.2,Superficial thrombophlebitis in pregnancy,C0342054,Superficial thrombophlebitis in pregnancy,narrow,P,PrA,O22.2,ongoing_pregnancy
OngoingPregnancy5,Ongoing Pregnancy,ICD10ES,O22.20,Superficial thrombophlebitis in pregnancy- unspecified trimester,"","",narrow,P,PrA,O22.20,ongoing_pregnancy
OngoingPregnancy5,Ongoing Pregnancy,ICD10ES,O22.21,Superficial thrombophlebitis in pregnancy- first trimester,"","",narrow,P,PrA,O22.21,ongoing_pregnancy
OngoingPregnancy5,Ongoing Pregnancy,ICD10ES,O22.22,Superficial thrombophlebitis in pregnancy- second trimester,"","",narrow,P,PrA,O22.22,ongoing_pregnancy
OngoingPregnancy5,Ongoing Pregnancy,ICD10ES,O22.23,Superficial thrombophlebitis in pregnancy- third trimester,"","",narrow,P,PrA,O22.23,ongoing_pregnancy
OngoingPregnancy5,Ongoing Pregnancy,ICD10ES,O22.3,Deep phlebothrombosis in pregnancy,C0342044,Antepartum deep vein thrombosis,narrow,P,PrA,O22.3,ongoing_pregnancy
OngoingPregnancy5,Ongoing Pregnancy,ICD10ES,O22.30,Deep phlebothrombosis in pregnancy- unspecified trimester,"","",narrow,P,PrA,O22.30,ongoing_pregnancy
OngoingPregnancy5,Ongoing Pregnancy,ICD10ES,O22.31,Deep phlebothrombosis in pregnancy- first trimester,"","",narrow,P,PrA,O22.31,ongoing_pregnancy
OngoingPregnancy5,Ongoing Pregnancy,ICD10ES,O22.32,Deep phlebothrombosis in pregnancy- second trimester,"","",narrow,P,PrA,O22.32,ongoing_pregnancy
OngoingPregnancy5,Ongoing Pregnancy,ICD10ES,O22.33,Deep phlebothrombosis in pregnancy- third trimester,"","",narrow,P,PrA,O22.33,ongoing_pregnancy
OngoingPregnancy5,Ongoing Pregnancy,ICD10ES,O22.4,Haemorrhoids in pregnancy - Hemorrhoids in pregnancy,"","",narrow,P,PrA,O22.4,ongoing_pregnancy
OngoingPregnancy5,Ongoing Pregnancy,ICD10ES,O22.40,Hemorrhoids in pregnancy- unspecified trimester,"","",narrow,P,PrA,O22.40,ongoing_pregnancy
OngoingPregnancy5,Ongoing Pregnancy,ICD10ES,O22.41,Hemorrhoids in pregnancy- first trimester,"","",narrow,P,PrA,O22.41,ongoing_pregnancy
OngoingPregnancy5,Ongoing Pregnancy,ICD10ES,O22.42,Hemorrhoids in pregnancy- second trimester,"","",narrow,P,PrA,O22.42,ongoing_pregnancy
OngoingPregnancy5,Ongoing Pregnancy,ICD10ES,O22.43,Hemorrhoids in pregnancy- third trimester,"","",narrow,P,PrA,O22.43,ongoing_pregnancy
OngoingPregnancy5,Ongoing Pregnancy,ICD10ES,O22.5,Cerebral venous thrombosis in pregnancy,"","",narrow,P,PrA,O22.5,ongoing_pregnancy
OngoingPregnancy5,Ongoing Pregnancy,ICD10ES,O22.50,Cerebral venous thrombosis in pregnancy- unspecified trimester,"","",narrow,P,PrA,O22.50,ongoing_pregnancy
OngoingPregnancy5,Ongoing Pregnancy,ICD10ES,O22.51,Cerebral venous thrombosis in pregnancy- first trimester,"","",narrow,P,PrA,O22.51,ongoing_pregnancy
OngoingPregnancy5,Ongoing Pregnancy,ICD10ES,O22.52,Cerebral venous thrombosis in pregnancy- second trimester,"","",narrow,P,PrA,O22.52,ongoing_pregnancy
OngoingPregnancy5,Ongoing Pregnancy,ICD10ES,O22.53,Cerebral venous thrombosis in pregnancy- third trimester,"","",narrow,P,PrA,O22.53,ongoing_pregnancy
OngoingPregnancy5,Ongoing Pregnancy,ICD10ES,O22.8,Other venous complications in pregnancy,C0477814,Other venous complications in pregnancy,narrow,P,PrA,O22.8,ongoing_pregnancy
OngoingPregnancy5,Ongoing Pregnancy,ICD10ES,O22.9,Venous complication in pregnancy- unspecified,C0495184,Venous complication in pregnancy- unspecified,narrow,P,PrA,O22.9,ongoing_pregnancy
OngoingPregnancy5,Ongoing Pregnancy,ICD10ES,O22.90,Venous complication in pregnancy- unspecified- unspecified trimester,"","",narrow,P,PrA,O22.90,ongoing_pregnancy
OngoingPregnancy5,Ongoing Pregnancy,ICD10ES,O22.91,Venous complication in pregnancy- unspecified- first trimester,"","",narrow,P,PrA,O22.91,ongoing_pregnancy
OngoingPregnancy5,Ongoing Pregnancy,ICD10ES,O22.92,Venous complication in pregnancy- unspecified- second trimester,"","",narrow,P,PrA,O22.92,ongoing_pregnancy
OngoingPregnancy5,Ongoing Pregnancy,ICD10ES,O22.93,Venous complication in pregnancy- unspecified- third trimester,"","",narrow,P,PrA,O22.93,ongoing_pregnancy
OngoingPregnancy7,Ongoing Pregnancy,ICD10ES,O23,Infections of genitourinary tract in pregnancy,C0156756,Genitourinary tract infection in pregnancy,narrow,P,PrA,O23,ongoing_pregnancy
OngoingPregnancy7,Ongoing Pregnancy,ICD10ES,O23.0,Infections of kidney in pregnancy,"","",narrow,P,PrA,O23.0,ongoing_pregnancy
OngoingPregnancy7,Ongoing Pregnancy,ICD10ES,O23.00,Infections of kidney in pregnancy- unspecified trimester,"","",narrow,P,PrA,O23.00,ongoing_pregnancy
OngoingPregnancy7,Ongoing Pregnancy,ICD10ES,O23.01,Infections of kidney in pregnancy- first trimester,"","",narrow,P,PrA,O23.01,ongoing_pregnancy
OngoingPregnancy7,Ongoing Pregnancy,ICD10ES,O23.02,Infections of kidney in pregnancy- second trimester,"","",narrow,P,PrA,O23.02,ongoing_pregnancy
OngoingPregnancy7,Ongoing Pregnancy,ICD10ES,O23.03,Infections of kidney in pregnancy- third trimester,"","",narrow,P,PrA,O23.03,ongoing_pregnancy
OngoingPregnancy7,Ongoing Pregnancy,ICD10ES,O23.1,Infections of bladder in pregnancy,"","",narrow,P,PrA,O23.1,ongoing_pregnancy
OngoingPregnancy7,Ongoing Pregnancy,ICD10ES,O23.10,Infections of bladder in pregnancy- unspecified trimester,"","",narrow,P,PrA,O23.10,ongoing_pregnancy
OngoingPregnancy7,Ongoing Pregnancy,ICD10ES,O23.11,Infections of bladder in pregnancy- first trimester,"","",narrow,P,PrA,O23.11,ongoing_pregnancy
OngoingPregnancy7,Ongoing Pregnancy,ICD10ES,O23.12,Infections of bladder in pregnancy- second trimester,"","",narrow,P,PrA,O23.12,ongoing_pregnancy
OngoingPregnancy7,Ongoing Pregnancy,ICD10ES,O23.13,Infections of bladder in pregnancy- third trimester,"","",narrow,P,PrA,O23.13,ongoing_pregnancy
OngoingPregnancy7,Ongoing Pregnancy,ICD10ES,O23.2,Infections of urethra in pregnancy,"","",narrow,P,PrA,O23.2,ongoing_pregnancy
OngoingPregnancy7,Ongoing Pregnancy,ICD10ES,O23.20,Infections of urethra in pregnancy- unspecified trimester,"","",narrow,P,PrA,O23.20,ongoing_pregnancy
OngoingPregnancy7,Ongoing Pregnancy,ICD10ES,O23.21,Infections of urethra in pregnancy- first trimester,"","",narrow,P,PrA,O23.21,ongoing_pregnancy
OngoingPregnancy7,Ongoing Pregnancy,ICD10ES,O23.22,Infections of urethra in pregnancy- second trimester,"","",narrow,P,PrA,O23.22,ongoing_pregnancy
OngoingPregnancy7,Ongoing Pregnancy,ICD10ES,O23.23,Infections of urethra in pregnancy- third trimester,"","",narrow,P,PrA,O23.23,ongoing_pregnancy
OngoingPregnancy7,Ongoing Pregnancy,ICD10ES,O23.3,Infections of other parts of urinary tract in pregnancy,"","",narrow,P,PrA,O23.3,ongoing_pregnancy
OngoingPregnancy7,Ongoing Pregnancy,ICD10ES,O23.30,Infections of other parts of urinary tract in pregnancy- unspecified trimester,"","",narrow,P,PrA,O23.30,ongoing_pregnancy
OngoingPregnancy7,Ongoing Pregnancy,ICD10ES,O23.31,Infections of other parts of urinary tract in pregnancy- first trimester,"","",narrow,P,PrA,O23.31,ongoing_pregnancy
OngoingPregnancy7,Ongoing Pregnancy,ICD10ES,O23.32,Infections of other parts of urinary tract in pregnancy- second trimester,"","",narrow,P,PrA,O23.32,ongoing_pregnancy
OngoingPregnancy7,Ongoing Pregnancy,ICD10ES,O23.33,Infections of other parts of urinary tract in pregnancy- third trimester,"","",narrow,P,PrA,O23.33,ongoing_pregnancy
OngoingPregnancy7,Ongoing Pregnancy,ICD10ES,O23.4,Unspecified infection of urinary tract in pregnancy,C0495188,Urinary tract infection in pregnancy,narrow,P,PrA,O23.4,ongoing_pregnancy
OngoingPregnancy7,Ongoing Pregnancy,ICD10ES,O23.40,Unspecified infection of urinary tract in pregnancy- unspecified trimester,"","",narrow,P,PrA,O23.40,ongoing_pregnancy
OngoingPregnancy7,Ongoing Pregnancy,ICD10ES,O23.41,Unspecified infection of urinary tract in pregnancy- first trimester,"","",narrow,P,PrA,O23.41,ongoing_pregnancy
OngoingPregnancy7,Ongoing Pregnancy,ICD10ES,O23.42,Unspecified infection of urinary tract in pregnancy- second trimester,"","",narrow,P,PrA,O23.42,ongoing_pregnancy
OngoingPregnancy7,Ongoing Pregnancy,ICD10ES,O23.43,Unspecified infection of urinary tract in pregnancy- third trimester,"","",narrow,P,PrA,O23.43,ongoing_pregnancy
OngoingPregnancy7,Ongoing Pregnancy,ICD10ES,O23.5,Infections of the genital tract in pregnancy,"","",narrow,P,PrA,O23.5,ongoing_pregnancy
OngoingPregnancy7,Ongoing Pregnancy,ICD10ES,O23.9,Unspecified genitourinary tract infection in pregnancy - Other and unspecified genitourinary tract infection in pregnancy,"","",narrow,P,PrA,O23.9,ongoing_pregnancy
OngoingPregnancy7,Ongoing Pregnancy,ICD10ES,O23.90,Unspecified genitourinary tract infection in pregnancy- unspecified trimester,"","",narrow,P,PrA,O23.90,ongoing_pregnancy
OngoingPregnancy7,Ongoing Pregnancy,ICD10ES,O23.91,Unspecified genitourinary tract infection in pregnancy- first trimester,"","",narrow,P,PrA,O23.91,ongoing_pregnancy
OngoingPregnancy7,Ongoing Pregnancy,ICD10ES,O23.92,Unspecified genitourinary tract infection in pregnancy- second trimester,"","",narrow,P,PrA,O23.92,ongoing_pregnancy
OngoingPregnancy7,Ongoing Pregnancy,ICD10ES,O23.93,Unspecified genitourinary tract infection in pregnancy- third trimester,"","",narrow,P,PrA,O23.93,ongoing_pregnancy
OngoingPregnancy7,Ongoing Pregnancy,ICD10ES,O24.41,Gestational diabetes mellitus in pregnancy,"","",narrow,P,PrA,O24.41,ongoing_pregnancy
OngoingPregnancy2,Ongoing Pregnancy,ICD10ES,O24.81,Other pre-existing diabetes mellitus in pregnancy,"","",narrow,P,PrA,O24.81,ongoing_pregnancy
OngoingPregnancy7,Ongoing Pregnancy,ICD10ES,O26.4,Herpes gestationis,C0019343,Pemphigoid Gestationis,narrow,P,PrA,O26.4,ongoing_pregnancy
OngoingPregnancy7,Ongoing Pregnancy,ICD10ES,O26.40,Herpes gestationis- unspecified trimester,"","",narrow,P,PrA,O26.40,ongoing_pregnancy
OngoingPregnancy7,Ongoing Pregnancy,ICD10ES,O26.41,Herpes gestationis- first trimester,"","",narrow,P,PrA,O26.41,ongoing_pregnancy
OngoingPregnancy7,Ongoing Pregnancy,ICD10ES,O26.42,Herpes gestationis- second trimester,"","",narrow,P,PrA,O26.42,ongoing_pregnancy
OngoingPregnancy7,Ongoing Pregnancy,ICD10ES,O26.43,Herpes gestationis- third trimester,"","",narrow,P,PrA,O26.43,ongoing_pregnancy
OngoingPregnancy5,Ongoing Pregnancy,ICD10ES,O26.5,Maternal hypotension syndrome,C0341966,Maternal hypotension syndrome,narrow,P,PrA,O26.5,ongoing_pregnancy
OngoingPregnancy5,Ongoing Pregnancy,ICD10ES,O26.50,Maternal hypotension syndrome- unspecified trimester,"","",narrow,P,PrA,O26.50,ongoing_pregnancy
OngoingPregnancy5,Ongoing Pregnancy,ICD10ES,O26.51,Maternal hypotension syndrome- first trimester,"","",narrow,P,PrA,O26.51,ongoing_pregnancy
OngoingPregnancy5,Ongoing Pregnancy,ICD10ES,O26.52,Maternal hypotension syndrome- second trimester,"","",narrow,P,PrA,O26.52,ongoing_pregnancy
OngoingPregnancy5,Ongoing Pregnancy,ICD10ES,O26.53,Maternal hypotension syndrome- third trimester,"","",narrow,P,PrA,O26.53,ongoing_pregnancy
OngoingPregnancy3,Ongoing Pregnancy,ICD10ES,O30,Multiple gestation,C0032989,Multiple Pregnancy,narrow,P,PrA,O30,ongoing_pregnancy
OngoingPregnancy7,Ongoing Pregnancy,ICD10ES,O30,Multiple gestation,C0032989,Multiple Pregnancy,narrow,P,PrA,O30,ongoing_pregnancy
OngoingPregnancy3,Ongoing Pregnancy,ICD10ES,O30.0,Twin pregnancy,C0152150,Pregnancy- Twin,narrow,P,PrA,O30.0,ongoing_pregnancy
OngoingPregnancy7,Ongoing Pregnancy,ICD10ES,O30.0,Twin pregnancy,C0152150,Pregnancy- Twin,narrow,P,PrA,O30.0,ongoing_pregnancy
OngoingPregnancy3,Ongoing Pregnancy,ICD10ES,O30.00,Twin pregnancy- unspecified number of placenta and unspecified number of amniotic sacs,C0152150,Pregnancy- Twin,narrow,P,PrA,O30.00,ongoing_pregnancy
OngoingPregnancy3,Ongoing Pregnancy,ICD10ES,O30.1,Triplet pregnancy,C0152151,Pregnancy- Triplet,narrow,P,PrA,O30.1,ongoing_pregnancy
OngoingPregnancy3,Ongoing Pregnancy,ICD10ES,O30.2,Quadruplet pregnancy,C0152152,Quadruplet pregnancy,narrow,P,PrA,O30.2,ongoing_pregnancy
OngoingPregnancy3,Ongoing Pregnancy,ICD10ES,O30.8,Other specified multiple gestation,C0156917,Other specified multiple gestation,narrow,P,PrA,O30.8,ongoing_pregnancy
OngoingPregnancy7,Ongoing Pregnancy,ICD10ES,O30.8,Other specified multiple gestation,C0156917,Other specified multiple gestation,narrow,P,PrA,O30.8,ongoing_pregnancy
OngoingPregnancy3,Ongoing Pregnancy,ICD10ES,O30.9,Multiple gestation- unspecified,C0032989,Multiple Pregnancy,narrow,P,PrA,O30.9,ongoing_pregnancy
OngoingPregnancy3,Ongoing Pregnancy,ICD10ES,O30.91,Multiple gestation- unspecified- first trimester,"","",narrow,P,PrA,O30.91,ongoing_pregnancy
OngoingPregnancy7,Ongoing Pregnancy,ICD10ES,O30.91,Multiple gestation- unspecified- first trimester,"","",narrow,P,PrA,O30.91,ongoing_pregnancy
OngoingPregnancy3,Ongoing Pregnancy,ICD10ES,O30.92,Multiple gestation- unspecified- second trimester,"","",narrow,P,PrA,O30.92,ongoing_pregnancy
OngoingPregnancy7,Ongoing Pregnancy,ICD10ES,O30.92,Multiple gestation- unspecified- second trimester,"","",narrow,P,PrA,O30.92,ongoing_pregnancy
OngoingPregnancy3,Ongoing Pregnancy,ICD10ES,O30.93,Multiple gestation- unspecified- third trimester,"","",narrow,P,PrA,O30.93,ongoing_pregnancy
OngoingPregnancy7,Ongoing Pregnancy,ICD10ES,O30.93,Multiple gestation- unspecified- third trimester,"","",narrow,P,PrA,O30.93,ongoing_pregnancy
OngoingPregnancy5,Ongoing Pregnancy,ICD10ES,O40,Polyhydramnios,C0020224,Polyhydramnios,narrow,P,PrA,O40,ongoing_pregnancy
OngoingPregnancy7,Ongoing Pregnancy,ICD10ES,O40,Polyhydramnios,C0020224,Polyhydramnios,narrow,P,PrA,O40,ongoing_pregnancy
OngoingPregnancy5,Ongoing Pregnancy,ICD10ES,O41.0,Oligohydramnios,C0079924,Oligohydramnios,narrow,P,PrA,O41.0,ongoing_pregnancy
OngoingPregnancy7,Ongoing Pregnancy,ICD10ES,O43,Placental disorders,C0032045,Placenta Disorders,narrow,P,PrA,O43,ongoing_pregnancy
OngoingPregnancy7,Ongoing Pregnancy,ICD10ES,O43.0,Placental transfusion syndromes,"","",narrow,P,PrA,O43.0,ongoing_pregnancy
OngoingPregnancy7,Ongoing Pregnancy,ICD10ES,O43.1,Malformation of placenta,"","",narrow,P,PrA,O43.1,ongoing_pregnancy
OngoingPregnancy7,Ongoing Pregnancy,ICD10ES,O43.2,Morbidly adherent placenta,"","",narrow,P,PrA,O43.2,ongoing_pregnancy
OngoingPregnancy4,Ongoing Pregnancy,ICD10ES,O43.8,Other placental disorders,C0477835,Other placental disorders,narrow,P,PrA,O43.8,ongoing_pregnancy
OngoingPregnancy7,Ongoing Pregnancy,ICD10ES,O43.9,Placental disorder- unspecified,C0032045,Placenta Disorders,narrow,P,PrA,O43.9,ongoing_pregnancy
OngoingPregnancy7,Ongoing Pregnancy,ICD10ES,O43.90,Unspecified placental disorder- unspecified trimester,C0032045,Placenta Disorders,narrow,P,PrA,O43.90,ongoing_pregnancy
OngoingPregnancy7,Ongoing Pregnancy,ICD10ES,O43.91,Unspecified placental disorder- first trimester,"","",narrow,P,PrA,O43.91,ongoing_pregnancy
OngoingPregnancy7,Ongoing Pregnancy,ICD10ES,O43.92,Unspecified placental disorder- second trimester,"","",narrow,P,PrA,O43.92,ongoing_pregnancy
OngoingPregnancy7,Ongoing Pregnancy,ICD10ES,O43.93,Unspecified placental disorder- third trimester,"","",narrow,P,PrA,O43.93,ongoing_pregnancy
OngoingPregnancy1,Ongoing Pregnancy,ICD10ES,O44,Placenta praevia,C0032046,Placenta Previa,narrow,P,PrA,O44,ongoing_pregnancy
OngoingPregnancy1,Ongoing Pregnancy,ICD10ES,O44.0,Placenta praevia specified as without haemorrhage,C0156617,Placenta previa without hemorrhage,narrow,P,PrA,O44.0,ongoing_pregnancy
OngoingPregnancy1,Ongoing Pregnancy,ICD10ES,O44.00,Complete placenta previa NOS or without hemorrhage- unspecified trimester,"","",narrow,P,PrA,O44.00,ongoing_pregnancy
OngoingPregnancy1,Ongoing Pregnancy,ICD10ES,O44.01,Complete placenta previa NOS or without hemorrhage- first trimester,"","",narrow,P,PrA,O44.01,ongoing_pregnancy
OngoingPregnancy1,Ongoing Pregnancy,ICD10ES,O44.02,Complete placenta previa NOS or without hemorrhage- second trimester,"","",narrow,P,PrA,O44.02,ongoing_pregnancy
OngoingPregnancy1,Ongoing Pregnancy,ICD10ES,O44.03,Complete placenta previa NOS or without hemorrhage- third trimester,"","",narrow,P,PrA,O44.03,ongoing_pregnancy
OngoingPregnancy1,Ongoing Pregnancy,ICD10ES,O44.1,Placenta praevia with haemorrhage,C0156621,Placenta previa with hemorrhage,narrow,P,PrA,O44.1,ongoing_pregnancy
OngoingPregnancy1,Ongoing Pregnancy,ICD10ES,O44.10,Complete placenta previa with hemorrhage- unspecified trimester,"","",narrow,P,PrA,O44.10,ongoing_pregnancy
OngoingPregnancy1,Ongoing Pregnancy,ICD10ES,O44.11,Complete placenta previa with hemorrhage- first trimester,"","",narrow,P,PrA,O44.11,ongoing_pregnancy
OngoingPregnancy1,Ongoing Pregnancy,ICD10ES,O44.12,Complete placenta previa with hemorrhage- second trimester,"","",narrow,P,PrA,O44.12,ongoing_pregnancy
OngoingPregnancy1,Ongoing Pregnancy,ICD10ES,O44.13,Complete placenta previa with hemorrhage- third trimester,"","",narrow,P,PrA,O44.13,ongoing_pregnancy
OngoingPregnancy1,Ongoing Pregnancy,ICD10ES,O44.2,Partial placenta previa without hemorrhage,"","",narrow,P,PrA,O44.2,ongoing_pregnancy
OngoingPregnancy1,Ongoing Pregnancy,ICD10ES,O44.20,Partial placenta previa NOS or without hemorrhage- unspecified trimester,"","",narrow,P,PrA,O44.20,ongoing_pregnancy
OngoingPregnancy1,Ongoing Pregnancy,ICD10ES,O44.21,Partial placenta previa NOS or without hemorrhage- first trimester,"","",narrow,P,PrA,O44.21,ongoing_pregnancy
OngoingPregnancy1,Ongoing Pregnancy,ICD10ES,O44.22,Partial placenta previa NOS or without hemorrhage- second trimester,"","",narrow,P,PrA,O44.22,ongoing_pregnancy
OngoingPregnancy1,Ongoing Pregnancy,ICD10ES,O44.23,Partial placenta previa NOS or without hemorrhage- third trimester,"","",narrow,P,PrA,O44.23,ongoing_pregnancy
OngoingPregnancy1,Ongoing Pregnancy,ICD10ES,O44.3,Partial placenta previa with hemorrhage,"","",narrow,P,PrA,O44.3,ongoing_pregnancy
OngoingPregnancy1,Ongoing Pregnancy,ICD10ES,O44.30,Partial placenta previa with hemorrhage- unspecified trimester,"","",narrow,P,PrA,O44.30,ongoing_pregnancy
OngoingPregnancy1,Ongoing Pregnancy,ICD10ES,O44.31,Partial placenta previa with hemorrhage- first trimester,"","",narrow,P,PrA,O44.31,ongoing_pregnancy
OngoingPregnancy1,Ongoing Pregnancy,ICD10ES,O44.32,Partial placenta previa with hemorrhage- second trimester,"","",narrow,P,PrA,O44.32,ongoing_pregnancy
OngoingPregnancy1,Ongoing Pregnancy,ICD10ES,O44.33,Partial placenta previa with hemorrhage- third trimester,"","",narrow,P,PrA,O44.33,ongoing_pregnancy
OngoingPregnancy1,Ongoing Pregnancy,ICD10ES,O44.4,Low lying placenta NOS or without hemorrhage,"","",narrow,P,PrA,O44.4,ongoing_pregnancy
OngoingPregnancy1,Ongoing Pregnancy,ICD10ES,O44.40,Low lying placenta NOS or without hemorrhage- unspecified trimester,"","",narrow,P,PrA,O44.40,ongoing_pregnancy
OngoingPregnancy1,Ongoing Pregnancy,ICD10ES,O44.41,Low lying placenta NOS or without hemorrhage- first trimester,"","",narrow,P,PrA,O44.41,ongoing_pregnancy
OngoingPregnancy1,Ongoing Pregnancy,ICD10ES,O44.42,Low lying placenta NOS or without hemorrhage- second trimester,"","",narrow,P,PrA,O44.42,ongoing_pregnancy
OngoingPregnancy1,Ongoing Pregnancy,ICD10ES,O44.43,Low lying placenta NOS or without hemorrhage- third trimester,"","",narrow,P,PrA,O44.43,ongoing_pregnancy
OngoingPregnancy1,Ongoing Pregnancy,ICD10ES,O44.5,Low lying placenta with hemorrhage,"","",narrow,P,PrA,O44.5,ongoing_pregnancy
OngoingPregnancy1,Ongoing Pregnancy,ICD10ES,O44.50,Low lying placenta with hemorrhage- unspecified trimester,"","",narrow,P,PrA,O44.50,ongoing_pregnancy
OngoingPregnancy1,Ongoing Pregnancy,ICD10ES,O44.51,Low lying placenta with hemorrhage- first trimester,"","",narrow,P,PrA,O44.51,ongoing_pregnancy
OngoingPregnancy1,Ongoing Pregnancy,ICD10ES,O44.52,Low lying placenta with hemorrhage- second trimester,"","",narrow,P,PrA,O44.52,ongoing_pregnancy
OngoingPregnancy1,Ongoing Pregnancy,ICD10ES,O44.53,Low lying placenta with hemorrhage- third trimester,"","",narrow,P,PrA,O44.53,ongoing_pregnancy
OngoingPregnancy7,Ongoing Pregnancy,ICD10ES,O45,Premature separation of placenta [abruptio placentae],C0000832,Abruptio Placentae,narrow,P,PrA,O45,ongoing_pregnancy
OngoingPregnancy1,Ongoing Pregnancy,ICD10ES,O45.0,Premature separation of placenta with coagulation defect,C0451794,"",narrow,P,PrA,O45.0,ongoing_pregnancy
OngoingPregnancy7,Ongoing Pregnancy,ICD10ES,O45.0,Premature separation of placenta with coagulation defect,"","",narrow,P,PrA,O45.0,ongoing_pregnancy
OngoingPregnancy1,Ongoing Pregnancy,ICD10ES,O45.8,Other premature separation of placenta,C0477836,"",narrow,P,PrA,O45.8,ongoing_pregnancy
OngoingPregnancy7,Ongoing Pregnancy,ICD10ES,O45.8,Other premature separation of placenta,"","",narrow,P,PrA,O45.8,ongoing_pregnancy
OngoingPregnancy7,Ongoing Pregnancy,ICD10ES,O45.9,Premature separation of placenta- unspecified,C0000832,Abruptio Placentae,narrow,P,PrA,O45.9,ongoing_pregnancy
OngoingPregnancy1,Ongoing Pregnancy,ICD10ES,O45.90,Premature separation of placenta- unspecified- unspecified trimester,"","",narrow,P,PrA,O45.90,ongoing_pregnancy
OngoingPregnancy7,Ongoing Pregnancy,ICD10ES,O45.90,Premature separation of placenta- unspecified- unspecified trimester,"","",narrow,P,PrA,O45.90,ongoing_pregnancy
OngoingPregnancy1,Ongoing Pregnancy,ICD10ES,O45.91,Premature separation of placenta- unspecified- first trimester,"","",narrow,P,PrA,O45.91,ongoing_pregnancy
OngoingPregnancy7,Ongoing Pregnancy,ICD10ES,O45.91,Premature separation of placenta- unspecified- first trimester,"","",narrow,P,PrA,O45.91,ongoing_pregnancy
OngoingPregnancy1,Ongoing Pregnancy,ICD10ES,O45.92,Premature separation of placenta- unspecified- second trimester,"","",narrow,P,PrA,O45.92,ongoing_pregnancy
OngoingPregnancy7,Ongoing Pregnancy,ICD10ES,O45.92,Premature separation of placenta- unspecified- second trimester,"","",narrow,P,PrA,O45.92,ongoing_pregnancy
OngoingPregnancy1,Ongoing Pregnancy,ICD10ES,O45.93,Premature separation of placenta- unspecified- third trimester,"","",narrow,P,PrA,O45.93,ongoing_pregnancy
OngoingPregnancy7,Ongoing Pregnancy,ICD10ES,O45.93,Premature separation of placenta- unspecified- third trimester,"","",narrow,P,PrA,O45.93,ongoing_pregnancy
OngoingPregnancy7,Ongoing Pregnancy,ICD10ES,O46.0,Antepartum haemorrhage with coagulation defect,C0156631,Antepartum hemorrhage associated with coagulation defect,narrow,P,PrA,O46.0,ongoing_pregnancy
OngoingPregnancy7,Ongoing Pregnancy,ICD10ES,O46.8,Other antepartum haemorrhage,C0156635,Other antepartum hemorrhage,narrow,P,PrA,O46.8,ongoing_pregnancy
OngoingPregnancy1,Ongoing Pregnancy,ICD10ES,O46.9,Antepartum haemorrhage- unspecified,C0269608,Antepartum hemorrhage,narrow,P,PrA,O46.9,ongoing_pregnancy
OngoingPregnancy1,Ongoing Pregnancy,ICD10ES,O46.90,Antepartum hemorrhage- unspecified- unspecified trimester,"","",narrow,P,PrA,O46.90,ongoing_pregnancy
OngoingPregnancy1,Ongoing Pregnancy,ICD10ES,O46.91,Antepartum hemorrhage- unspecified- first trimester,"","",narrow,P,PrA,O46.91,ongoing_pregnancy
OngoingPregnancy1,Ongoing Pregnancy,ICD10ES,O46.92,Antepartum hemorrhage- unspecified- second trimester,"","",narrow,P,PrA,O46.92,ongoing_pregnancy
OngoingPregnancy1,Ongoing Pregnancy,ICD10ES,O46.93,Antepartum hemorrhage- unspecified- third trimester,"","",narrow,P,PrA,O46.93,ongoing_pregnancy
OngoingPregnancy5,Ongoing Pregnancy,ICD10ES,O75.4,Other complications of obstetric surgery and procedures,C0157465,Other complications of obstetric surgery and procedures,narrow,P,PrA,O75.4,ongoing_pregnancy
OngoingPregnancy7,Ongoing Pregnancy,ICD10ES,Z33,Pregnant state- incidental,C0451636,Pregnant state- incidental,narrow,P,PrA,Z33,ongoing_pregnancy
OngoingPregnancy7,Ongoing Pregnancy,ICD10ES,Z33.1,Pregnant state- incidental,C0451636,Pregnant state- incidental,narrow,P,PrA,Z33.1,ongoing_pregnancy
OngoingPregnancy7,Ongoing Pregnancy,ICD10ES,Z33.3,Pregnant state- gestational carrier,"","",narrow,P,PrA,Z33.3,ongoing_pregnancy
OngoingPregnancy7,Ongoing Pregnancy,ICD10ES,Z33.9,Pregnancy as a chance finding,"","",narrow,P,PrA,Not available in CIE10-ES,ongoing_pregnancy
OngoingPregnancy7,Ongoing Pregnancy,ICD10ES,Z34,Supervision of normal pregnancy,C0700573,Encounter due to normal pregnancy,narrow,P,PrA,Z34,ongoing_pregnancy
OngoingPregnancy7,Ongoing Pregnancy,ICD10ES,Z34.0,Supervision of normal first pregnancy,C0260550,Encounter due to first normal pregnancy supervision,narrow,P,PrA,Z34.0,ongoing_pregnancy
OngoingPregnancy7,Ongoing Pregnancy,ICD10ES,Z34.00,Encounter for supervision of normal first pregnancy- unspecified trimester,"","",narrow,P,PrA,Z34.00,ongoing_pregnancy
OngoingPregnancy7,Ongoing Pregnancy,ICD10ES,Z34.01,Encounter for supervision of normal first pregnancy- first trimester,"","",narrow,P,PrA,Z34.01,ongoing_pregnancy
OngoingPregnancy7,Ongoing Pregnancy,ICD10ES,Z34.02,Encounter for supervision of normal first pregnancy- second trimester,"","",narrow,P,PrA,Z34.02,ongoing_pregnancy
OngoingPregnancy7,Ongoing Pregnancy,ICD10ES,Z34.03,Encounter for supervision of normal first pregnancy- third trimester,"","",narrow,P,PrA,Z34.03,ongoing_pregnancy
OngoingPregnancy7,Ongoing Pregnancy,ICD10ES,Z34.8,Supervision of other normal pregnancy,C0038843,Supervision of other normal pregnancy,narrow,P,PrA,Z34.8,ongoing_pregnancy
OngoingPregnancy7,Ongoing Pregnancy,ICD10ES,Z34.80,Encounter for supervision of other normal pregnancy- unspecified trimester,"","",narrow,P,PrA,Z34.80,ongoing_pregnancy
OngoingPregnancy7,Ongoing Pregnancy,ICD10ES,Z34.81,Encounter for supervision of other normal pregnancy- first trimester,"","",narrow,P,PrA,Z34.81,ongoing_pregnancy
OngoingPregnancy7,Ongoing Pregnancy,ICD10ES,Z34.82,Encounter for supervision of other normal pregnancy- second trimester,"","",narrow,P,PrA,Z34.82,ongoing_pregnancy
OngoingPregnancy7,Ongoing Pregnancy,ICD10ES,Z34.83,Encounter for supervision of other normal pregnancy- third trimester,"","",narrow,P,PrA,Z34.83,ongoing_pregnancy
OngoingPregnancy7,Ongoing Pregnancy,ICD10ES,Z34.9,Supervision of normal pregnancy- unspecified,C0700573,Encounter due to normal pregnancy,narrow,P,PrA,Z34.9,ongoing_pregnancy
OngoingPregnancy7,Ongoing Pregnancy,ICD10ES,Z34.90,Encounter for supervision of normal pregnancy- unspecified- unspecified trimester,"","",narrow,P,PrA,Z34.90,ongoing_pregnancy
OngoingPregnancy7,Ongoing Pregnancy,ICD10ES,Z34.91,Encounter for supervision of normal pregnancy- unspecified- first trimester,"","",narrow,P,PrA,Z34.91,ongoing_pregnancy
OngoingPregnancy7,Ongoing Pregnancy,ICD10ES,Z34.92,Encounter for supervision of normal pregnancy- unspecified- second trimester,"","",narrow,P,PrA,Z34.92,ongoing_pregnancy
OngoingPregnancy7,Ongoing Pregnancy,ICD10ES,Z34.93,Encounter for supervision of normal pregnancy- unspecified- third trimester,"","",narrow,P,PrA,Z34.93,ongoing_pregnancy
OngoingPregnancy7,Ongoing Pregnancy,ICD10ES,Z35,Supervision of high-risk pregnancy,C0260551,Encounter for supervision of high-risk pregnancy,narrow,P,PrA,Not available in CIE10-ES,ongoing_pregnancy
OngoingPregnancy7,Ongoing Pregnancy,ICD10ES,Z35.0,Supervision of pregnancy with history of infertility,"","",narrow,P,PrA,Not available in CIE10-ES,ongoing_pregnancy
OngoingPregnancy7,Ongoing Pregnancy,ICD10ES,Z35.1,Supervision of pregnancy with history of abortive outcome,"","",narrow,P,PrA,Not available in CIE10-ES,ongoing_pregnancy
OngoingPregnancy7,Ongoing Pregnancy,ICD10ES,Z35.2,Supervision of pregnancy with other poor reproductive or obstetric history,"","",narrow,P,PrA,Not available in CIE10-ES,ongoing_pregnancy
OngoingPregnancy7,Ongoing Pregnancy,ICD10ES,Z35.3,Supervision of pregnancy with history of insufficient antenatal care,"","",narrow,P,PrA,Not available in CIE10-ES,ongoing_pregnancy
OngoingPregnancy7,Ongoing Pregnancy,ICD10ES,Z35.4,Supervision of pregnancy with grand multiparity,"","",narrow,P,PrA,Not available in CIE10-ES,ongoing_pregnancy
OngoingPregnancy7,Ongoing Pregnancy,ICD10ES,Z35.5,Supervision of elderly primigravida,"","",narrow,P,PrA,Not available in CIE10-ES,ongoing_pregnancy
OngoingPregnancy7,Ongoing Pregnancy,ICD10ES,Z35.6,Supervision of very young primigravida,"","",narrow,P,PrA,Not available in CIE10-ES,ongoing_pregnancy
OngoingPregnancy7,Ongoing Pregnancy,ICD10ES,Z35.7,Supervision of high-risk pregnancy due to social problems,"","",narrow,P,PrA,Not available in CIE10-ES,ongoing_pregnancy
OngoingPregnancy7,Ongoing Pregnancy,ICD10ES,Z35.8,Supervision of other high-risk pregnancies,C0260559,Encounter for supervision of other high-risk pregnancies,narrow,P,PrA,Not available in CIE10-ES,ongoing_pregnancy
OngoingPregnancy7,Ongoing Pregnancy,ICD10ES,Z35.9,Supervision of high-risk pregnancy- unspecified,C0260551,Encounter for supervision of high-risk pregnancy,narrow,P,PrA,Not available in CIE10-ES,ongoing_pregnancy
OngoingPregnancy7,Ongoing Pregnancy,ICD10ES,Z36,Antenatal screening,C0260591,Encounter due to antenatal screening,narrow,P,PrA,Z36,ongoing_pregnancy
OngoingPregnancy7,Ongoing Pregnancy,ICD10ES,Z36.0,Encounter for antenatal screening for chromosomal anomalies - Antenatal screening for chromosomal anomalies,"","",narrow,P,PrA,Z36.0,ongoing_pregnancy
OngoingPregnancy7,Ongoing Pregnancy,ICD10ES,Z36.1,Antenatal screening for raised alphafetoprotein level,C0496648,Antenatal screening for raised alphafetoprotein level,narrow,P,PrA,Z36.1,ongoing_pregnancy
OngoingPregnancy7,Ongoing Pregnancy,ICD10ES,Z36.2,Other antenatal screening based on amniocentesis,C0260594,Other antenatal screening based on amniocentesis,narrow,P,PrA,Z36.2,ongoing_pregnancy
OngoingPregnancy7,Ongoing Pregnancy,ICD10ES,Z36.3,Antenatal screening for malformations using ultrasound and other physical methods - Encounter for antenatal screening for malformations,"","",narrow,P,PrA,Z36.3,ongoing_pregnancy
OngoingPregnancy7,Ongoing Pregnancy,ICD10ES,Z36.4,Antenatal screening for fetal growth retardation using ultrasound and other physical methods,C0260596,Antenatal screening for fetal growth retardation using ultrasound and other physical methods,narrow,P,PrA,Z36.4,ongoing_pregnancy
OngoingPregnancy7,Ongoing Pregnancy,ICD10ES,Z36.5,Antenatal screening for isoimmunization - Encounter for antenatal screening for isoimmunization,"","",narrow,P,PrA,Z36.5,ongoing_pregnancy
OngoingPregnancy7,Ongoing Pregnancy,ICD10ES,Z36.8,Other antenatal screening - Encounter for other antenatal screening,"","",narrow,P,PrA,Z36.8,ongoing_pregnancy
OngoingPregnancy7,Ongoing Pregnancy,ICD10ES,Z36.81,Encounter for antenatal screening for hydrops fetalis,"","",narrow,P,PrA,Z36.81,ongoing_pregnancy
OngoingPregnancy7,Ongoing Pregnancy,ICD10ES,Z36.82,Encounter for antenatal screening for nuchal translucency,"","",narrow,P,PrA,Z36.82,ongoing_pregnancy
OngoingPregnancy7,Ongoing Pregnancy,ICD10ES,Z36.83,Encounter for fetal screening for congenital cardiac abnormalities,"","",narrow,P,PrA,Z36.83,ongoing_pregnancy
OngoingPregnancy7,Ongoing Pregnancy,ICD10ES,Z36.84,Encounter for antenatal screening for fetal lung maturity,"","",narrow,P,PrA,Z36.84,ongoing_pregnancy
OngoingPregnancy7,Ongoing Pregnancy,ICD10ES,Z36.85,Encounter for antenatal screening for Streptococcus B,"","",narrow,P,PrA,Z36.85,ongoing_pregnancy
OngoingPregnancy7,Ongoing Pregnancy,ICD10ES,Z36.86,Encounter for antenatal screening for cervical length,"","",narrow,P,PrA,Z36.86,ongoing_pregnancy
OngoingPregnancy7,Ongoing Pregnancy,ICD10ES,Z36.87,Encounter for antenatal screening for uncertain dates,"","",narrow,P,PrA,Z36.87,ongoing_pregnancy
OngoingPregnancy7,Ongoing Pregnancy,ICD10ES,Z36.88,Encounter for antenatal screening for fetal macrosomia,"","",narrow,P,PrA,Z36.88,ongoing_pregnancy
OngoingPregnancy7,Ongoing Pregnancy,ICD10ES,Z36.89,Encounter for other specified antenatal screening,"","",narrow,P,PrA,Z36.89,ongoing_pregnancy
OngoingPregnancy7,Ongoing Pregnancy,ICD10ES,Z36.8A,Encounter for antenatal screening for other genetic defects,"","",narrow,P,PrA,Z36.8A,ongoing_pregnancy
OngoingPregnancy7,Ongoing Pregnancy,ICD10ES,Z36.9,Antenatal screening- unspecified,C0260591,Encounter due to antenatal screening,narrow,P,PrA,Z36.9,ongoing_pregnancy
PREECLAMP,Preeclampsia,ICD10ES,O12,Gestational [pregnancy-induced] oedema and proteinuria without hypertension,C3648968,gestational edema and proteinuria without hypertension,possible,P,PrA,O12,ongoing_pregnancy
PREECLAMP,Preeclampsia,ICD10ES,O12.0,Gestational edema,C0341960,"",possible,P,PrA,O12.0,ongoing_pregnancy
PREECLAMP,Preeclampsia,ICD10ES,O12.00,Gestational edema- unspecified trimester,"","",possible,P,PrA,O12.00,ongoing_pregnancy
PREECLAMP,Preeclampsia,ICD10ES,O12.01,Gestational edema- first trimester,"","",possible,P,PrA,O12.01,ongoing_pregnancy
PREECLAMP,Preeclampsia,ICD10ES,O12.02,Gestational edema- second trimester,"","",possible,P,PrA,O12.02,ongoing_pregnancy
PREECLAMP,Preeclampsia,ICD10ES,O12.1,Gestational proteinuria,C0269674,Gestational proteinuria,possible,P,PrA,O12.1,ongoing_pregnancy
PREECLAMP,Preeclampsia,ICD10ES,O12.10,Gestational proteinuria- unspecified trimester,"","",possible,P,PrA,O12.10,ongoing_pregnancy
PREECLAMP,Preeclampsia,ICD10ES,O12.11,Gestational proteinuria- first trimester,"","",possible,P,PrA,O12.11,ongoing_pregnancy
PREECLAMP,Preeclampsia,ICD10ES,O12.12,Gestational proteinuria- second trimester,"","",possible,P,PrA,O12.12,ongoing_pregnancy
PREECLAMP,Preeclampsia,ICD10ES,O12.2,Gestational oedema with proteinuria,C0475548,"",possible,P,PrA,O12.2,ongoing_pregnancy
PREECLAMP,Preeclampsia,ICD10ES,O12.20,Gestational edema with proteinuria- unspecified trimester,"","",possible,P,PrA,O12.20,ongoing_pregnancy
PREECLAMP,Preeclampsia,ICD10ES,O12.21,Gestational edema with proteinuria- first trimester,"","",possible,P,PrA,O12.21,ongoing_pregnancy
PREECLAMP,Preeclampsia,ICD10ES,O12.22,Gestational edema with proteinuria- second trimester,"","",possible,P,PrA,O12.22,ongoing_pregnancy
PREECLAMP,Preeclampsia,ICD10ES,O14,Gestational [pregnancy-induced] hypertension with significant proteinuria,C0495181,Gestational [pregnancy-induced] hypertension with significant proteinuria,possible,P,PrA,O14,ongoing_pregnancy
PREECLAMP,Preeclampsia,ICD10ES,O14.00,Mild to moderate pre-eclampsia- unspecified trimester,"","",narrow,P,PrA,O14.00,ongoing_pregnancy
PREECLAMP,Preeclampsia,ICD10ES,O14.02,Mild to moderate pre-eclampsia- second trimester,"","",narrow,P,PrA,O14.02,ongoing_pregnancy
PREECLAMP,Preeclampsia,ICD10ES,O14.03,Mild to moderate pre-eclampsia- third trimester,"","",narrow,P,PrA,O14.03,ongoing_pregnancy
PREECLAMP,Preeclampsia,ICD10ES,O14.10,Severe pre-eclampsia- unspecified trimester,"","",narrow,P,PrA,O14.10,ongoing_pregnancy
PREECLAMP,Preeclampsia,ICD10ES,O14.12,Severe pre-eclampsia- second trimester,"","",narrow,P,PrA,O14.12,ongoing_pregnancy
PREECLAMP,Preeclampsia,ICD10ES,O14.13,Severe pre-eclampsia- third trimester,"","",narrow,P,PrA,O14.13,ongoing_pregnancy
PREECLAMP,Preeclampsia,ICD10ES,O14.20,HELLP syndrome (HELLP)- unspecified trimester,"","",narrow,P,PrA,O14.20,ongoing_pregnancy
PREECLAMP,Preeclampsia,ICD10ES,O14.22,HELLP syndrome (HELLP)- second trimester,"","",narrow,P,PrA,O14.22,ongoing_pregnancy
PREECLAMP,Preeclampsia,ICD10ES,O14.23,HELLP syndrome (HELLP)- third trimester,"","",possible,P,PrA,O14.23,ongoing_pregnancy
PREECLAMP,Preeclampsia,ICD10ES,O14.90,Unspecified pre-eclampsia- unspecified trimester,"","",narrow,P,PrA,O14.90,ongoing_pregnancy
PREECLAMP,Preeclampsia,ICD10ES,O14.92,Unspecified pre-eclampsia- second trimester,"","",narrow,P,PrA,O14.92,ongoing_pregnancy
PREECLAMP,Preeclampsia,ICD10ES,O14.93,Unspecified pre-eclampsia- third trimester,"","",narrow,P,PrA,O14.93,ongoing_pregnancy
PREECLAMP,Preeclampsia,ICD10ES,O15.0,Eclampsia in pregnancy,C0156677,Eclampsia in pregnancy,narrow,P,PrA,O15.0,ongoing_pregnancy
PREECLAMP,Preeclampsia,ICD10ES,O15.00,Eclampsia complicating pregnancy- unspecified trimester,"","",narrow,P,PrA,O15.00,ongoing_pregnancy
PREECLAMP,Preeclampsia,ICD10ES,O15.02,Eclampsia complicating pregnancy- second trimester,"","",narrow,P,PrA,O15.02,ongoing_pregnancy
PREECLAMP,Preeclampsia,ICD10ES,O15.03,Eclampsia complicating pregnancy- third trimester,"","",narrow,P,PrA,O15.03,ongoing_pregnancy
PREECLAMP,Preeclampsia,ICD10ES,O15.9,Eclampsia- unspecified as to time period,C0013537,Eclampsia,narrow,P,PrA,O15.9,ongoing_pregnancy
Preterm,Preterm delivery,ICD10ES,O60,Preterm delivery,C0151526,Premature Birth,narrow,P,PrA,O60,end_of_pregnancy
Preterm,Preterm delivery,ICD10ES,O60.1,Preterm spontaneous labor with preterm delivery - Preterm labor with preterm delivery,"","",narrow,P,PrA,O60.1,end_of_pregnancy
Preterm,Preterm delivery,ICD10ES,O60.3,Preterm delivery without spontaneous labor,"","",narrow,P,PrA,Not available in CIE10-ES,end_of_pregnancy
SpontaneousAbortion,Spontaneous abortion,ICD10ES,O02.1,Missed abortion,C0000814,Missed abortion,possible,P,PrA,O02.1,interruption_pregnancy
SpontaneousAbortion,Spontaneous abortion,ICD10ES,O03,Spontaneous abortion,C0000786,Spontaneous abortion,narrow,P,PrA,O03,interruption_pregnancy
SpontaneousAbortion,Spontaneous abortion,ICD10ES,O03.0,Spontaneous abortion- incomplete- complicated by genital tract and pelvic infection,C0156425,Spontaneous abortion- incomplete- complicated by genital tract and pelvic infection,narrow,P,PrA,O03.0,interruption_pregnancy
SpontaneousAbortion,Spontaneous abortion,ICD10ES,O03.1,Spontaneous abortion- incomplete- complicated by delayed or excessive haemorrhage,C0156429,Spontaneous abortion- incomplete- complicated by delayed or excessive hemorrhage,narrow,P,PrA,O03.1,interruption_pregnancy
SpontaneousAbortion,Spontaneous abortion,ICD10ES,O03.2,Spontaneous abortion- incomplete- complicated by embolism,C0404919,Incomplete miscarriage with embolism,narrow,P,PrA,O03.2,interruption_pregnancy
SpontaneousAbortion,Spontaneous abortion,ICD10ES,O03.3,Other and unspecified complications following incomplete spontaneous abortion - Spontaneous abortion- Incomplete- with other and unspecified complications,"","",narrow,P,PrA,O03.3,interruption_pregnancy
SpontaneousAbortion,Spontaneous abortion,ICD10ES,O03.30,Unspecified complication following incomplete spontaneous abortion,"","",narrow,P,PrA,O03.30,interruption_pregnancy
SpontaneousAbortion,Spontaneous abortion,ICD10ES,O03.31,Shock following incomplete spontaneous abortion,"","",narrow,P,PrA,O03.31,interruption_pregnancy
SpontaneousAbortion,Spontaneous abortion,ICD10ES,O03.32,Renal failure following incomplete spontaneous abortion,"","",narrow,P,PrA,O03.32,interruption_pregnancy
SpontaneousAbortion,Spontaneous abortion,ICD10ES,O03.33,Metabolic disorder following incomplete spontaneous abortion,"","",narrow,P,PrA,O03.33,interruption_pregnancy
SpontaneousAbortion,Spontaneous abortion,ICD10ES,O03.34,Damage to pelvic organs following incomplete spontaneous abortion,"","",narrow,P,PrA,O03.34,interruption_pregnancy
SpontaneousAbortion,Spontaneous abortion,ICD10ES,O03.35,Other venous complications following incomplete spontaneous abortion,"","",narrow,P,PrA,O03.35,interruption_pregnancy
SpontaneousAbortion,Spontaneous abortion,ICD10ES,O03.36,Cardiac arrest following incomplete spontaneous abortion,"","",narrow,P,PrA,O03.36,interruption_pregnancy
SpontaneousAbortion,Spontaneous abortion,ICD10ES,O03.37,Sepsis following incomplete spontaneous abortion,"","",narrow,P,PrA,O03.37,interruption_pregnancy
SpontaneousAbortion,Spontaneous abortion,ICD10ES,O03.38,Urinary tract infection following incomplete spontaneous abortion,"","",narrow,P,PrA,O03.38,interruption_pregnancy
SpontaneousAbortion,Spontaneous abortion,ICD10ES,O03.39,Incomplete spontaneous abortion with other complications,"","",narrow,P,PrA,O03.39,interruption_pregnancy
SpontaneousAbortion,Spontaneous abortion,ICD10ES,O03.4,Spontaneous abortion- incomplete- without complication,C0729205,Spontaneous abortion- incomplete- without complication,narrow,P,PrA,O03.4,interruption_pregnancy
SpontaneousAbortion,Spontaneous abortion,ICD10ES,O03.5,Genital tract and pelvic infection following complete or unspecified spontaneous abortion - Spontaneous abortion- Complete or unspecified- complicated by genital tract and pelvic infection,"","",narrow,P,PrA,O03.5,interruption_pregnancy
SpontaneousAbortion,Spontaneous abortion,ICD10ES,O03.6,Spontaneous abortion- Complete or unspecified- complicated by delayed or excessive haemorrhage - Delayed or excessive hemorrhage following complete or unspecified spontaneous abortion,"","",narrow,P,PrA,O03.6,interruption_pregnancy
SpontaneousAbortion,Spontaneous abortion,ICD10ES,O03.7,Embolism following complete or unspecified spontaneous abortion - Spontaneous abortion- Complete or unspecified- complicated by embolism,"","",narrow,P,PrA,O03.7,interruption_pregnancy
SpontaneousAbortion,Spontaneous abortion,ICD10ES,O03.8,Spontaneous abortion- Complete or unspecified- with other and unspecified complications - Other and unspecified complications following complete or unspecified spontaneous abortion,"","",narrow,P,PrA,O03.8,interruption_pregnancy
SpontaneousAbortion,Spontaneous abortion,ICD10ES,O03.80,Unspecified complication following complete or unspecified spontaneous abortion,"","",narrow,P,PrA,O03.80,interruption_pregnancy
SpontaneousAbortion,Spontaneous abortion,ICD10ES,O03.81,Shock following complete or unspecified spontaneous abortion,"","",narrow,P,PrA,O03.81,interruption_pregnancy
SpontaneousAbortion,Spontaneous abortion,ICD10ES,O03.82,Renal failure following complete or unspecified spontaneous abortion,"","",narrow,P,PrA,O03.82,interruption_pregnancy
SpontaneousAbortion,Spontaneous abortion,ICD10ES,O03.83,Metabolic disorder following complete or unspecified spontaneous abortion,"","",narrow,P,PrA,O03.83,interruption_pregnancy
SpontaneousAbortion,Spontaneous abortion,ICD10ES,O03.84,Damage to pelvic organs following complete or unspecified spontaneous abortion,"","",narrow,P,PrA,O03.84,interruption_pregnancy
SpontaneousAbortion,Spontaneous abortion,ICD10ES,O03.85,Other venous complications following complete or unspecified spontaneous abortion,"","",narrow,P,PrA,O03.85,interruption_pregnancy
SpontaneousAbortion,Spontaneous abortion,ICD10ES,O03.86,Cardiac arrest following complete or unspecified spontaneous abortion,"","",narrow,P,PrA,O03.86,interruption_pregnancy
SpontaneousAbortion,Spontaneous abortion,ICD10ES,O03.87,Sepsis following complete or unspecified spontaneous abortion,"","",narrow,P,PrA,O03.87,interruption_pregnancy
SpontaneousAbortion,Spontaneous abortion,ICD10ES,O03.88,Urinary tract infection following complete or unspecified spontaneous abortion,"","",narrow,P,PrA,O03.88,interruption_pregnancy
SpontaneousAbortion,Spontaneous abortion,ICD10ES,O03.89,Complete or unspecified spontaneous abortion with other complications,"","",narrow,P,PrA,O03.89,interruption_pregnancy
SpontaneousAbortion,Spontaneous abortion,ICD10ES,O03.9,Complete or unspecified spontaneous abortion without complication - Spontaneous abortion- Complete or unspecified- without complication,"","",narrow,P,PrA,O03.9,interruption_pregnancy
SpontaneousAbortion,Spontaneous abortion,ICD10ES,O05,Other abortion,C0477801,Other abortion,possible,P,PrA,Not available in CIE10-ES,interruption_pregnancy
SpontaneousAbortion,Spontaneous abortion,ICD10ES,O05.0,Other abortion- incomplete- complicated by genital tract and pelvic infection,"","",possible,P,PrA,Not available in CIE10-ES,interruption_pregnancy
SpontaneousAbortion,Spontaneous abortion,ICD10ES,O05.1,Other abortion- incomplete- complicated by delayed or excessive haemorrhage,"","",possible,P,PrA,Not available in CIE10-ES,interruption_pregnancy
SpontaneousAbortion,Spontaneous abortion,ICD10ES,O05.2,Other abortion- incomplete- complicated by embolism,"","",possible,P,PrA,Not available in CIE10-ES,interruption_pregnancy
SpontaneousAbortion,Spontaneous abortion,ICD10ES,O05.3,Other abortion- incomplete- with other and unspecified complications,"","",possible,P,PrA,Not available in CIE10-ES,interruption_pregnancy
SpontaneousAbortion,Spontaneous abortion,ICD10ES,O05.4,Other abortion- incomplete- without complication,"","",possible,P,PrA,Not available in CIE10-ES,interruption_pregnancy
SpontaneousAbortion,Spontaneous abortion,ICD10ES,O05.5,Other abortion- complete or unspecified- complicated by genital tract and pelvic infection,"","",possible,P,PrA,Not available in CIE10-ES,interruption_pregnancy
SpontaneousAbortion,Spontaneous abortion,ICD10ES,O05.6,Other abortion- complete or unspecified- complicated by delayed or excessive haemorrhage,"","",possible,P,PrA,Not available in CIE10-ES,interruption_pregnancy
SpontaneousAbortion,Spontaneous abortion,ICD10ES,O05.7,Other abortion- complete or unspecified- complicated by embolism,"","",possible,P,PrA,Not available in CIE10-ES,interruption_pregnancy
SpontaneousAbortion,Spontaneous abortion,ICD10ES,O05.8,Other abortion- complete or unspecified- with other and unspecified complications,"","",possible,P,PrA,Not available in CIE10-ES,interruption_pregnancy
SpontaneousAbortion,Spontaneous abortion,ICD10ES,O05.9,Other abortion- complete or unspecified- without complication,"","",possible,P,PrA,Not available in CIE10-ES,interruption_pregnancy
SpontaneousAbortion,Spontaneous abortion,ICD10ES,O06,Unspecified abortion,C0156543,Unspecified Abortion,possible,P,PrA,Not available in CIE10-ES,interruption_pregnancy
SpontaneousAbortion,Spontaneous abortion,ICD10ES,O06.0,Unspecified abortion- incomplete- complicated by genital tract and pelvic infection,C0156546,Unspecified abortion- incomplete- complicated by genital tract and pelvic infection,possible,P,PrA,Not available in CIE10-ES,interruption_pregnancy
SpontaneousAbortion,Spontaneous abortion,ICD10ES,O06.1,Unspecified abortion- incomplete- complicated by delayed or excessive haemorrhage,"","",possible,P,PrA,Not available in CIE10-ES,interruption_pregnancy
SpontaneousAbortion,Spontaneous abortion,ICD10ES,O06.2,Unspecified abortion- incomplete- complicated by embolism,"","",possible,P,PrA,Not available in CIE10-ES,interruption_pregnancy
SpontaneousAbortion,Spontaneous abortion,ICD10ES,O06.3,Unspecified abortion- incomplete- with other and unspecified complications,"","",possible,P,PrA,Not available in CIE10-ES,interruption_pregnancy
SpontaneousAbortion,Spontaneous abortion,ICD10ES,O06.4,Unspecified abortion- incomplete- without complication,"","",possible,P,PrA,Not available in CIE10-ES,interruption_pregnancy
SpontaneousAbortion,Spontaneous abortion,ICD10ES,O06.5,Unspecified abortion- complete or unspecified- complicated by genital tract and pelvic infection,"","",possible,P,PrA,Not available in CIE10-ES,interruption_pregnancy
SpontaneousAbortion,Spontaneous abortion,ICD10ES,O06.6,Unspecified abortion- complete or unspecified- complicated by delayed or excessive haemorrhage,"","",possible,P,PrA,Not available in CIE10-ES,interruption_pregnancy
SpontaneousAbortion,Spontaneous abortion,ICD10ES,O06.7,Unspecified abortion- complete or unspecified- complicated by embolism,"","",possible,P,PrA,Not available in CIE10-ES,interruption_pregnancy
SpontaneousAbortion,Spontaneous abortion,ICD10ES,O06.8,Unspecified abortion- complete or unspecified- with other and unspecified complications,"","",possible,P,PrA,Not available in CIE10-ES,interruption_pregnancy
SpontaneousAbortion,Spontaneous abortion,ICD10ES,O06.9,Unspecified abortion- complete or unspecified- without complication,"","",possible,P,PrA,Not available in CIE10-ES,interruption_pregnancy
SpontaneousAbortion,Spontaneous abortion,ICD10ES,O08.1,Delayed or excessive haemorrhage following abortion and ectopic and molar pregnancy,C0495168,Delayed or excessive hemorrhage following abortion and ectopic and molar pregnancy,possible,P,PrA,O08.1,interruption_pregnancy
StillBirth,Stillbirth,ICD10ES,O02.1,Missed abortion,C0000814,Missed abortion,possible,P,PrA,O02.1,end_of_pregnancy
StillBirth,Stillbirth,ICD10ES,O31.0,Papyraceous fetus,C0156724,Fetus papyraceous,possible,P,PrA,O31.0,end_of_pregnancy
StillBirth,Stillbirth,ICD10ES,Z37.1,Single stillbirth,C1313896,Encounter due to single stillbirth,narrow,P,PrA,Z37.1,end_of_pregnancy
StillBirth,Stillbirth,ICD10ES,Z37.3,Twins- one liveborn and one stillborn,C0481466,Encounter due to birth of twins- one live born and one stillborn,narrow,P,PrA,Z37.3,end_of_pregnancy
BirthPossible3,Birth classified as possible,ICD10ES,O71.1,Rupture of uterus during labour,C3812903,Rupture of uterus during labor,narrow,P,PrA,O71.1,ongoing_pregnancy
EctopicPregnancy,Ectopic Pregnancy,ICD10ES,O00.00,Abdominal pregnancy without intrauterine pregnancy,C1135231,abdominal pregnancy without intrauterine pregnancy,narrow,P,PrA,O00.00,interruption_pregnancy
EctopicPregnancy,Ectopic Pregnancy,ICD10ES,O00.80,Other ectopic pregnancy without intrauterine pregnancy,"","",narrow,P,PrA,O00.80,interruption_pregnancy
EctopicPregnancy,Ectopic Pregnancy,ICD10ES,O00.90,Unspecified ectopic pregnancy without intrauterine pregnancy,"","",narrow,P,PrA,O00.90,interruption_pregnancy
ELECTTERM,Elective termination,ICD10ES,O08.3,Shock following abortion and ectopic and molar pregnancy,C0495170,Shock following abortion and ectopic and molar pregnancy,narrow,P,PrA,O08.3,end_of_pregnancy
OngoingPregnancy7,Ongoing Pregnancy,ICD10ES,O30.9,Multiple gestation- unspecified,C0032989,Multiple Pregnancy,narrow,P,PrA,O30.9,ongoing_pregnancy
StillBirth,Stillbirth,ICD10ES,Z37.7,Other multiple births- all stillborn,C0481671,Other multiple births- all stillborn,narrow,P,PrA,Z37.7,end_of_pregnancy
BirthPossible3,Birth classified as possible,ICD10ES,O71.1,Rupture of uterus during labour,C3812903,Rupture of uterus during labor,narrow,P,PrA,O71.2,ongoing_pregnancy
EctopicPregnancy,Ectopic Pregnancy,ICD10ES,O00.00,Abdominal pregnancy without intrauterine pregnancy,C1135231,abdominal pregnancy without intrauterine pregnancy,narrow,P,PrA,O00.01,interruption_pregnancy
EctopicPregnancy,Ectopic Pregnancy,ICD10ES,O00.80,Other ectopic pregnancy without intrauterine pregnancy,"","",narrow,P,PrA,O00.81,interruption_pregnancy
EctopicPregnancy,Ectopic Pregnancy,ICD10ES,O00.90,Unspecified ectopic pregnancy without intrauterine pregnancy,"","",narrow,P,PrA,O00.91,interruption_pregnancy
ELECTTERM,Elective termination,ICD10ES,O08.3,Shock following abortion and ectopic and molar pregnancy,C0495170,Shock following abortion and ectopic and molar pregnancy,narrow,P,PrA,O08.4,end_of_pregnancy
OngoingPregnancy7,Ongoing Pregnancy,ICD10ES,O30.9,Multiple gestation- unspecified,C0032989,Multiple Pregnancy,narrow,P,PrA,O30.90,ongoing_pregnancy
StillBirth,Stillbirth,ICD10ES,Z37.7,Other multiple births- all stillborn,C0481671,Other multiple births- all stillborn,narrow,P,PrA,Z37.9,end_of_pregnancy
OngoingPregnancy2,Ongoing Pregnancy,ICD10ES,O24,Diabetes mellitus in pregnancy,C0032969,Pregnancy in Diabetics,narrow,P,PrA,O24,ongoing_pregnancy
PREECLAMP,Preeclampsia,ICD10ES,O12.03,Gestational edema- third trimester,"","",possible,P,PrA,O12.03,ongoing_pregnancy
PREECLAMP,Preeclampsia,ICD10ES,O12.13,Gestational proteinuria- third trimester,"","",possible,P,PrA,O12.13,ongoing_pregnancy
PREECLAMP,Preeclampsia,ICD10ES,O12.23,Gestational edema with proteinuria- third trimester,"","",possible,P,PrA,O12.23,ongoing_pregnancy
PREECLAMP,Preeclampsia,ICD10ES,O14.0,Moderate pre-eclampsia,C0341944,Moderate proteinuric hypertension of pregnancy,narrow,P,PrA,O14.0,ongoing_pregnancy
PREECLAMP,Preeclampsia,ICD10ES,O14.1,Severe pre-eclampsia,C0341950,Severe pre-eclampsia,narrow,P,PrA,O14.1,ongoing_pregnancy
PREECLAMP,Preeclampsia,ICD10ES,O14.2,HELLP syndrome,"","",narrow,P,PrA,O14.2,ongoing_pregnancy
PREECLAMP,Preeclampsia,ICD10ES,O14.9,Pre-eclampsia- unspecified,C0032914,Pre-Eclampsia,narrow,P,PrA,O14.9,ongoing_pregnancy
PREECLAMP,Preeclampsia,ICD10ES,O15,Eclampsia,C0013537,Eclampsia,narrow,P,PrA,O15,ongoing_pregnancy
OngoingPregnancy2,Ongoing Pregnancy,ICD10ES,O24,Diabetes mellitus in pregnancy,C0032969,Pregnancy in Diabetics,narrow,P,PrA,O24.0,ongoing_pregnancy
PREECLAMP,Preeclampsia,ICD10ES,O12.03,Gestational edema- third trimester,"","",possible,P,PrA,O12.04,ongoing_pregnancy
PREECLAMP,Preeclampsia,ICD10ES,O12.13,Gestational proteinuria- third trimester,"","",possible,P,PrA,O12.14,ongoing_pregnancy
PREECLAMP,Preeclampsia,ICD10ES,O12.23,Gestational edema with proteinuria- third trimester,"","",possible,P,PrA,O12.24,ongoing_pregnancy
PREECLAMP,Preeclampsia,ICD10ES,O14.0,Moderate pre-eclampsia,C0341944,Moderate proteinuric hypertension of pregnancy,narrow,P,PrA,O14.04,ongoing_pregnancy
PREECLAMP,Preeclampsia,ICD10ES,O14.1,Severe pre-eclampsia,C0341950,Severe pre-eclampsia,narrow,P,PrA,O14.14,ongoing_pregnancy
PREECLAMP,Preeclampsia,ICD10ES,O14.2,HELLP syndrome,"","",narrow,P,PrA,O14.24,ongoing_pregnancy
PREECLAMP,Preeclampsia,ICD10ES,O14.9,Pre-eclampsia- unspecified,C0032914,Pre-Eclampsia,narrow,P,PrA,O14.94,ongoing_pregnancy
PREECLAMP,Preeclampsia,ICD10ES,O15,Eclampsia,C0013537,Eclampsia,narrow,P,PrA,O15.1,ongoing_pregnancy
OngoingPregnancy2,Ongoing Pregnancy,ICD10ES,O24,Diabetes mellitus in pregnancy,C0032969,Pregnancy in Diabetics,narrow,P,PrA,O24.1,ongoing_pregnancy
PREECLAMP,Preeclampsia,ICD10ES,O12.03,Gestational edema- third trimester,"","",possible,P,PrA,O12.05,ongoing_pregnancy
PREECLAMP,Preeclampsia,ICD10ES,O12.13,Gestational proteinuria- third trimester,"","",possible,P,PrA,O12.15,ongoing_pregnancy
PREECLAMP,Preeclampsia,ICD10ES,O12.23,Gestational edema with proteinuria- third trimester,"","",possible,P,PrA,O12.25,ongoing_pregnancy
PREECLAMP,Preeclampsia,ICD10ES,O14.0,Moderate pre-eclampsia,C0341944,Moderate proteinuric hypertension of pregnancy,narrow,P,PrA,O14.05,ongoing_pregnancy
PREECLAMP,Preeclampsia,ICD10ES,O14.1,Severe pre-eclampsia,C0341950,Severe pre-eclampsia,narrow,P,PrA,O14.15,ongoing_pregnancy
PREECLAMP,Preeclampsia,ICD10ES,O14.2,HELLP syndrome,"","",narrow,P,PrA,O14.25,ongoing_pregnancy
PREECLAMP,Preeclampsia,ICD10ES,O14.9,Pre-eclampsia- unspecified,C0032914,Pre-Eclampsia,narrow,P,PrA,O14.95,ongoing_pregnancy
PREECLAMP,Preeclampsia,ICD10ES,O15,Eclampsia,C0013537,Eclampsia,narrow,P,PrA,O15.2,ongoing_pregnancy
BirthNarrow,Birth classified as narrow,ICD10ES,O42.01,Preterm premature rupture of membranes- onset of labor within 24 hours of rupture,"","",narrow,P,PrA,O42.01,end_of_pregnancy
BirthNarrow,Birth classified as narrow,ICD10ES,O42.11,Preterm premature rupture of membranes- onset of labor more than 24 hours following rupture,"","",narrow,P,PrA,O42.11,end_of_pregnancy
BirthNarrow,Birth classified as narrow,ICD10ES,O42.91,Preterm premature rupture of membranes- unspecified as to length of time between rupture and onset of labor,"","",narrow,P,PrA,O42.91,end_of_pregnancy
OngoingPregnancy5,Ongoing Pregnancy,ICD10ES,O22.8X,Other venous complications in pregnancy,"","",narrow,P,PrA,O22.8X,ongoing_pregnancy
OngoingPregnancy7,Ongoing Pregnancy,ICD10ES,O23.51,Infection of cervix in pregnancy,"","",narrow,P,PrA,O23.51,ongoing_pregnancy
OngoingPregnancy7,Ongoing Pregnancy,ICD10ES,O23.52,Salpingo-oophoritis in pregnancy,"","",narrow,P,PrA,O23.52,ongoing_pregnancy
OngoingPregnancy7,Ongoing Pregnancy,ICD10ES,O23.59,Infection of other part of genital tract in pregnancy,"","",narrow,P,PrA,O23.59,ongoing_pregnancy
OngoingPregnancy2,Ongoing Pregnancy,ICD10ES,O24.01,Pre-existing type 1 diabetes mellitus- in pregnancy,"","",narrow,P,PrA,O24.01,ongoing_pregnancy
OngoingPregnancy7,Ongoing Pregnancy,ICD10ES,O30.00,Twin pregnancy- unspecified number of placenta and unspecified number of amniotic sacs,C0152150,Pregnancy- Twin,narrow,P,PrA,O30.00,ongoing_pregnancy
OngoingPregnancy3,Ongoing Pregnancy,ICD10ES,O30.01,Twin pregnancy- monochorionic-monoamniotic,"","",narrow,P,PrA,O30.01,ongoing_pregnancy
OngoingPregnancy7,Ongoing Pregnancy,ICD10ES,O30.01,Twin pregnancy- monochorionic-monoamniotic,"","",narrow,P,PrA,O30.01,ongoing_pregnancy
OngoingPregnancy3,Ongoing Pregnancy,ICD10ES,O30.02,Conjoined twin pregnancy,"","",narrow,P,PrA,O30.02,ongoing_pregnancy
OngoingPregnancy7,Ongoing Pregnancy,ICD10ES,O30.02,Conjoined twin pregnancy,"","",narrow,P,PrA,O30.02,ongoing_pregnancy
OngoingPregnancy3,Ongoing Pregnancy,ICD10ES,O30.03,Twin pregnancy- monochorionic-diamniotic,"","",narrow,P,PrA,O30.03,ongoing_pregnancy
OngoingPregnancy7,Ongoing Pregnancy,ICD10ES,O30.03,Twin pregnancy- monochorionic-diamniotic,"","",narrow,P,PrA,O30.03,ongoing_pregnancy
OngoingPregnancy3,Ongoing Pregnancy,ICD10ES,O30.04,Twin pregnancy- dichorionic-diamniotic,"","",narrow,P,PrA,O30.04,ongoing_pregnancy
OngoingPregnancy7,Ongoing Pregnancy,ICD10ES,O30.04,Twin pregnancy- dichorionic-diamniotic,"","",narrow,P,PrA,O30.04,ongoing_pregnancy
OngoingPregnancy3,Ongoing Pregnancy,ICD10ES,O30.09,Twin pregnancy- unable to determine number of placenta and number of amniotic sacs,"","",narrow,P,PrA,O30.09,ongoing_pregnancy
OngoingPregnancy7,Ongoing Pregnancy,ICD10ES,O30.09,Twin pregnancy- unable to determine number of placenta and number of amniotic sacs,"","",narrow,P,PrA,O30.09,ongoing_pregnancy
OngoingPregnancy3,Ongoing Pregnancy,ICD10ES,O30.10,Triplet pregnancy- unspecified number of placenta and unspecified number of amniotic sacs,"","",narrow,P,PrA,O30.10,ongoing_pregnancy
OngoingPregnancy7,Ongoing Pregnancy,ICD10ES,O30.10,Triplet pregnancy- unspecified number of placenta and unspecified number of amniotic sacs,"","",narrow,P,PrA,O30.10,ongoing_pregnancy
OngoingPregnancy3,Ongoing Pregnancy,ICD10ES,O30.11,Triplet pregnancy with two or more monochorionic fetuses,"","",narrow,P,PrA,O30.11,ongoing_pregnancy
OngoingPregnancy7,Ongoing Pregnancy,ICD10ES,O30.11,Triplet pregnancy with two or more monochorionic fetuses,"","",narrow,P,PrA,O30.11,ongoing_pregnancy
OngoingPregnancy3,Ongoing Pregnancy,ICD10ES,O30.12,Triplet pregnancy with two or more monoamniotic fetuses,"","",narrow,P,PrA,O30.12,ongoing_pregnancy
OngoingPregnancy7,Ongoing Pregnancy,ICD10ES,O30.12,Triplet pregnancy with two or more monoamniotic fetuses,"","",narrow,P,PrA,O30.12,ongoing_pregnancy
OngoingPregnancy3,Ongoing Pregnancy,ICD10ES,O30.13,Triplet pregnancy- trichorionic-triamniotic,"","",narrow,P,PrA,O30.13,ongoing_pregnancy
OngoingPregnancy7,Ongoing Pregnancy,ICD10ES,O30.13,Triplet pregnancy- trichorionic-triamniotic,"","",narrow,P,PrA,O30.13,ongoing_pregnancy
OngoingPregnancy3,Ongoing Pregnancy,ICD10ES,O30.19,Triplet pregnancy- unable to determine number of placenta and number of amniotic sacs,"","",narrow,P,PrA,O30.19,ongoing_pregnancy
OngoingPregnancy7,Ongoing Pregnancy,ICD10ES,O30.19,Triplet pregnancy- unable to determine number of placenta and number of amniotic sacs,"","",narrow,P,PrA,O30.19,ongoing_pregnancy
OngoingPregnancy3,Ongoing Pregnancy,ICD10ES,O30.20,Quadruplet pregnancy- unspecified number of placenta and unspecified number of amniotic sacs,"","",narrow,P,PrA,O30.20,ongoing_pregnancy
OngoingPregnancy7,Ongoing Pregnancy,ICD10ES,O30.20,Quadruplet pregnancy- unspecified number of placenta and unspecified number of amniotic sacs,"","",narrow,P,PrA,O30.20,ongoing_pregnancy
OngoingPregnancy3,Ongoing Pregnancy,ICD10ES,O30.21,Quadruplet pregnancy with two or more monochorionic fetuses,"","",narrow,P,PrA,O30.21,ongoing_pregnancy
OngoingPregnancy7,Ongoing Pregnancy,ICD10ES,O30.21,Quadruplet pregnancy with two or more monochorionic fetuses,"","",narrow,P,PrA,O30.21,ongoing_pregnancy
OngoingPregnancy3,Ongoing Pregnancy,ICD10ES,O30.22,Quadruplet pregnancy with two or more monoamniotic fetuses,"","",narrow,P,PrA,O30.22,ongoing_pregnancy
OngoingPregnancy7,Ongoing Pregnancy,ICD10ES,O30.22,Quadruplet pregnancy with two or more monoamniotic fetuses,"","",narrow,P,PrA,O30.22,ongoing_pregnancy
OngoingPregnancy3,Ongoing Pregnancy,ICD10ES,O30.23,Quadruplet pregnancy- quadrachorionic-quadra-amniotic,"","",narrow,P,PrA,O30.23,ongoing_pregnancy
OngoingPregnancy7,Ongoing Pregnancy,ICD10ES,O30.23,Quadruplet pregnancy- quadrachorionic-quadra-amniotic,"","",narrow,P,PrA,O30.23,ongoing_pregnancy
OngoingPregnancy3,Ongoing Pregnancy,ICD10ES,O30.29,Quadruplet pregnancy- unable to determine number of placenta and number of amniotic sacs,"","",narrow,P,PrA,O30.29,ongoing_pregnancy
OngoingPregnancy7,Ongoing Pregnancy,ICD10ES,O30.29,Quadruplet pregnancy- unable to determine number of placenta and number of amniotic sacs,"","",narrow,P,PrA,O30.29,ongoing_pregnancy
OngoingPregnancy3,Ongoing Pregnancy,ICD10ES,O30.80,Other specified multiple gestation- unspecified number of placenta and unspecified number of amniotic sacs,C2921363,Other specified multiple gestation- unspecified number of placenta and unspecified number of amniotic sacs,narrow,P,PrA,O30.80,ongoing_pregnancy
OngoingPregnancy7,Ongoing Pregnancy,ICD10ES,O30.80,Other specified multiple gestation- unspecified number of placenta and unspecified number of amniotic sacs,C2921363,Other specified multiple gestation- unspecified number of placenta and unspecified number of amniotic sacs,narrow,P,PrA,O30.80,ongoing_pregnancy
OngoingPregnancy3,Ongoing Pregnancy,ICD10ES,O30.81,Other specified multiple gestation with two or more monochorionic fetuses,"","",narrow,P,PrA,O30.81,ongoing_pregnancy
OngoingPregnancy7,Ongoing Pregnancy,ICD10ES,O30.81,Other specified multiple gestation with two or more monochorionic fetuses,"","",narrow,P,PrA,O30.81,ongoing_pregnancy
OngoingPregnancy3,Ongoing Pregnancy,ICD10ES,O30.82,Other specified multiple gestation with two or more monoamniotic fetuses,"","",narrow,P,PrA,O30.82,ongoing_pregnancy
OngoingPregnancy7,Ongoing Pregnancy,ICD10ES,O30.82,Other specified multiple gestation with two or more monoamniotic fetuses,"","",narrow,P,PrA,O30.82,ongoing_pregnancy
OngoingPregnancy3,Ongoing Pregnancy,ICD10ES,O30.83,Other specified multiple gestation- number of chorions and amnions are both equal to the number of fetuses,"","",narrow,P,PrA,O30.83,ongoing_pregnancy
OngoingPregnancy7,Ongoing Pregnancy,ICD10ES,O30.83,Other specified multiple gestation- number of chorions and amnions are both equal to the number of fetuses,"","",narrow,P,PrA,O30.83,ongoing_pregnancy
OngoingPregnancy3,Ongoing Pregnancy,ICD10ES,O30.89,Other specified multiple gestation- unable to determine number of placenta and number of amniotic sacs,"","",narrow,P,PrA,O30.89,ongoing_pregnancy
OngoingPregnancy7,Ongoing Pregnancy,ICD10ES,O30.89,Other specified multiple gestation- unable to determine number of placenta and number of amniotic sacs,"","",narrow,P,PrA,O30.89,ongoing_pregnancy
OngoingPregnancy7,Ongoing Pregnancy,ICD10ES,O43.01,Fetomaternal placental transfusion syndrome,"","",narrow,P,PrA,O43.01,ongoing_pregnancy
OngoingPregnancy7,Ongoing Pregnancy,ICD10ES,O43.02,Fetus-to-fetus placental transfusion syndrome,"","",narrow,P,PrA,O43.02,ongoing_pregnancy
OngoingPregnancy7,Ongoing Pregnancy,ICD10ES,O43.10,Malformation of placenta- unspecified,"","",narrow,P,PrA,O43.10,ongoing_pregnancy
OngoingPregnancy7,Ongoing Pregnancy,ICD10ES,O43.11,Circumvallate placenta,"","",narrow,P,PrA,O43.11,ongoing_pregnancy
OngoingPregnancy7,Ongoing Pregnancy,ICD10ES,O43.12,Velamentous insertion of umbilical cord,"","",narrow,P,PrA,O43.12,ongoing_pregnancy
OngoingPregnancy7,Ongoing Pregnancy,ICD10ES,O43.19,Other malformation of placenta,"","",narrow,P,PrA,O43.19,ongoing_pregnancy
OngoingPregnancy7,Ongoing Pregnancy,ICD10ES,O43.21,Placenta accreta,"","",narrow,P,PrA,O43.21,ongoing_pregnancy
OngoingPregnancy7,Ongoing Pregnancy,ICD10ES,O43.22,Placenta increta,"","",narrow,P,PrA,O43.22,ongoing_pregnancy
OngoingPregnancy7,Ongoing Pregnancy,ICD10ES,O43.23,Placenta percreta,"","",narrow,P,PrA,O43.23,ongoing_pregnancy
OngoingPregnancy4,Ongoing Pregnancy,ICD10ES,O43.81,Placental infarction,"","",narrow,P,PrA,O43.81,ongoing_pregnancy
OngoingPregnancy7,Ongoing Pregnancy,ICD10ES,O43.81,Placental infarction,"","",narrow,P,PrA,O43.81,ongoing_pregnancy
OngoingPregnancy7,Ongoing Pregnancy,ICD10ES,O43.89,Other placental disorders,"","",narrow,P,PrA,O43.89,ongoing_pregnancy
OngoingPregnancy1,Ongoing Pregnancy,ICD10ES,O45.00,Premature separation of placenta with coagulation defect- unspecified,"","",narrow,P,PrA,O45.00,ongoing_pregnancy
OngoingPregnancy7,Ongoing Pregnancy,ICD10ES,O45.00,Premature separation of placenta with coagulation defect- unspecified,"","",narrow,P,PrA,O45.00,ongoing_pregnancy
OngoingPregnancy1,Ongoing Pregnancy,ICD10ES,O45.01,Premature separation of placenta with afibrinogenemia,"","",narrow,P,PrA,O45.01,ongoing_pregnancy
OngoingPregnancy7,Ongoing Pregnancy,ICD10ES,O45.01,Premature separation of placenta with afibrinogenemia,"","",narrow,P,PrA,O45.01,ongoing_pregnancy
OngoingPregnancy1,Ongoing Pregnancy,ICD10ES,O45.02,Premature separation of placenta with disseminated intravascular coagulation,"","",narrow,P,PrA,O45.02,ongoing_pregnancy
OngoingPregnancy7,Ongoing Pregnancy,ICD10ES,O45.02,Premature separation of placenta with disseminated intravascular coagulation,"","",narrow,P,PrA,O45.02,ongoing_pregnancy
OngoingPregnancy1,Ongoing Pregnancy,ICD10ES,O45.09,Premature separation of placenta with other coagulation defect,"","",narrow,P,PrA,O45.09,ongoing_pregnancy
OngoingPregnancy7,Ongoing Pregnancy,ICD10ES,O45.09,Premature separation of placenta with other coagulation defect,"","",narrow,P,PrA,O45.09,ongoing_pregnancy
OngoingPregnancy1,Ongoing Pregnancy,ICD10ES,O45.8X,Other premature separation of placenta,"","",narrow,P,PrA,O45.8X,ongoing_pregnancy
OngoingPregnancy7,Ongoing Pregnancy,ICD10ES,O45.8X,Other premature separation of placenta,"","",narrow,P,PrA,O45.8X,ongoing_pregnancy
OngoingPregnancy1,Ongoing Pregnancy,ICD10ES,O46.00,Antepartum hemorrhage with coagulation defect- unspecified,"","",narrow,P,PrA,O46.00,ongoing_pregnancy
OngoingPregnancy7,Ongoing Pregnancy,ICD10ES,O46.00,Antepartum hemorrhage with coagulation defect- unspecified,"","",narrow,P,PrA,O46.00,ongoing_pregnancy
OngoingPregnancy1,Ongoing Pregnancy,ICD10ES,O46.01,Antepartum hemorrhage with afibrinogenemia,"","",narrow,P,PrA,O46.01,ongoing_pregnancy
OngoingPregnancy7,Ongoing Pregnancy,ICD10ES,O46.01,Antepartum hemorrhage with afibrinogenemia,"","",narrow,P,PrA,O46.01,ongoing_pregnancy
OngoingPregnancy1,Ongoing Pregnancy,ICD10ES,O46.02,Antepartum hemorrhage with disseminated intravascular coagulation,"","",narrow,P,PrA,O46.02,ongoing_pregnancy
OngoingPregnancy7,Ongoing Pregnancy,ICD10ES,O46.02,Antepartum hemorrhage with disseminated intravascular coagulation,"","",narrow,P,PrA,O46.02,ongoing_pregnancy
OngoingPregnancy1,Ongoing Pregnancy,ICD10ES,O46.09,Antepartum hemorrhage with other coagulation defect,"","",narrow,P,PrA,O46.09,ongoing_pregnancy
OngoingPregnancy7,Ongoing Pregnancy,ICD10ES,O46.09,Antepartum hemorrhage with other coagulation defect,"","",narrow,P,PrA,O46.09,ongoing_pregnancy
OngoingPregnancy1,Ongoing Pregnancy,ICD10ES,O46.8X,Other antepartum hemorrhage,"","",narrow,P,PrA,O46.8X,ongoing_pregnancy
OngoingPregnancy7,Ongoing Pregnancy,ICD10ES,O46.8X,Other antepartum hemorrhage,"","",narrow,P,PrA,O46.8X,ongoing_pregnancy
BirthNarrow,Birth classified as narrow,ICD10ES,O42.01,Preterm premature rupture of membranes- onset of labor within 24 hours of rupture,"","",narrow,P,PrA,O42.011,end_of_pregnancy
BirthNarrow,Birth classified as narrow,ICD10ES,O42.11,Preterm premature rupture of membranes- onset of labor more than 24 hours following rupture,"","",narrow,P,PrA,O42.111,end_of_pregnancy
BirthNarrow,Birth classified as narrow,ICD10ES,O42.91,Preterm premature rupture of membranes- unspecified as to length of time between rupture and onset of labor,"","",narrow,P,PrA,O42.911,end_of_pregnancy
OngoingPregnancy5,Ongoing Pregnancy,ICD10ES,O22.8X,Other venous complications in pregnancy,"","",narrow,P,PrA,O22.8X1,ongoing_pregnancy
OngoingPregnancy7,Ongoing Pregnancy,ICD10ES,O23.51,Infection of cervix in pregnancy,"","",narrow,P,PrA,O23.511,ongoing_pregnancy
OngoingPregnancy7,Ongoing Pregnancy,ICD10ES,O23.52,Salpingo-oophoritis in pregnancy,"","",narrow,P,PrA,O23.521,ongoing_pregnancy
OngoingPregnancy7,Ongoing Pregnancy,ICD10ES,O23.59,Infection of other part of genital tract in pregnancy,"","",narrow,P,PrA,O23.591,ongoing_pregnancy
OngoingPregnancy2,Ongoing Pregnancy,ICD10ES,O24.01,Pre-existing type 1 diabetes mellitus- in pregnancy,"","",narrow,P,PrA,O24.011,ongoing_pregnancy
OngoingPregnancy7,Ongoing Pregnancy,ICD10ES,O30.00,Twin pregnancy- unspecified number of placenta and unspecified number of amniotic sacs,C0152150,Pregnancy- Twin,narrow,P,PrA,O30.001,ongoing_pregnancy
OngoingPregnancy3,Ongoing Pregnancy,ICD10ES,O30.01,Twin pregnancy- monochorionic-monoamniotic,"","",narrow,P,PrA,O30.011,ongoing_pregnancy
OngoingPregnancy7,Ongoing Pregnancy,ICD10ES,O30.01,Twin pregnancy- monochorionic-monoamniotic,"","",narrow,P,PrA,O30.011,ongoing_pregnancy
OngoingPregnancy3,Ongoing Pregnancy,ICD10ES,O30.02,Conjoined twin pregnancy,"","",narrow,P,PrA,O30.021,ongoing_pregnancy
OngoingPregnancy7,Ongoing Pregnancy,ICD10ES,O30.02,Conjoined twin pregnancy,"","",narrow,P,PrA,O30.021,ongoing_pregnancy
OngoingPregnancy3,Ongoing Pregnancy,ICD10ES,O30.03,Twin pregnancy- monochorionic-diamniotic,"","",narrow,P,PrA,O30.031,ongoing_pregnancy
OngoingPregnancy7,Ongoing Pregnancy,ICD10ES,O30.03,Twin pregnancy- monochorionic-diamniotic,"","",narrow,P,PrA,O30.031,ongoing_pregnancy
OngoingPregnancy3,Ongoing Pregnancy,ICD10ES,O30.04,Twin pregnancy- dichorionic-diamniotic,"","",narrow,P,PrA,O30.041,ongoing_pregnancy
OngoingPregnancy7,Ongoing Pregnancy,ICD10ES,O30.04,Twin pregnancy- dichorionic-diamniotic,"","",narrow,P,PrA,O30.041,ongoing_pregnancy
OngoingPregnancy3,Ongoing Pregnancy,ICD10ES,O30.09,Twin pregnancy- unable to determine number of placenta and number of amniotic sacs,"","",narrow,P,PrA,O30.091,ongoing_pregnancy
OngoingPregnancy7,Ongoing Pregnancy,ICD10ES,O30.09,Twin pregnancy- unable to determine number of placenta and number of amniotic sacs,"","",narrow,P,PrA,O30.091,ongoing_pregnancy
OngoingPregnancy3,Ongoing Pregnancy,ICD10ES,O30.10,Triplet pregnancy- unspecified number of placenta and unspecified number of amniotic sacs,"","",narrow,P,PrA,O30.101,ongoing_pregnancy
OngoingPregnancy7,Ongoing Pregnancy,ICD10ES,O30.10,Triplet pregnancy- unspecified number of placenta and unspecified number of amniotic sacs,"","",narrow,P,PrA,O30.101,ongoing_pregnancy
OngoingPregnancy3,Ongoing Pregnancy,ICD10ES,O30.11,Triplet pregnancy with two or more monochorionic fetuses,"","",narrow,P,PrA,O30.111,ongoing_pregnancy
OngoingPregnancy7,Ongoing Pregnancy,ICD10ES,O30.11,Triplet pregnancy with two or more monochorionic fetuses,"","",narrow,P,PrA,O30.111,ongoing_pregnancy
OngoingPregnancy3,Ongoing Pregnancy,ICD10ES,O30.12,Triplet pregnancy with two or more monoamniotic fetuses,"","",narrow,P,PrA,O30.121,ongoing_pregnancy
OngoingPregnancy7,Ongoing Pregnancy,ICD10ES,O30.12,Triplet pregnancy with two or more monoamniotic fetuses,"","",narrow,P,PrA,O30.121,ongoing_pregnancy
OngoingPregnancy3,Ongoing Pregnancy,ICD10ES,O30.13,Triplet pregnancy- trichorionic-triamniotic,"","",narrow,P,PrA,O30.131,ongoing_pregnancy
OngoingPregnancy7,Ongoing Pregnancy,ICD10ES,O30.13,Triplet pregnancy- trichorionic-triamniotic,"","",narrow,P,PrA,O30.131,ongoing_pregnancy
OngoingPregnancy3,Ongoing Pregnancy,ICD10ES,O30.19,Triplet pregnancy- unable to determine number of placenta and number of amniotic sacs,"","",narrow,P,PrA,O30.191,ongoing_pregnancy
OngoingPregnancy7,Ongoing Pregnancy,ICD10ES,O30.19,Triplet pregnancy- unable to determine number of placenta and number of amniotic sacs,"","",narrow,P,PrA,O30.191,ongoing_pregnancy
OngoingPregnancy3,Ongoing Pregnancy,ICD10ES,O30.20,Quadruplet pregnancy- unspecified number of placenta and unspecified number of amniotic sacs,"","",narrow,P,PrA,O30.201,ongoing_pregnancy
OngoingPregnancy7,Ongoing Pregnancy,ICD10ES,O30.20,Quadruplet pregnancy- unspecified number of placenta and unspecified number of amniotic sacs,"","",narrow,P,PrA,O30.201,ongoing_pregnancy
OngoingPregnancy3,Ongoing Pregnancy,ICD10ES,O30.21,Quadruplet pregnancy with two or more monochorionic fetuses,"","",narrow,P,PrA,O30.211,ongoing_pregnancy
OngoingPregnancy7,Ongoing Pregnancy,ICD10ES,O30.21,Quadruplet pregnancy with two or more monochorionic fetuses,"","",narrow,P,PrA,O30.211,ongoing_pregnancy
OngoingPregnancy3,Ongoing Pregnancy,ICD10ES,O30.22,Quadruplet pregnancy with two or more monoamniotic fetuses,"","",narrow,P,PrA,O30.221,ongoing_pregnancy
OngoingPregnancy7,Ongoing Pregnancy,ICD10ES,O30.22,Quadruplet pregnancy with two or more monoamniotic fetuses,"","",narrow,P,PrA,O30.221,ongoing_pregnancy
OngoingPregnancy3,Ongoing Pregnancy,ICD10ES,O30.23,Quadruplet pregnancy- quadrachorionic-quadra-amniotic,"","",narrow,P,PrA,O30.231,ongoing_pregnancy
OngoingPregnancy7,Ongoing Pregnancy,ICD10ES,O30.23,Quadruplet pregnancy- quadrachorionic-quadra-amniotic,"","",narrow,P,PrA,O30.231,ongoing_pregnancy
OngoingPregnancy3,Ongoing Pregnancy,ICD10ES,O30.29,Quadruplet pregnancy- unable to determine number of placenta and number of amniotic sacs,"","",narrow,P,PrA,O30.291,ongoing_pregnancy
OngoingPregnancy7,Ongoing Pregnancy,ICD10ES,O30.29,Quadruplet pregnancy- unable to determine number of placenta and number of amniotic sacs,"","",narrow,P,PrA,O30.291,ongoing_pregnancy
OngoingPregnancy3,Ongoing Pregnancy,ICD10ES,O30.80,Other specified multiple gestation- unspecified number of placenta and unspecified number of amniotic sacs,C2921363,Other specified multiple gestation- unspecified number of placenta and unspecified number of amniotic sacs,narrow,P,PrA,O30.801,ongoing_pregnancy
OngoingPregnancy7,Ongoing Pregnancy,ICD10ES,O30.80,Other specified multiple gestation- unspecified number of placenta and unspecified number of amniotic sacs,C2921363,Other specified multiple gestation- unspecified number of placenta and unspecified number of amniotic sacs,narrow,P,PrA,O30.801,ongoing_pregnancy
OngoingPregnancy3,Ongoing Pregnancy,ICD10ES,O30.81,Other specified multiple gestation with two or more monochorionic fetuses,"","",narrow,P,PrA,O30.811,ongoing_pregnancy
OngoingPregnancy7,Ongoing Pregnancy,ICD10ES,O30.81,Other specified multiple gestation with two or more monochorionic fetuses,"","",narrow,P,PrA,O30.811,ongoing_pregnancy
OngoingPregnancy3,Ongoing Pregnancy,ICD10ES,O30.82,Other specified multiple gestation with two or more monoamniotic fetuses,"","",narrow,P,PrA,O30.821,ongoing_pregnancy
OngoingPregnancy7,Ongoing Pregnancy,ICD10ES,O30.82,Other specified multiple gestation with two or more monoamniotic fetuses,"","",narrow,P,PrA,O30.821,ongoing_pregnancy
OngoingPregnancy3,Ongoing Pregnancy,ICD10ES,O30.83,Other specified multiple gestation- number of chorions and amnions are both equal to the number of fetuses,"","",narrow,P,PrA,O30.831,ongoing_pregnancy
OngoingPregnancy7,Ongoing Pregnancy,ICD10ES,O30.83,Other specified multiple gestation- number of chorions and amnions are both equal to the number of fetuses,"","",narrow,P,PrA,O30.831,ongoing_pregnancy
OngoingPregnancy3,Ongoing Pregnancy,ICD10ES,O30.89,Other specified multiple gestation- unable to determine number of placenta and number of amniotic sacs,"","",narrow,P,PrA,O30.891,ongoing_pregnancy
OngoingPregnancy7,Ongoing Pregnancy,ICD10ES,O30.89,Other specified multiple gestation- unable to determine number of placenta and number of amniotic sacs,"","",narrow,P,PrA,O30.891,ongoing_pregnancy
OngoingPregnancy7,Ongoing Pregnancy,ICD10ES,O43.01,Fetomaternal placental transfusion syndrome,"","",narrow,P,PrA,O43.011,ongoing_pregnancy
OngoingPregnancy7,Ongoing Pregnancy,ICD10ES,O43.02,Fetus-to-fetus placental transfusion syndrome,"","",narrow,P,PrA,O43.021,ongoing_pregnancy
OngoingPregnancy7,Ongoing Pregnancy,ICD10ES,O43.10,Malformation of placenta- unspecified,"","",narrow,P,PrA,O43.101,ongoing_pregnancy
OngoingPregnancy7,Ongoing Pregnancy,ICD10ES,O43.11,Circumvallate placenta,"","",narrow,P,PrA,O43.111,ongoing_pregnancy
OngoingPregnancy7,Ongoing Pregnancy,ICD10ES,O43.12,Velamentous insertion of umbilical cord,"","",narrow,P,PrA,O43.121,ongoing_pregnancy
OngoingPregnancy7,Ongoing Pregnancy,ICD10ES,O43.19,Other malformation of placenta,"","",narrow,P,PrA,O43.191,ongoing_pregnancy
OngoingPregnancy7,Ongoing Pregnancy,ICD10ES,O43.21,Placenta accreta,"","",narrow,P,PrA,O43.211,ongoing_pregnancy
OngoingPregnancy7,Ongoing Pregnancy,ICD10ES,O43.22,Placenta increta,"","",narrow,P,PrA,O43.221,ongoing_pregnancy
OngoingPregnancy7,Ongoing Pregnancy,ICD10ES,O43.23,Placenta percreta,"","",narrow,P,PrA,O43.231,ongoing_pregnancy
OngoingPregnancy4,Ongoing Pregnancy,ICD10ES,O43.81,Placental infarction,"","",narrow,P,PrA,O43.811,ongoing_pregnancy
OngoingPregnancy7,Ongoing Pregnancy,ICD10ES,O43.81,Placental infarction,"","",narrow,P,PrA,O43.811,ongoing_pregnancy
OngoingPregnancy7,Ongoing Pregnancy,ICD10ES,O43.89,Other placental disorders,"","",narrow,P,PrA,O43.981,ongoing_pregnancy
OngoingPregnancy1,Ongoing Pregnancy,ICD10ES,O45.00,Premature separation of placenta with coagulation defect- unspecified,"","",narrow,P,PrA,O45.001,ongoing_pregnancy
OngoingPregnancy7,Ongoing Pregnancy,ICD10ES,O45.00,Premature separation of placenta with coagulation defect- unspecified,"","",narrow,P,PrA,O45.001,ongoing_pregnancy
OngoingPregnancy1,Ongoing Pregnancy,ICD10ES,O45.01,Premature separation of placenta with afibrinogenemia,"","",narrow,P,PrA,O45.011,ongoing_pregnancy
OngoingPregnancy7,Ongoing Pregnancy,ICD10ES,O45.01,Premature separation of placenta with afibrinogenemia,"","",narrow,P,PrA,O45.011,ongoing_pregnancy
OngoingPregnancy1,Ongoing Pregnancy,ICD10ES,O45.02,Premature separation of placenta with disseminated intravascular coagulation,"","",narrow,P,PrA,O45.021,ongoing_pregnancy
OngoingPregnancy7,Ongoing Pregnancy,ICD10ES,O45.02,Premature separation of placenta with disseminated intravascular coagulation,"","",narrow,P,PrA,O45.021,ongoing_pregnancy
OngoingPregnancy1,Ongoing Pregnancy,ICD10ES,O45.09,Premature separation of placenta with other coagulation defect,"","",narrow,P,PrA,O45.091,ongoing_pregnancy
OngoingPregnancy7,Ongoing Pregnancy,ICD10ES,O45.09,Premature separation of placenta with other coagulation defect,"","",narrow,P,PrA,O45.091,ongoing_pregnancy
OngoingPregnancy1,Ongoing Pregnancy,ICD10ES,O45.8X,Other premature separation of placenta,"","",narrow,P,PrA,O45.8X1,ongoing_pregnancy
OngoingPregnancy7,Ongoing Pregnancy,ICD10ES,O45.8X,Other premature separation of placenta,"","",narrow,P,PrA,O45.8X1,ongoing_pregnancy
OngoingPregnancy1,Ongoing Pregnancy,ICD10ES,O46.00,Antepartum hemorrhage with coagulation defect- unspecified,"","",narrow,P,PrA,O46.001,ongoing_pregnancy
OngoingPregnancy7,Ongoing Pregnancy,ICD10ES,O46.00,Antepartum hemorrhage with coagulation defect- unspecified,"","",narrow,P,PrA,O46.001,ongoing_pregnancy
OngoingPregnancy1,Ongoing Pregnancy,ICD10ES,O46.01,Antepartum hemorrhage with afibrinogenemia,"","",narrow,P,PrA,O46.011,ongoing_pregnancy
OngoingPregnancy7,Ongoing Pregnancy,ICD10ES,O46.01,Antepartum hemorrhage with afibrinogenemia,"","",narrow,P,PrA,O46.011,ongoing_pregnancy
OngoingPregnancy1,Ongoing Pregnancy,ICD10ES,O46.02,Antepartum hemorrhage with disseminated intravascular coagulation,"","",narrow,P,PrA,O46.021,ongoing_pregnancy
OngoingPregnancy7,Ongoing Pregnancy,ICD10ES,O46.02,Antepartum hemorrhage with disseminated intravascular coagulation,"","",narrow,P,PrA,O46.021,ongoing_pregnancy
OngoingPregnancy1,Ongoing Pregnancy,ICD10ES,O46.09,Antepartum hemorrhage with other coagulation defect,"","",narrow,P,PrA,O46.091,ongoing_pregnancy
OngoingPregnancy7,Ongoing Pregnancy,ICD10ES,O46.09,Antepartum hemorrhage with other coagulation defect,"","",narrow,P,PrA,O46.091,ongoing_pregnancy
OngoingPregnancy1,Ongoing Pregnancy,ICD10ES,O46.8X,Other antepartum hemorrhage,"","",narrow,P,PrA,O46.8X1,ongoing_pregnancy
OngoingPregnancy7,Ongoing Pregnancy,ICD10ES,O46.8X,Other antepartum hemorrhage,"","",narrow,P,PrA,O46.8X1,ongoing_pregnancy
BirthNarrow,Birth classified as narrow,ICD10ES,O42.01,Preterm premature rupture of membranes- onset of labor within 24 hours of rupture,"","",narrow,P,PrA,O42.012,end_of_pregnancy
BirthNarrow,Birth classified as narrow,ICD10ES,O42.11,Preterm premature rupture of membranes- onset of labor more than 24 hours following rupture,"","",narrow,P,PrA,O42.112,end_of_pregnancy
BirthNarrow,Birth classified as narrow,ICD10ES,O42.91,Preterm premature rupture of membranes- unspecified as to length of time between rupture and onset of labor,"","",narrow,P,PrA,O42.912,end_of_pregnancy
OngoingPregnancy5,Ongoing Pregnancy,ICD10ES,O22.8X,Other venous complications in pregnancy,"","",narrow,P,PrA,O22.8X2,ongoing_pregnancy
OngoingPregnancy7,Ongoing Pregnancy,ICD10ES,O23.51,Infection of cervix in pregnancy,"","",narrow,P,PrA,O23.512,ongoing_pregnancy
OngoingPregnancy7,Ongoing Pregnancy,ICD10ES,O23.52,Salpingo-oophoritis in pregnancy,"","",narrow,P,PrA,O23.522,ongoing_pregnancy
OngoingPregnancy7,Ongoing Pregnancy,ICD10ES,O23.59,Infection of other part of genital tract in pregnancy,"","",narrow,P,PrA,O23.592,ongoing_pregnancy
OngoingPregnancy2,Ongoing Pregnancy,ICD10ES,O24.01,Pre-existing type 1 diabetes mellitus- in pregnancy,"","",narrow,P,PrA,O24.012,ongoing_pregnancy
OngoingPregnancy7,Ongoing Pregnancy,ICD10ES,O30.00,Twin pregnancy- unspecified number of placenta and unspecified number of amniotic sacs,C0152150,Pregnancy- Twin,narrow,P,PrA,O30.002,ongoing_pregnancy
OngoingPregnancy3,Ongoing Pregnancy,ICD10ES,O30.01,Twin pregnancy- monochorionic-monoamniotic,"","",narrow,P,PrA,O30.012,ongoing_pregnancy
OngoingPregnancy7,Ongoing Pregnancy,ICD10ES,O30.01,Twin pregnancy- monochorionic-monoamniotic,"","",narrow,P,PrA,O30.012,ongoing_pregnancy
OngoingPregnancy3,Ongoing Pregnancy,ICD10ES,O30.02,Conjoined twin pregnancy,"","",narrow,P,PrA,O30.022,ongoing_pregnancy
OngoingPregnancy7,Ongoing Pregnancy,ICD10ES,O30.02,Conjoined twin pregnancy,"","",narrow,P,PrA,O30.022,ongoing_pregnancy
OngoingPregnancy3,Ongoing Pregnancy,ICD10ES,O30.03,Twin pregnancy- monochorionic-diamniotic,"","",narrow,P,PrA,O30.032,ongoing_pregnancy
OngoingPregnancy7,Ongoing Pregnancy,ICD10ES,O30.03,Twin pregnancy- monochorionic-diamniotic,"","",narrow,P,PrA,O30.032,ongoing_pregnancy
OngoingPregnancy3,Ongoing Pregnancy,ICD10ES,O30.04,Twin pregnancy- dichorionic-diamniotic,"","",narrow,P,PrA,O30.042,ongoing_pregnancy
OngoingPregnancy7,Ongoing Pregnancy,ICD10ES,O30.04,Twin pregnancy- dichorionic-diamniotic,"","",narrow,P,PrA,O30.042,ongoing_pregnancy
OngoingPregnancy3,Ongoing Pregnancy,ICD10ES,O30.09,Twin pregnancy- unable to determine number of placenta and number of amniotic sacs,"","",narrow,P,PrA,O30.092,ongoing_pregnancy
OngoingPregnancy7,Ongoing Pregnancy,ICD10ES,O30.09,Twin pregnancy- unable to determine number of placenta and number of amniotic sacs,"","",narrow,P,PrA,O30.092,ongoing_pregnancy
OngoingPregnancy3,Ongoing Pregnancy,ICD10ES,O30.10,Triplet pregnancy- unspecified number of placenta and unspecified number of amniotic sacs,"","",narrow,P,PrA,O30.102,ongoing_pregnancy
OngoingPregnancy7,Ongoing Pregnancy,ICD10ES,O30.10,Triplet pregnancy- unspecified number of placenta and unspecified number of amniotic sacs,"","",narrow,P,PrA,O30.102,ongoing_pregnancy
OngoingPregnancy3,Ongoing Pregnancy,ICD10ES,O30.11,Triplet pregnancy with two or more monochorionic fetuses,"","",narrow,P,PrA,O30.112,ongoing_pregnancy
OngoingPregnancy7,Ongoing Pregnancy,ICD10ES,O30.11,Triplet pregnancy with two or more monochorionic fetuses,"","",narrow,P,PrA,O30.112,ongoing_pregnancy
OngoingPregnancy3,Ongoing Pregnancy,ICD10ES,O30.12,Triplet pregnancy with two or more monoamniotic fetuses,"","",narrow,P,PrA,O30.122,ongoing_pregnancy
OngoingPregnancy7,Ongoing Pregnancy,ICD10ES,O30.12,Triplet pregnancy with two or more monoamniotic fetuses,"","",narrow,P,PrA,O30.122,ongoing_pregnancy
OngoingPregnancy3,Ongoing Pregnancy,ICD10ES,O30.13,Triplet pregnancy- trichorionic-triamniotic,"","",narrow,P,PrA,O30.132,ongoing_pregnancy
OngoingPregnancy7,Ongoing Pregnancy,ICD10ES,O30.13,Triplet pregnancy- trichorionic-triamniotic,"","",narrow,P,PrA,O30.132,ongoing_pregnancy
OngoingPregnancy3,Ongoing Pregnancy,ICD10ES,O30.19,Triplet pregnancy- unable to determine number of placenta and number of amniotic sacs,"","",narrow,P,PrA,O30.192,ongoing_pregnancy
OngoingPregnancy7,Ongoing Pregnancy,ICD10ES,O30.19,Triplet pregnancy- unable to determine number of placenta and number of amniotic sacs,"","",narrow,P,PrA,O30.192,ongoing_pregnancy
OngoingPregnancy3,Ongoing Pregnancy,ICD10ES,O30.20,Quadruplet pregnancy- unspecified number of placenta and unspecified number of amniotic sacs,"","",narrow,P,PrA,O30.202,ongoing_pregnancy
OngoingPregnancy7,Ongoing Pregnancy,ICD10ES,O30.20,Quadruplet pregnancy- unspecified number of placenta and unspecified number of amniotic sacs,"","",narrow,P,PrA,O30.202,ongoing_pregnancy
OngoingPregnancy3,Ongoing Pregnancy,ICD10ES,O30.21,Quadruplet pregnancy with two or more monochorionic fetuses,"","",narrow,P,PrA,O30.212,ongoing_pregnancy
OngoingPregnancy7,Ongoing Pregnancy,ICD10ES,O30.21,Quadruplet pregnancy with two or more monochorionic fetuses,"","",narrow,P,PrA,O30.212,ongoing_pregnancy
OngoingPregnancy3,Ongoing Pregnancy,ICD10ES,O30.22,Quadruplet pregnancy with two or more monoamniotic fetuses,"","",narrow,P,PrA,O30.222,ongoing_pregnancy
OngoingPregnancy7,Ongoing Pregnancy,ICD10ES,O30.22,Quadruplet pregnancy with two or more monoamniotic fetuses,"","",narrow,P,PrA,O30.222,ongoing_pregnancy
OngoingPregnancy3,Ongoing Pregnancy,ICD10ES,O30.23,Quadruplet pregnancy- quadrachorionic-quadra-amniotic,"","",narrow,P,PrA,O30.232,ongoing_pregnancy
OngoingPregnancy7,Ongoing Pregnancy,ICD10ES,O30.23,Quadruplet pregnancy- quadrachorionic-quadra-amniotic,"","",narrow,P,PrA,O30.232,ongoing_pregnancy
OngoingPregnancy3,Ongoing Pregnancy,ICD10ES,O30.29,Quadruplet pregnancy- unable to determine number of placenta and number of amniotic sacs,"","",narrow,P,PrA,O30.292,ongoing_pregnancy
OngoingPregnancy7,Ongoing Pregnancy,ICD10ES,O30.29,Quadruplet pregnancy- unable to determine number of placenta and number of amniotic sacs,"","",narrow,P,PrA,O30.292,ongoing_pregnancy
OngoingPregnancy3,Ongoing Pregnancy,ICD10ES,O30.80,Other specified multiple gestation- unspecified number of placenta and unspecified number of amniotic sacs,C2921363,Other specified multiple gestation- unspecified number of placenta and unspecified number of amniotic sacs,narrow,P,PrA,O30.802,ongoing_pregnancy
OngoingPregnancy7,Ongoing Pregnancy,ICD10ES,O30.80,Other specified multiple gestation- unspecified number of placenta and unspecified number of amniotic sacs,C2921363,Other specified multiple gestation- unspecified number of placenta and unspecified number of amniotic sacs,narrow,P,PrA,O30.802,ongoing_pregnancy
OngoingPregnancy3,Ongoing Pregnancy,ICD10ES,O30.81,Other specified multiple gestation with two or more monochorionic fetuses,"","",narrow,P,PrA,O30.812,ongoing_pregnancy
OngoingPregnancy7,Ongoing Pregnancy,ICD10ES,O30.81,Other specified multiple gestation with two or more monochorionic fetuses,"","",narrow,P,PrA,O30.812,ongoing_pregnancy
OngoingPregnancy3,Ongoing Pregnancy,ICD10ES,O30.82,Other specified multiple gestation with two or more monoamniotic fetuses,"","",narrow,P,PrA,O30.822,ongoing_pregnancy
OngoingPregnancy7,Ongoing Pregnancy,ICD10ES,O30.82,Other specified multiple gestation with two or more monoamniotic fetuses,"","",narrow,P,PrA,O30.822,ongoing_pregnancy
OngoingPregnancy3,Ongoing Pregnancy,ICD10ES,O30.83,Other specified multiple gestation- number of chorions and amnions are both equal to the number of fetuses,"","",narrow,P,PrA,O30.832,ongoing_pregnancy
OngoingPregnancy7,Ongoing Pregnancy,ICD10ES,O30.83,Other specified multiple gestation- number of chorions and amnions are both equal to the number of fetuses,"","",narrow,P,PrA,O30.832,ongoing_pregnancy
OngoingPregnancy3,Ongoing Pregnancy,ICD10ES,O30.89,Other specified multiple gestation- unable to determine number of placenta and number of amniotic sacs,"","",narrow,P,PrA,O30.892,ongoing_pregnancy
OngoingPregnancy7,Ongoing Pregnancy,ICD10ES,O30.89,Other specified multiple gestation- unable to determine number of placenta and number of amniotic sacs,"","",narrow,P,PrA,O30.892,ongoing_pregnancy
OngoingPregnancy7,Ongoing Pregnancy,ICD10ES,O43.01,Fetomaternal placental transfusion syndrome,"","",narrow,P,PrA,O43.012,ongoing_pregnancy
OngoingPregnancy7,Ongoing Pregnancy,ICD10ES,O43.02,Fetus-to-fetus placental transfusion syndrome,"","",narrow,P,PrA,O43.022,ongoing_pregnancy
OngoingPregnancy7,Ongoing Pregnancy,ICD10ES,O43.10,Malformation of placenta- unspecified,"","",narrow,P,PrA,O43.102,ongoing_pregnancy
OngoingPregnancy7,Ongoing Pregnancy,ICD10ES,O43.11,Circumvallate placenta,"","",narrow,P,PrA,O43.112,ongoing_pregnancy
OngoingPregnancy7,Ongoing Pregnancy,ICD10ES,O43.12,Velamentous insertion of umbilical cord,"","",narrow,P,PrA,O43.122,ongoing_pregnancy
OngoingPregnancy7,Ongoing Pregnancy,ICD10ES,O43.19,Other malformation of placenta,"","",narrow,P,PrA,O43.192,ongoing_pregnancy
OngoingPregnancy7,Ongoing Pregnancy,ICD10ES,O43.21,Placenta accreta,"","",narrow,P,PrA,O43.212,ongoing_pregnancy
OngoingPregnancy7,Ongoing Pregnancy,ICD10ES,O43.22,Placenta increta,"","",narrow,P,PrA,O43.222,ongoing_pregnancy
OngoingPregnancy7,Ongoing Pregnancy,ICD10ES,O43.23,Placenta percreta,"","",narrow,P,PrA,O43.232,ongoing_pregnancy
OngoingPregnancy4,Ongoing Pregnancy,ICD10ES,O43.81,Placental infarction,"","",narrow,P,PrA,O43.812,ongoing_pregnancy
OngoingPregnancy7,Ongoing Pregnancy,ICD10ES,O43.81,Placental infarction,"","",narrow,P,PrA,O43.812,ongoing_pregnancy
OngoingPregnancy7,Ongoing Pregnancy,ICD10ES,O43.89,Other placental disorders,"","",narrow,P,PrA,O43.982,ongoing_pregnancy
OngoingPregnancy1,Ongoing Pregnancy,ICD10ES,O45.00,Premature separation of placenta with coagulation defect- unspecified,"","",narrow,P,PrA,O45.002,ongoing_pregnancy
OngoingPregnancy7,Ongoing Pregnancy,ICD10ES,O45.00,Premature separation of placenta with coagulation defect- unspecified,"","",narrow,P,PrA,O45.002,ongoing_pregnancy
OngoingPregnancy1,Ongoing Pregnancy,ICD10ES,O45.01,Premature separation of placenta with afibrinogenemia,"","",narrow,P,PrA,O45.012,ongoing_pregnancy
OngoingPregnancy7,Ongoing Pregnancy,ICD10ES,O45.01,Premature separation of placenta with afibrinogenemia,"","",narrow,P,PrA,O45.012,ongoing_pregnancy
OngoingPregnancy1,Ongoing Pregnancy,ICD10ES,O45.02,Premature separation of placenta with disseminated intravascular coagulation,"","",narrow,P,PrA,O45.022,ongoing_pregnancy
OngoingPregnancy7,Ongoing Pregnancy,ICD10ES,O45.02,Premature separation of placenta with disseminated intravascular coagulation,"","",narrow,P,PrA,O45.022,ongoing_pregnancy
OngoingPregnancy1,Ongoing Pregnancy,ICD10ES,O45.09,Premature separation of placenta with other coagulation defect,"","",narrow,P,PrA,O45.092,ongoing_pregnancy
OngoingPregnancy7,Ongoing Pregnancy,ICD10ES,O45.09,Premature separation of placenta with other coagulation defect,"","",narrow,P,PrA,O45.092,ongoing_pregnancy
OngoingPregnancy1,Ongoing Pregnancy,ICD10ES,O45.8X,Other premature separation of placenta,"","",narrow,P,PrA,O45.8X2,ongoing_pregnancy
OngoingPregnancy7,Ongoing Pregnancy,ICD10ES,O45.8X,Other premature separation of placenta,"","",narrow,P,PrA,O45.8X2,ongoing_pregnancy
OngoingPregnancy1,Ongoing Pregnancy,ICD10ES,O46.00,Antepartum hemorrhage with coagulation defect- unspecified,"","",narrow,P,PrA,O46.002,ongoing_pregnancy
OngoingPregnancy7,Ongoing Pregnancy,ICD10ES,O46.00,Antepartum hemorrhage with coagulation defect- unspecified,"","",narrow,P,PrA,O46.002,ongoing_pregnancy
OngoingPregnancy1,Ongoing Pregnancy,ICD10ES,O46.01,Antepartum hemorrhage with afibrinogenemia,"","",narrow,P,PrA,O46.012,ongoing_pregnancy
OngoingPregnancy7,Ongoing Pregnancy,ICD10ES,O46.01,Antepartum hemorrhage with afibrinogenemia,"","",narrow,P,PrA,O46.012,ongoing_pregnancy
OngoingPregnancy1,Ongoing Pregnancy,ICD10ES,O46.02,Antepartum hemorrhage with disseminated intravascular coagulation,"","",narrow,P,PrA,O46.022,ongoing_pregnancy
OngoingPregnancy7,Ongoing Pregnancy,ICD10ES,O46.02,Antepartum hemorrhage with disseminated intravascular coagulation,"","",narrow,P,PrA,O46.022,ongoing_pregnancy
OngoingPregnancy1,Ongoing Pregnancy,ICD10ES,O46.09,Antepartum hemorrhage with other coagulation defect,"","",narrow,P,PrA,O46.092,ongoing_pregnancy
OngoingPregnancy7,Ongoing Pregnancy,ICD10ES,O46.09,Antepartum hemorrhage with other coagulation defect,"","",narrow,P,PrA,O46.092,ongoing_pregnancy
OngoingPregnancy1,Ongoing Pregnancy,ICD10ES,O46.8X,Other antepartum hemorrhage,"","",narrow,P,PrA,O46.8X2,ongoing_pregnancy
OngoingPregnancy7,Ongoing Pregnancy,ICD10ES,O46.8X,Other antepartum hemorrhage,"","",narrow,P,PrA,O46.8X2,ongoing_pregnancy
BirthNarrow,Birth classified as narrow,ICD10ES,O42.01,Preterm premature rupture of membranes- onset of labor within 24 hours of rupture,"","",narrow,P,PrA,O42.013,end_of_pregnancy
BirthNarrow,Birth classified as narrow,ICD10ES,O42.11,Preterm premature rupture of membranes- onset of labor more than 24 hours following rupture,"","",narrow,P,PrA,O42.113,end_of_pregnancy
BirthNarrow,Birth classified as narrow,ICD10ES,O42.91,Preterm premature rupture of membranes- unspecified as to length of time between rupture and onset of labor,"","",narrow,P,PrA,O42.913,end_of_pregnancy
OngoingPregnancy5,Ongoing Pregnancy,ICD10ES,O22.8X,Other venous complications in pregnancy,"","",narrow,P,PrA,O22.8X3,ongoing_pregnancy
OngoingPregnancy7,Ongoing Pregnancy,ICD10ES,O23.51,Infection of cervix in pregnancy,"","",narrow,P,PrA,O23.513,ongoing_pregnancy
OngoingPregnancy7,Ongoing Pregnancy,ICD10ES,O23.52,Salpingo-oophoritis in pregnancy,"","",narrow,P,PrA,O23.523,ongoing_pregnancy
OngoingPregnancy7,Ongoing Pregnancy,ICD10ES,O23.59,Infection of other part of genital tract in pregnancy,"","",narrow,P,PrA,O23.593,ongoing_pregnancy
OngoingPregnancy2,Ongoing Pregnancy,ICD10ES,O24.01,Pre-existing type 1 diabetes mellitus- in pregnancy,"","",narrow,P,PrA,O24.013,ongoing_pregnancy
OngoingPregnancy7,Ongoing Pregnancy,ICD10ES,O30.00,Twin pregnancy- unspecified number of placenta and unspecified number of amniotic sacs,C0152150,Pregnancy- Twin,narrow,P,PrA,O30.003,ongoing_pregnancy
OngoingPregnancy3,Ongoing Pregnancy,ICD10ES,O30.01,Twin pregnancy- monochorionic-monoamniotic,"","",narrow,P,PrA,O30.013,ongoing_pregnancy
OngoingPregnancy7,Ongoing Pregnancy,ICD10ES,O30.01,Twin pregnancy- monochorionic-monoamniotic,"","",narrow,P,PrA,O30.013,ongoing_pregnancy
OngoingPregnancy3,Ongoing Pregnancy,ICD10ES,O30.02,Conjoined twin pregnancy,"","",narrow,P,PrA,O30.023,ongoing_pregnancy
OngoingPregnancy7,Ongoing Pregnancy,ICD10ES,O30.02,Conjoined twin pregnancy,"","",narrow,P,PrA,O30.023,ongoing_pregnancy
OngoingPregnancy3,Ongoing Pregnancy,ICD10ES,O30.03,Twin pregnancy- monochorionic-diamniotic,"","",narrow,P,PrA,O30.033,ongoing_pregnancy
OngoingPregnancy7,Ongoing Pregnancy,ICD10ES,O30.03,Twin pregnancy- monochorionic-diamniotic,"","",narrow,P,PrA,O30.033,ongoing_pregnancy
OngoingPregnancy3,Ongoing Pregnancy,ICD10ES,O30.04,Twin pregnancy- dichorionic-diamniotic,"","",narrow,P,PrA,O30.043,ongoing_pregnancy
OngoingPregnancy7,Ongoing Pregnancy,ICD10ES,O30.04,Twin pregnancy- dichorionic-diamniotic,"","",narrow,P,PrA,O30.043,ongoing_pregnancy
OngoingPregnancy3,Ongoing Pregnancy,ICD10ES,O30.09,Twin pregnancy- unable to determine number of placenta and number of amniotic sacs,"","",narrow,P,PrA,O30.093,ongoing_pregnancy
OngoingPregnancy7,Ongoing Pregnancy,ICD10ES,O30.09,Twin pregnancy- unable to determine number of placenta and number of amniotic sacs,"","",narrow,P,PrA,O30.093,ongoing_pregnancy
OngoingPregnancy3,Ongoing Pregnancy,ICD10ES,O30.10,Triplet pregnancy- unspecified number of placenta and unspecified number of amniotic sacs,"","",narrow,P,PrA,O30.103,ongoing_pregnancy
OngoingPregnancy7,Ongoing Pregnancy,ICD10ES,O30.10,Triplet pregnancy- unspecified number of placenta and unspecified number of amniotic sacs,"","",narrow,P,PrA,O30.103,ongoing_pregnancy
OngoingPregnancy3,Ongoing Pregnancy,ICD10ES,O30.11,Triplet pregnancy with two or more monochorionic fetuses,"","",narrow,P,PrA,O30.113,ongoing_pregnancy
OngoingPregnancy7,Ongoing Pregnancy,ICD10ES,O30.11,Triplet pregnancy with two or more monochorionic fetuses,"","",narrow,P,PrA,O30.113,ongoing_pregnancy
OngoingPregnancy3,Ongoing Pregnancy,ICD10ES,O30.12,Triplet pregnancy with two or more monoamniotic fetuses,"","",narrow,P,PrA,O30.123,ongoing_pregnancy
OngoingPregnancy7,Ongoing Pregnancy,ICD10ES,O30.12,Triplet pregnancy with two or more monoamniotic fetuses,"","",narrow,P,PrA,O30.123,ongoing_pregnancy
OngoingPregnancy3,Ongoing Pregnancy,ICD10ES,O30.13,Triplet pregnancy- trichorionic-triamniotic,"","",narrow,P,PrA,O30.133,ongoing_pregnancy
OngoingPregnancy7,Ongoing Pregnancy,ICD10ES,O30.13,Triplet pregnancy- trichorionic-triamniotic,"","",narrow,P,PrA,O30.133,ongoing_pregnancy
OngoingPregnancy3,Ongoing Pregnancy,ICD10ES,O30.19,Triplet pregnancy- unable to determine number of placenta and number of amniotic sacs,"","",narrow,P,PrA,O30.193,ongoing_pregnancy
OngoingPregnancy7,Ongoing Pregnancy,ICD10ES,O30.19,Triplet pregnancy- unable to determine number of placenta and number of amniotic sacs,"","",narrow,P,PrA,O30.193,ongoing_pregnancy
OngoingPregnancy3,Ongoing Pregnancy,ICD10ES,O30.20,Quadruplet pregnancy- unspecified number of placenta and unspecified number of amniotic sacs,"","",narrow,P,PrA,O30.203,ongoing_pregnancy
OngoingPregnancy7,Ongoing Pregnancy,ICD10ES,O30.20,Quadruplet pregnancy- unspecified number of placenta and unspecified number of amniotic sacs,"","",narrow,P,PrA,O30.203,ongoing_pregnancy
OngoingPregnancy3,Ongoing Pregnancy,ICD10ES,O30.21,Quadruplet pregnancy with two or more monochorionic fetuses,"","",narrow,P,PrA,O30.213,ongoing_pregnancy
OngoingPregnancy7,Ongoing Pregnancy,ICD10ES,O30.21,Quadruplet pregnancy with two or more monochorionic fetuses,"","",narrow,P,PrA,O30.213,ongoing_pregnancy
OngoingPregnancy3,Ongoing Pregnancy,ICD10ES,O30.22,Quadruplet pregnancy with two or more monoamniotic fetuses,"","",narrow,P,PrA,O30.223,ongoing_pregnancy
OngoingPregnancy7,Ongoing Pregnancy,ICD10ES,O30.22,Quadruplet pregnancy with two or more monoamniotic fetuses,"","",narrow,P,PrA,O30.223,ongoing_pregnancy
OngoingPregnancy3,Ongoing Pregnancy,ICD10ES,O30.23,Quadruplet pregnancy- quadrachorionic-quadra-amniotic,"","",narrow,P,PrA,O30.233,ongoing_pregnancy
OngoingPregnancy7,Ongoing Pregnancy,ICD10ES,O30.23,Quadruplet pregnancy- quadrachorionic-quadra-amniotic,"","",narrow,P,PrA,O30.233,ongoing_pregnancy
OngoingPregnancy3,Ongoing Pregnancy,ICD10ES,O30.29,Quadruplet pregnancy- unable to determine number of placenta and number of amniotic sacs,"","",narrow,P,PrA,O30.293,ongoing_pregnancy
OngoingPregnancy7,Ongoing Pregnancy,ICD10ES,O30.29,Quadruplet pregnancy- unable to determine number of placenta and number of amniotic sacs,"","",narrow,P,PrA,O30.293,ongoing_pregnancy
OngoingPregnancy3,Ongoing Pregnancy,ICD10ES,O30.80,Other specified multiple gestation- unspecified number of placenta and unspecified number of amniotic sacs,C2921363,Other specified multiple gestation- unspecified number of placenta and unspecified number of amniotic sacs,narrow,P,PrA,O30.803,ongoing_pregnancy
OngoingPregnancy7,Ongoing Pregnancy,ICD10ES,O30.80,Other specified multiple gestation- unspecified number of placenta and unspecified number of amniotic sacs,C2921363,Other specified multiple gestation- unspecified number of placenta and unspecified number of amniotic sacs,narrow,P,PrA,O30.803,ongoing_pregnancy
OngoingPregnancy3,Ongoing Pregnancy,ICD10ES,O30.81,Other specified multiple gestation with two or more monochorionic fetuses,"","",narrow,P,PrA,O30.813,ongoing_pregnancy
OngoingPregnancy7,Ongoing Pregnancy,ICD10ES,O30.81,Other specified multiple gestation with two or more monochorionic fetuses,"","",narrow,P,PrA,O30.813,ongoing_pregnancy
OngoingPregnancy3,Ongoing Pregnancy,ICD10ES,O30.82,Other specified multiple gestation with two or more monoamniotic fetuses,"","",narrow,P,PrA,O30.823,ongoing_pregnancy
OngoingPregnancy7,Ongoing Pregnancy,ICD10ES,O30.82,Other specified multiple gestation with two or more monoamniotic fetuses,"","",narrow,P,PrA,O30.823,ongoing_pregnancy
OngoingPregnancy3,Ongoing Pregnancy,ICD10ES,O30.83,Other specified multiple gestation- number of chorions and amnions are both equal to the number of fetuses,"","",narrow,P,PrA,O30.833,ongoing_pregnancy
OngoingPregnancy7,Ongoing Pregnancy,ICD10ES,O30.83,Other specified multiple gestation- number of chorions and amnions are both equal to the number of fetuses,"","",narrow,P,PrA,O30.833,ongoing_pregnancy
OngoingPregnancy3,Ongoing Pregnancy,ICD10ES,O30.89,Other specified multiple gestation- unable to determine number of placenta and number of amniotic sacs,"","",narrow,P,PrA,O30.893,ongoing_pregnancy
OngoingPregnancy7,Ongoing Pregnancy,ICD10ES,O30.89,Other specified multiple gestation- unable to determine number of placenta and number of amniotic sacs,"","",narrow,P,PrA,O30.893,ongoing_pregnancy
OngoingPregnancy7,Ongoing Pregnancy,ICD10ES,O43.01,Fetomaternal placental transfusion syndrome,"","",narrow,P,PrA,O43.013,ongoing_pregnancy
OngoingPregnancy7,Ongoing Pregnancy,ICD10ES,O43.02,Fetus-to-fetus placental transfusion syndrome,"","",narrow,P,PrA,O43.023,ongoing_pregnancy
OngoingPregnancy7,Ongoing Pregnancy,ICD10ES,O43.10,Malformation of placenta- unspecified,"","",narrow,P,PrA,O43.103,ongoing_pregnancy
OngoingPregnancy7,Ongoing Pregnancy,ICD10ES,O43.11,Circumvallate placenta,"","",narrow,P,PrA,O43.113,ongoing_pregnancy
OngoingPregnancy7,Ongoing Pregnancy,ICD10ES,O43.12,Velamentous insertion of umbilical cord,"","",narrow,P,PrA,O43.123,ongoing_pregnancy
OngoingPregnancy7,Ongoing Pregnancy,ICD10ES,O43.19,Other malformation of placenta,"","",narrow,P,PrA,O43.193,ongoing_pregnancy
OngoingPregnancy7,Ongoing Pregnancy,ICD10ES,O43.21,Placenta accreta,"","",narrow,P,PrA,O43.213,ongoing_pregnancy
OngoingPregnancy7,Ongoing Pregnancy,ICD10ES,O43.22,Placenta increta,"","",narrow,P,PrA,O43.223,ongoing_pregnancy
OngoingPregnancy7,Ongoing Pregnancy,ICD10ES,O43.23,Placenta percreta,"","",narrow,P,PrA,O43.233,ongoing_pregnancy
OngoingPregnancy4,Ongoing Pregnancy,ICD10ES,O43.81,Placental infarction,"","",narrow,P,PrA,O43.813,ongoing_pregnancy
OngoingPregnancy7,Ongoing Pregnancy,ICD10ES,O43.81,Placental infarction,"","",narrow,P,PrA,O43.813,ongoing_pregnancy
OngoingPregnancy7,Ongoing Pregnancy,ICD10ES,O43.89,Other placental disorders,"","",narrow,P,PrA,O43.983,ongoing_pregnancy
OngoingPregnancy1,Ongoing Pregnancy,ICD10ES,O45.00,Premature separation of placenta with coagulation defect- unspecified,"","",narrow,P,PrA,O45.003,ongoing_pregnancy
OngoingPregnancy7,Ongoing Pregnancy,ICD10ES,O45.00,Premature separation of placenta with coagulation defect- unspecified,"","",narrow,P,PrA,O45.003,ongoing_pregnancy
OngoingPregnancy1,Ongoing Pregnancy,ICD10ES,O45.01,Premature separation of placenta with afibrinogenemia,"","",narrow,P,PrA,O45.013,ongoing_pregnancy
OngoingPregnancy7,Ongoing Pregnancy,ICD10ES,O45.01,Premature separation of placenta with afibrinogenemia,"","",narrow,P,PrA,O45.013,ongoing_pregnancy
OngoingPregnancy1,Ongoing Pregnancy,ICD10ES,O45.02,Premature separation of placenta with disseminated intravascular coagulation,"","",narrow,P,PrA,O45.023,ongoing_pregnancy
OngoingPregnancy7,Ongoing Pregnancy,ICD10ES,O45.02,Premature separation of placenta with disseminated intravascular coagulation,"","",narrow,P,PrA,O45.023,ongoing_pregnancy
OngoingPregnancy1,Ongoing Pregnancy,ICD10ES,O45.09,Premature separation of placenta with other coagulation defect,"","",narrow,P,PrA,O45.093,ongoing_pregnancy
OngoingPregnancy7,Ongoing Pregnancy,ICD10ES,O45.09,Premature separation of placenta with other coagulation defect,"","",narrow,P,PrA,O45.093,ongoing_pregnancy
OngoingPregnancy1,Ongoing Pregnancy,ICD10ES,O45.8X,Other premature separation of placenta,"","",narrow,P,PrA,O45.8X3,ongoing_pregnancy
OngoingPregnancy7,Ongoing Pregnancy,ICD10ES,O45.8X,Other premature separation of placenta,"","",narrow,P,PrA,O45.8X3,ongoing_pregnancy
OngoingPregnancy1,Ongoing Pregnancy,ICD10ES,O46.00,Antepartum hemorrhage with coagulation defect- unspecified,"","",narrow,P,PrA,O46.003,ongoing_pregnancy
OngoingPregnancy7,Ongoing Pregnancy,ICD10ES,O46.00,Antepartum hemorrhage with coagulation defect- unspecified,"","",narrow,P,PrA,O46.003,ongoing_pregnancy
OngoingPregnancy1,Ongoing Pregnancy,ICD10ES,O46.01,Antepartum hemorrhage with afibrinogenemia,"","",narrow,P,PrA,O46.013,ongoing_pregnancy
OngoingPregnancy7,Ongoing Pregnancy,ICD10ES,O46.01,Antepartum hemorrhage with afibrinogenemia,"","",narrow,P,PrA,O46.013,ongoing_pregnancy
OngoingPregnancy1,Ongoing Pregnancy,ICD10ES,O46.02,Antepartum hemorrhage with disseminated intravascular coagulation,"","",narrow,P,PrA,O46.023,ongoing_pregnancy
OngoingPregnancy7,Ongoing Pregnancy,ICD10ES,O46.02,Antepartum hemorrhage with disseminated intravascular coagulation,"","",narrow,P,PrA,O46.023,ongoing_pregnancy
OngoingPregnancy1,Ongoing Pregnancy,ICD10ES,O46.09,Antepartum hemorrhage with other coagulation defect,"","",narrow,P,PrA,O46.093,ongoing_pregnancy
OngoingPregnancy7,Ongoing Pregnancy,ICD10ES,O46.09,Antepartum hemorrhage with other coagulation defect,"","",narrow,P,PrA,O46.093,ongoing_pregnancy
OngoingPregnancy1,Ongoing Pregnancy,ICD10ES,O46.8X,Other antepartum hemorrhage,"","",narrow,P,PrA,O46.8X3,ongoing_pregnancy
OngoingPregnancy7,Ongoing Pregnancy,ICD10ES,O46.8X,Other antepartum hemorrhage,"","",narrow,P,PrA,O46.8X3,ongoing_pregnancy
BirthNarrow,Birth classified as narrow,ICD10ES,O42.01,Preterm premature rupture of membranes- onset of labor within 24 hours of rupture,"","",narrow,P,PrA,O42.019,end_of_pregnancy
BirthNarrow,Birth classified as narrow,ICD10ES,O42.11,Preterm premature rupture of membranes- onset of labor more than 24 hours following rupture,"","",narrow,P,PrA,O42.119,end_of_pregnancy
BirthNarrow,Birth classified as narrow,ICD10ES,O42.91,Preterm premature rupture of membranes- unspecified as to length of time between rupture and onset of labor,"","",narrow,P,PrA,O42.919,end_of_pregnancy
OngoingPregnancy5,Ongoing Pregnancy,ICD10ES,O22.8X,Other venous complications in pregnancy,"","",narrow,P,PrA,O22.8X9,ongoing_pregnancy
OngoingPregnancy7,Ongoing Pregnancy,ICD10ES,O23.51,Infection of cervix in pregnancy,"","",narrow,P,PrA,O23.519,ongoing_pregnancy
OngoingPregnancy7,Ongoing Pregnancy,ICD10ES,O23.52,Salpingo-oophoritis in pregnancy,"","",narrow,P,PrA,O23.529,ongoing_pregnancy
OngoingPregnancy7,Ongoing Pregnancy,ICD10ES,O23.59,Infection of other part of genital tract in pregnancy,"","",narrow,P,PrA,O23.599,ongoing_pregnancy
OngoingPregnancy2,Ongoing Pregnancy,ICD10ES,O24.01,Pre-existing type 1 diabetes mellitus- in pregnancy,"","",narrow,P,PrA,O24.019,ongoing_pregnancy
OngoingPregnancy7,Ongoing Pregnancy,ICD10ES,O30.00,Twin pregnancy- unspecified number of placenta and unspecified number of amniotic sacs,C0152150,Pregnancy- Twin,narrow,P,PrA,O30.009,ongoing_pregnancy
OngoingPregnancy3,Ongoing Pregnancy,ICD10ES,O30.01,Twin pregnancy- monochorionic-monoamniotic,"","",narrow,P,PrA,O30.019,ongoing_pregnancy
OngoingPregnancy7,Ongoing Pregnancy,ICD10ES,O30.01,Twin pregnancy- monochorionic-monoamniotic,"","",narrow,P,PrA,O30.019,ongoing_pregnancy
OngoingPregnancy3,Ongoing Pregnancy,ICD10ES,O30.02,Conjoined twin pregnancy,"","",narrow,P,PrA,O30.029,ongoing_pregnancy
OngoingPregnancy7,Ongoing Pregnancy,ICD10ES,O30.02,Conjoined twin pregnancy,"","",narrow,P,PrA,O30.029,ongoing_pregnancy
OngoingPregnancy3,Ongoing Pregnancy,ICD10ES,O30.03,Twin pregnancy- monochorionic-diamniotic,"","",narrow,P,PrA,O30.039,ongoing_pregnancy
OngoingPregnancy7,Ongoing Pregnancy,ICD10ES,O30.03,Twin pregnancy- monochorionic-diamniotic,"","",narrow,P,PrA,O30.039,ongoing_pregnancy
OngoingPregnancy3,Ongoing Pregnancy,ICD10ES,O30.04,Twin pregnancy- dichorionic-diamniotic,"","",narrow,P,PrA,O30.049,ongoing_pregnancy
OngoingPregnancy7,Ongoing Pregnancy,ICD10ES,O30.04,Twin pregnancy- dichorionic-diamniotic,"","",narrow,P,PrA,O30.049,ongoing_pregnancy
OngoingPregnancy3,Ongoing Pregnancy,ICD10ES,O30.09,Twin pregnancy- unable to determine number of placenta and number of amniotic sacs,"","",narrow,P,PrA,O30.099,ongoing_pregnancy
OngoingPregnancy7,Ongoing Pregnancy,ICD10ES,O30.09,Twin pregnancy- unable to determine number of placenta and number of amniotic sacs,"","",narrow,P,PrA,O30.099,ongoing_pregnancy
OngoingPregnancy3,Ongoing Pregnancy,ICD10ES,O30.10,Triplet pregnancy- unspecified number of placenta and unspecified number of amniotic sacs,"","",narrow,P,PrA,O30.109,ongoing_pregnancy
OngoingPregnancy7,Ongoing Pregnancy,ICD10ES,O30.10,Triplet pregnancy- unspecified number of placenta and unspecified number of amniotic sacs,"","",narrow,P,PrA,O30.109,ongoing_pregnancy
OngoingPregnancy3,Ongoing Pregnancy,ICD10ES,O30.11,Triplet pregnancy with two or more monochorionic fetuses,"","",narrow,P,PrA,O30.119,ongoing_pregnancy
OngoingPregnancy7,Ongoing Pregnancy,ICD10ES,O30.11,Triplet pregnancy with two or more monochorionic fetuses,"","",narrow,P,PrA,O30.119,ongoing_pregnancy
OngoingPregnancy3,Ongoing Pregnancy,ICD10ES,O30.12,Triplet pregnancy with two or more monoamniotic fetuses,"","",narrow,P,PrA,O30.129,ongoing_pregnancy
OngoingPregnancy7,Ongoing Pregnancy,ICD10ES,O30.12,Triplet pregnancy with two or more monoamniotic fetuses,"","",narrow,P,PrA,O30.129,ongoing_pregnancy
OngoingPregnancy3,Ongoing Pregnancy,ICD10ES,O30.13,Triplet pregnancy- trichorionic-triamniotic,"","",narrow,P,PrA,O30.139,ongoing_pregnancy
OngoingPregnancy7,Ongoing Pregnancy,ICD10ES,O30.13,Triplet pregnancy- trichorionic-triamniotic,"","",narrow,P,PrA,O30.139,ongoing_pregnancy
OngoingPregnancy3,Ongoing Pregnancy,ICD10ES,O30.19,Triplet pregnancy- unable to determine number of placenta and number of amniotic sacs,"","",narrow,P,PrA,O30.199,ongoing_pregnancy
OngoingPregnancy7,Ongoing Pregnancy,ICD10ES,O30.19,Triplet pregnancy- unable to determine number of placenta and number of amniotic sacs,"","",narrow,P,PrA,O30.199,ongoing_pregnancy
OngoingPregnancy3,Ongoing Pregnancy,ICD10ES,O30.20,Quadruplet pregnancy- unspecified number of placenta and unspecified number of amniotic sacs,"","",narrow,P,PrA,O30.209,ongoing_pregnancy
OngoingPregnancy7,Ongoing Pregnancy,ICD10ES,O30.20,Quadruplet pregnancy- unspecified number of placenta and unspecified number of amniotic sacs,"","",narrow,P,PrA,O30.209,ongoing_pregnancy
OngoingPregnancy3,Ongoing Pregnancy,ICD10ES,O30.21,Quadruplet pregnancy with two or more monochorionic fetuses,"","",narrow,P,PrA,O30.219,ongoing_pregnancy
OngoingPregnancy7,Ongoing Pregnancy,ICD10ES,O30.21,Quadruplet pregnancy with two or more monochorionic fetuses,"","",narrow,P,PrA,O30.219,ongoing_pregnancy
OngoingPregnancy3,Ongoing Pregnancy,ICD10ES,O30.22,Quadruplet pregnancy with two or more monoamniotic fetuses,"","",narrow,P,PrA,O30.229,ongoing_pregnancy
OngoingPregnancy7,Ongoing Pregnancy,ICD10ES,O30.22,Quadruplet pregnancy with two or more monoamniotic fetuses,"","",narrow,P,PrA,O30.229,ongoing_pregnancy
OngoingPregnancy3,Ongoing Pregnancy,ICD10ES,O30.23,Quadruplet pregnancy- quadrachorionic-quadra-amniotic,"","",narrow,P,PrA,O30.239,ongoing_pregnancy
OngoingPregnancy7,Ongoing Pregnancy,ICD10ES,O30.23,Quadruplet pregnancy- quadrachorionic-quadra-amniotic,"","",narrow,P,PrA,O30.239,ongoing_pregnancy
OngoingPregnancy3,Ongoing Pregnancy,ICD10ES,O30.29,Quadruplet pregnancy- unable to determine number of placenta and number of amniotic sacs,"","",narrow,P,PrA,O30.299,ongoing_pregnancy
OngoingPregnancy7,Ongoing Pregnancy,ICD10ES,O30.29,Quadruplet pregnancy- unable to determine number of placenta and number of amniotic sacs,"","",narrow,P,PrA,O30.299,ongoing_pregnancy
OngoingPregnancy3,Ongoing Pregnancy,ICD10ES,O30.80,Other specified multiple gestation- unspecified number of placenta and unspecified number of amniotic sacs,C2921363,Other specified multiple gestation- unspecified number of placenta and unspecified number of amniotic sacs,narrow,P,PrA,O30.809,ongoing_pregnancy
OngoingPregnancy7,Ongoing Pregnancy,ICD10ES,O30.80,Other specified multiple gestation- unspecified number of placenta and unspecified number of amniotic sacs,C2921363,Other specified multiple gestation- unspecified number of placenta and unspecified number of amniotic sacs,narrow,P,PrA,O30.809,ongoing_pregnancy
OngoingPregnancy3,Ongoing Pregnancy,ICD10ES,O30.81,Other specified multiple gestation with two or more monochorionic fetuses,"","",narrow,P,PrA,O30.819,ongoing_pregnancy
OngoingPregnancy7,Ongoing Pregnancy,ICD10ES,O30.81,Other specified multiple gestation with two or more monochorionic fetuses,"","",narrow,P,PrA,O30.819,ongoing_pregnancy
OngoingPregnancy3,Ongoing Pregnancy,ICD10ES,O30.82,Other specified multiple gestation with two or more monoamniotic fetuses,"","",narrow,P,PrA,O30.829,ongoing_pregnancy
OngoingPregnancy7,Ongoing Pregnancy,ICD10ES,O30.82,Other specified multiple gestation with two or more monoamniotic fetuses,"","",narrow,P,PrA,O30.829,ongoing_pregnancy
OngoingPregnancy3,Ongoing Pregnancy,ICD10ES,O30.83,Other specified multiple gestation- number of chorions and amnions are both equal to the number of fetuses,"","",narrow,P,PrA,O30.839,ongoing_pregnancy
OngoingPregnancy7,Ongoing Pregnancy,ICD10ES,O30.83,Other specified multiple gestation- number of chorions and amnions are both equal to the number of fetuses,"","",narrow,P,PrA,O30.839,ongoing_pregnancy
OngoingPregnancy3,Ongoing Pregnancy,ICD10ES,O30.89,Other specified multiple gestation- unable to determine number of placenta and number of amniotic sacs,"","",narrow,P,PrA,O30.899,ongoing_pregnancy
OngoingPregnancy7,Ongoing Pregnancy,ICD10ES,O30.89,Other specified multiple gestation- unable to determine number of placenta and number of amniotic sacs,"","",narrow,P,PrA,O30.899,ongoing_pregnancy
OngoingPregnancy7,Ongoing Pregnancy,ICD10ES,O43.01,Fetomaternal placental transfusion syndrome,"","",narrow,P,PrA,O43.019,ongoing_pregnancy
OngoingPregnancy7,Ongoing Pregnancy,ICD10ES,O43.02,Fetus-to-fetus placental transfusion syndrome,"","",narrow,P,PrA,O43.029,ongoing_pregnancy
OngoingPregnancy7,Ongoing Pregnancy,ICD10ES,O43.10,Malformation of placenta- unspecified,"","",narrow,P,PrA,O43.109,ongoing_pregnancy
OngoingPregnancy7,Ongoing Pregnancy,ICD10ES,O43.11,Circumvallate placenta,"","",narrow,P,PrA,O43.119,ongoing_pregnancy
OngoingPregnancy7,Ongoing Pregnancy,ICD10ES,O43.12,Velamentous insertion of umbilical cord,"","",narrow,P,PrA,O43.129,ongoing_pregnancy
OngoingPregnancy7,Ongoing Pregnancy,ICD10ES,O43.19,Other malformation of placenta,"","",narrow,P,PrA,O43.199,ongoing_pregnancy
OngoingPregnancy7,Ongoing Pregnancy,ICD10ES,O43.21,Placenta accreta,"","",narrow,P,PrA,O43.219,ongoing_pregnancy
OngoingPregnancy7,Ongoing Pregnancy,ICD10ES,O43.22,Placenta increta,"","",narrow,P,PrA,O43.229,ongoing_pregnancy
OngoingPregnancy7,Ongoing Pregnancy,ICD10ES,O43.23,Placenta percreta,"","",narrow,P,PrA,O43.239,ongoing_pregnancy
OngoingPregnancy4,Ongoing Pregnancy,ICD10ES,O43.81,Placental infarction,"","",narrow,P,PrA,O43.819,ongoing_pregnancy
OngoingPregnancy7,Ongoing Pregnancy,ICD10ES,O43.81,Placental infarction,"","",narrow,P,PrA,O43.819,ongoing_pregnancy
OngoingPregnancy7,Ongoing Pregnancy,ICD10ES,O43.89,Other placental disorders,"","",narrow,P,PrA,O43.989,ongoing_pregnancy
OngoingPregnancy1,Ongoing Pregnancy,ICD10ES,O45.00,Premature separation of placenta with coagulation defect- unspecified,"","",narrow,P,PrA,O45.009,ongoing_pregnancy
OngoingPregnancy7,Ongoing Pregnancy,ICD10ES,O45.00,Premature separation of placenta with coagulation defect- unspecified,"","",narrow,P,PrA,O45.009,ongoing_pregnancy
OngoingPregnancy1,Ongoing Pregnancy,ICD10ES,O45.01,Premature separation of placenta with afibrinogenemia,"","",narrow,P,PrA,O45.019,ongoing_pregnancy
OngoingPregnancy7,Ongoing Pregnancy,ICD10ES,O45.01,Premature separation of placenta with afibrinogenemia,"","",narrow,P,PrA,O45.019,ongoing_pregnancy
OngoingPregnancy1,Ongoing Pregnancy,ICD10ES,O45.02,Premature separation of placenta with disseminated intravascular coagulation,"","",narrow,P,PrA,O45.029,ongoing_pregnancy
OngoingPregnancy7,Ongoing Pregnancy,ICD10ES,O45.02,Premature separation of placenta with disseminated intravascular coagulation,"","",narrow,P,PrA,O45.029,ongoing_pregnancy
OngoingPregnancy1,Ongoing Pregnancy,ICD10ES,O45.09,Premature separation of placenta with other coagulation defect,"","",narrow,P,PrA,O45.099,ongoing_pregnancy
OngoingPregnancy7,Ongoing Pregnancy,ICD10ES,O45.09,Premature separation of placenta with other coagulation defect,"","",narrow,P,PrA,O45.099,ongoing_pregnancy
OngoingPregnancy1,Ongoing Pregnancy,ICD10ES,O45.8X,Other premature separation of placenta,"","",narrow,P,PrA,O45.8X9,ongoing_pregnancy
OngoingPregnancy7,Ongoing Pregnancy,ICD10ES,O45.8X,Other premature separation of placenta,"","",narrow,P,PrA,O45.8X9,ongoing_pregnancy
OngoingPregnancy1,Ongoing Pregnancy,ICD10ES,O46.00,Antepartum hemorrhage with coagulation defect- unspecified,"","",narrow,P,PrA,O46.009,ongoing_pregnancy
OngoingPregnancy7,Ongoing Pregnancy,ICD10ES,O46.00,Antepartum hemorrhage with coagulation defect- unspecified,"","",narrow,P,PrA,O46.009,ongoing_pregnancy
OngoingPregnancy1,Ongoing Pregnancy,ICD10ES,O46.01,Antepartum hemorrhage with afibrinogenemia,"","",narrow,P,PrA,O46.019,ongoing_pregnancy
OngoingPregnancy7,Ongoing Pregnancy,ICD10ES,O46.01,Antepartum hemorrhage with afibrinogenemia,"","",narrow,P,PrA,O46.019,ongoing_pregnancy
OngoingPregnancy1,Ongoing Pregnancy,ICD10ES,O46.02,Antepartum hemorrhage with disseminated intravascular coagulation,"","",narrow,P,PrA,O46.029,ongoing_pregnancy
OngoingPregnancy7,Ongoing Pregnancy,ICD10ES,O46.02,Antepartum hemorrhage with disseminated intravascular coagulation,"","",narrow,P,PrA,O46.029,ongoing_pregnancy
OngoingPregnancy1,Ongoing Pregnancy,ICD10ES,O46.09,Antepartum hemorrhage with other coagulation defect,"","",narrow,P,PrA,O46.099,ongoing_pregnancy
OngoingPregnancy7,Ongoing Pregnancy,ICD10ES,O46.09,Antepartum hemorrhage with other coagulation defect,"","",narrow,P,PrA,O46.099,ongoing_pregnancy
OngoingPregnancy1,Ongoing Pregnancy,ICD10ES,O46.8X,Other antepartum hemorrhage,"","",narrow,P,PrA,O46.8X9,ongoing_pregnancy
OngoingPregnancy7,Ongoing Pregnancy,ICD10ES,O46.8X,Other antepartum hemorrhage,"","",narrow,P,PrA,O46.8X9,ongoing_pregnancy
OngoingPregnancy7,Ongoing Pregnancy,ICD10ES,O14.9,Pre-eclampsia- unspecified,C0032914,Pre-Eclampsia,narrow,P,PrA,O14.9,ongoing_pregnancy
OngoingPregnancy7,Ongoing Pregnancy,ICD10ES,O15.00,Eclampsia complicating pregnancy- unspecified trimester,"","",narrow,P,PrA,O15,ongoing_pregnancy
OngoingPregnancy2,Ongoing Pregnancy,ICD10ES,O24.2,Diabetes mellitus in pregnancy- Pre-existing malnutrition-related diabetes mellitus,"","",narrow,P,PrA,O24.8,ongoing_pregnancy
OngoingPregnancy2,Ongoing Pregnancy,ICD10ES,O24.9,Diabetes mellitus in pregnancy- unspecified,C0032969,Pregnancy in Diabetics,narrow,P,PrA,O24.8,ongoing_pregnancy
OngoingPregnancy7,Ongoing Pregnancy,ICD10ES,O14.9,Pre-eclampsia- unspecified,C0032914,Pre-Eclampsia,narrow,P,PrA,O14.90,ongoing_pregnancy
OngoingPregnancy7,Ongoing Pregnancy,ICD10ES,O15.00,Eclampsia complicating pregnancy- unspecified trimester,"","",narrow,P,PrA,O15.0,ongoing_pregnancy
OngoingPregnancy2,Ongoing Pregnancy,ICD10ES,O24.2,Diabetes mellitus in pregnancy- Pre-existing malnutrition-related diabetes mellitus,"","",narrow,P,PrA,O24.81,ongoing_pregnancy
OngoingPregnancy2,Ongoing Pregnancy,ICD10ES,O24.9,Diabetes mellitus in pregnancy- unspecified,C0032969,Pregnancy in Diabetics,narrow,P,PrA,O24.81,ongoing_pregnancy
OngoingPregnancy7,Ongoing Pregnancy,ICD10ES,O14.9,Pre-eclampsia- unspecified,C0032914,Pre-Eclampsia,narrow,P,PrA,O14.92,ongoing_pregnancy
OngoingPregnancy7,Ongoing Pregnancy,ICD10ES,O15.00,Eclampsia complicating pregnancy- unspecified trimester,"","",narrow,P,PrA,O15.00,ongoing_pregnancy
OngoingPregnancy2,Ongoing Pregnancy,ICD10ES,O24.2,Diabetes mellitus in pregnancy- Pre-existing malnutrition-related diabetes mellitus,"","",narrow,P,PrA,O24.811,ongoing_pregnancy
OngoingPregnancy2,Ongoing Pregnancy,ICD10ES,O24.9,Diabetes mellitus in pregnancy- unspecified,C0032969,Pregnancy in Diabetics,narrow,P,PrA,O24.811,ongoing_pregnancy
OngoingPregnancy7,Ongoing Pregnancy,ICD10ES,O14.9,Pre-eclampsia- unspecified,C0032914,Pre-Eclampsia,narrow,P,PrA,O14.93,ongoing_pregnancy
OngoingPregnancy7,Ongoing Pregnancy,ICD10ES,O15.00,Eclampsia complicating pregnancy- unspecified trimester,"","",narrow,P,PrA,O15.1,ongoing_pregnancy
OngoingPregnancy2,Ongoing Pregnancy,ICD10ES,O24.2,Diabetes mellitus in pregnancy- Pre-existing malnutrition-related diabetes mellitus,"","",narrow,P,PrA,O24.812,ongoing_pregnancy
OngoingPregnancy2,Ongoing Pregnancy,ICD10ES,O24.9,Diabetes mellitus in pregnancy- unspecified,C0032969,Pregnancy in Diabetics,narrow,P,PrA,O24.812,ongoing_pregnancy
OngoingPregnancy7,Ongoing Pregnancy,ICD10ES,O14.9,Pre-eclampsia- unspecified,C0032914,Pre-Eclampsia,narrow,P,PrA,O14.94,ongoing_pregnancy
OngoingPregnancy7,Ongoing Pregnancy,ICD10ES,O15.00,Eclampsia complicating pregnancy- unspecified trimester,"","",narrow,P,PrA,O15.2,ongoing_pregnancy
OngoingPregnancy2,Ongoing Pregnancy,ICD10ES,O24.2,Diabetes mellitus in pregnancy- Pre-existing malnutrition-related diabetes mellitus,"","",narrow,P,PrA,O24.813,ongoing_pregnancy
OngoingPregnancy2,Ongoing Pregnancy,ICD10ES,O24.9,Diabetes mellitus in pregnancy- unspecified,C0032969,Pregnancy in Diabetics,narrow,P,PrA,O24.813,ongoing_pregnancy
OngoingPregnancy7,Ongoing Pregnancy,ICD10ES,O14.9,Pre-eclampsia- unspecified,C0032914,Pre-Eclampsia,narrow,P,PrA,O14.95,ongoing_pregnancy
OngoingPregnancy7,Ongoing Pregnancy,ICD10ES,O15.00,Eclampsia complicating pregnancy- unspecified trimester,"","",narrow,P,PrA,O15.9,ongoing_pregnancy
OngoingPregnancy2,Ongoing Pregnancy,ICD10ES,O24.2,Diabetes mellitus in pregnancy- Pre-existing malnutrition-related diabetes mellitus,"","",narrow,P,PrA,O24.819,ongoing_pregnancy
OngoingPregnancy2,Ongoing Pregnancy,ICD10ES,O24.9,Diabetes mellitus in pregnancy- unspecified,C0032969,Pregnancy in Diabetics,narrow,P,PrA,O24.819,ongoing_pregnancy
OngoingPregnancy2,Ongoing Pregnancy,ICD10ES,O24.11,Pre-existing type 2 diabetes mellitus- in pregnancy,"","",narrow,P,PrA,O24.11,ongoing_pregnancy
OngoingPregnancy2,Ongoing Pregnancy,ICD10ES,O24.91,Unspecified diabetes mellitus in pregnancy,"","",narrow,P,PrA,O24.91,ongoing_pregnancy
OngoingPregnancy2,Ongoing Pregnancy,ICD10ES,O24.11,Pre-existing type 2 diabetes mellitus- in pregnancy,"","",narrow,P,PrA,O24.111,ongoing_pregnancy
OngoingPregnancy2,Ongoing Pregnancy,ICD10ES,O24.91,Unspecified diabetes mellitus in pregnancy,"","",narrow,P,PrA,O24.911,ongoing_pregnancy
OngoingPregnancy2,Ongoing Pregnancy,ICD10ES,O24.11,Pre-existing type 2 diabetes mellitus- in pregnancy,"","",narrow,P,PrA,O24.112,ongoing_pregnancy
OngoingPregnancy2,Ongoing Pregnancy,ICD10ES,O24.91,Unspecified diabetes mellitus in pregnancy,"","",narrow,P,PrA,O24.912,ongoing_pregnancy
OngoingPregnancy2,Ongoing Pregnancy,ICD10ES,O24.11,Pre-existing type 2 diabetes mellitus- in pregnancy,"","",narrow,P,PrA,O24.113,ongoing_pregnancy
OngoingPregnancy2,Ongoing Pregnancy,ICD10ES,O24.91,Unspecified diabetes mellitus in pregnancy,"","",narrow,P,PrA,O24.913,ongoing_pregnancy
OngoingPregnancy2,Ongoing Pregnancy,ICD10ES,O24.11,Pre-existing type 2 diabetes mellitus- in pregnancy,"","",narrow,P,PrA,O24.119,ongoing_pregnancy
OngoingPregnancy2,Ongoing Pregnancy,ICD10ES,O24.91,Unspecified diabetes mellitus in pregnancy,"","",narrow,P,PrA,O24.919,ongoing_pregnancy
OngoingPregnancy2,Ongoing Pregnancy,ICD10ES,O24.11,Pre-existing type 2 diabetes mellitus- in pregnancy,"","",narrow,P,PrA,O24.12,ongoing_pregnancy
OngoingPregnancy2,Ongoing Pregnancy,ICD10ES,O24.91,Unspecified diabetes mellitus in pregnancy,"","",narrow,P,PrA,O24.92,ongoing_pregnancy
OngoingPregnancy2,Ongoing Pregnancy,ICD10ES,O24.11,Pre-existing type 2 diabetes mellitus- in pregnancy,"","",narrow,P,PrA,O24.13,ongoing_pregnancy
OngoingPregnancy2,Ongoing Pregnancy,ICD10ES,O24.91,Unspecified diabetes mellitus in pregnancy,"","",narrow,P,PrA,O24.93,ongoing_pregnancy
EctopicPregnancy,Ectopic Pregnancy,ICD10ES,O00.10,Tubal pregnancy without intrauterine pregnancy,C0032994,Pregnancy- Tubal,narrow,P,PrA,O00.10,interruption_pregnancy
EctopicPregnancy,Ectopic Pregnancy,ICD10ES,O00.20,Ovarian pregnancy without intrauterine pregnancy,C1135235,ovarian pregnancy without intrauterine pregnancy,narrow,P,PrA,O00.20,interruption_pregnancy
ELECTTERM,Elective termination,ICD10ES,O08.6,Damage to pelvic organs and tissues following abortion and ectopic and molar pregnancy,C0495173,Damage to pelvic organs and tissues following abortion and ectopic and molar pregnancy,narrow,P,PrA,O08.6,end_of_pregnancy
OngoingPregnancy2,Ongoing Pregnancy,ICD10ES,O24.31,Unspecified pre-existing diabetes mellitus in pregnancy,"","",narrow,P,PrA,O24.3,ongoing_pregnancy
StillBirth,Stillbirth,ICD10ES,Z37.4,Twins- both stillborn,C0419377,Encounter due to birth of twins- both stillborn,narrow,P,PrA,Z37.4,end_of_pregnancy
EctopicPregnancy,Ectopic Pregnancy,ICD10ES,O00.10,Tubal pregnancy without intrauterine pregnancy,C0032994,Pregnancy- Tubal,narrow,P,PrA,O00.101,interruption_pregnancy
EctopicPregnancy,Ectopic Pregnancy,ICD10ES,O00.20,Ovarian pregnancy without intrauterine pregnancy,C1135235,ovarian pregnancy without intrauterine pregnancy,narrow,P,PrA,O00.201,interruption_pregnancy
ELECTTERM,Elective termination,ICD10ES,O08.6,Damage to pelvic organs and tissues following abortion and ectopic and molar pregnancy,C0495173,Damage to pelvic organs and tissues following abortion and ectopic and molar pregnancy,narrow,P,PrA,O08.7,end_of_pregnancy
OngoingPregnancy2,Ongoing Pregnancy,ICD10ES,O24.31,Unspecified pre-existing diabetes mellitus in pregnancy,"","",narrow,P,PrA,O24.31,ongoing_pregnancy
StillBirth,Stillbirth,ICD10ES,Z37.4,Twins- both stillborn,C0419377,Encounter due to birth of twins- both stillborn,narrow,P,PrA,Z37.5,end_of_pregnancy
EctopicPregnancy,Ectopic Pregnancy,ICD10ES,O00.10,Tubal pregnancy without intrauterine pregnancy,C0032994,Pregnancy- Tubal,narrow,P,PrA,O00.102,interruption_pregnancy
EctopicPregnancy,Ectopic Pregnancy,ICD10ES,O00.20,Ovarian pregnancy without intrauterine pregnancy,C1135235,ovarian pregnancy without intrauterine pregnancy,narrow,P,PrA,O00.202,interruption_pregnancy
ELECTTERM,Elective termination,ICD10ES,O08.6,Damage to pelvic organs and tissues following abortion and ectopic and molar pregnancy,C0495173,Damage to pelvic organs and tissues following abortion and ectopic and molar pregnancy,narrow,P,PrA,O08.8,end_of_pregnancy
OngoingPregnancy2,Ongoing Pregnancy,ICD10ES,O24.31,Unspecified pre-existing diabetes mellitus in pregnancy,"","",narrow,P,PrA,O24.311,ongoing_pregnancy
StillBirth,Stillbirth,ICD10ES,Z37.4,Twins- both stillborn,C0419377,Encounter due to birth of twins- both stillborn,narrow,P,PrA,Z37.50,end_of_pregnancy
EctopicPregnancy,Ectopic Pregnancy,ICD10ES,O00.10,Tubal pregnancy without intrauterine pregnancy,C0032994,Pregnancy- Tubal,narrow,P,PrA,O00.109,interruption_pregnancy
EctopicPregnancy,Ectopic Pregnancy,ICD10ES,O00.20,Ovarian pregnancy without intrauterine pregnancy,C1135235,ovarian pregnancy without intrauterine pregnancy,narrow,P,PrA,O00.209,interruption_pregnancy
ELECTTERM,Elective termination,ICD10ES,O08.6,Damage to pelvic organs and tissues following abortion and ectopic and molar pregnancy,C0495173,Damage to pelvic organs and tissues following abortion and ectopic and molar pregnancy,narrow,P,PrA,O08.81,end_of_pregnancy
OngoingPregnancy2,Ongoing Pregnancy,ICD10ES,O24.31,Unspecified pre-existing diabetes mellitus in pregnancy,"","",narrow,P,PrA,O24.312,ongoing_pregnancy
StillBirth,Stillbirth,ICD10ES,Z37.4,Twins- both stillborn,C0419377,Encounter due to birth of twins- both stillborn,narrow,P,PrA,Z37.51,end_of_pregnancy
EctopicPregnancy,Ectopic Pregnancy,ICD10ES,O00.10,Tubal pregnancy without intrauterine pregnancy,C0032994,Pregnancy- Tubal,narrow,P,PrA,O00.11,interruption_pregnancy
EctopicPregnancy,Ectopic Pregnancy,ICD10ES,O00.20,Ovarian pregnancy without intrauterine pregnancy,C1135235,ovarian pregnancy without intrauterine pregnancy,narrow,P,PrA,O00.21,interruption_pregnancy
ELECTTERM,Elective termination,ICD10ES,O08.6,Damage to pelvic organs and tissues following abortion and ectopic and molar pregnancy,C0495173,Damage to pelvic organs and tissues following abortion and ectopic and molar pregnancy,narrow,P,PrA,O08.82,end_of_pregnancy
OngoingPregnancy2,Ongoing Pregnancy,ICD10ES,O24.31,Unspecified pre-existing diabetes mellitus in pregnancy,"","",narrow,P,PrA,O24.313,ongoing_pregnancy
StillBirth,Stillbirth,ICD10ES,Z37.4,Twins- both stillborn,C0419377,Encounter due to birth of twins- both stillborn,narrow,P,PrA,Z37.52,end_of_pregnancy
EctopicPregnancy,Ectopic Pregnancy,ICD10ES,O00.10,Tubal pregnancy without intrauterine pregnancy,C0032994,Pregnancy- Tubal,narrow,P,PrA,O00.111,interruption_pregnancy
EctopicPregnancy,Ectopic Pregnancy,ICD10ES,O00.20,Ovarian pregnancy without intrauterine pregnancy,C1135235,ovarian pregnancy without intrauterine pregnancy,narrow,P,PrA,O00.211,interruption_pregnancy
ELECTTERM,Elective termination,ICD10ES,O08.6,Damage to pelvic organs and tissues following abortion and ectopic and molar pregnancy,C0495173,Damage to pelvic organs and tissues following abortion and ectopic and molar pregnancy,narrow,P,PrA,O08.83,end_of_pregnancy
OngoingPregnancy2,Ongoing Pregnancy,ICD10ES,O24.31,Unspecified pre-existing diabetes mellitus in pregnancy,"","",narrow,P,PrA,O24.319,ongoing_pregnancy
StillBirth,Stillbirth,ICD10ES,Z37.4,Twins- both stillborn,C0419377,Encounter due to birth of twins- both stillborn,narrow,P,PrA,Z37.53,end_of_pregnancy
EctopicPregnancy,Ectopic Pregnancy,ICD10ES,O00.10,Tubal pregnancy without intrauterine pregnancy,C0032994,Pregnancy- Tubal,narrow,P,PrA,O00.112,interruption_pregnancy
EctopicPregnancy,Ectopic Pregnancy,ICD10ES,O00.20,Ovarian pregnancy without intrauterine pregnancy,C1135235,ovarian pregnancy without intrauterine pregnancy,narrow,P,PrA,O00.212,interruption_pregnancy
ELECTTERM,Elective termination,ICD10ES,O08.6,Damage to pelvic organs and tissues following abortion and ectopic and molar pregnancy,C0495173,Damage to pelvic organs and tissues following abortion and ectopic and molar pregnancy,narrow,P,PrA,O08.89,end_of_pregnancy
OngoingPregnancy2,Ongoing Pregnancy,ICD10ES,O24.31,Unspecified pre-existing diabetes mellitus in pregnancy,"","",narrow,P,PrA,O24.32,ongoing_pregnancy
StillBirth,Stillbirth,ICD10ES,Z37.4,Twins- both stillborn,C0419377,Encounter due to birth of twins- both stillborn,narrow,P,PrA,Z37.54,end_of_pregnancy
EctopicPregnancy,Ectopic Pregnancy,ICD10ES,O00.10,Tubal pregnancy without intrauterine pregnancy,C0032994,Pregnancy- Tubal,narrow,P,PrA,O00.119,interruption_pregnancy
EctopicPregnancy,Ectopic Pregnancy,ICD10ES,O00.20,Ovarian pregnancy without intrauterine pregnancy,C1135235,ovarian pregnancy without intrauterine pregnancy,narrow,P,PrA,O00.219,interruption_pregnancy
ELECTTERM,Elective termination,ICD10ES,O08.6,Damage to pelvic organs and tissues following abortion and ectopic and molar pregnancy,C0495173,Damage to pelvic organs and tissues following abortion and ectopic and molar pregnancy,narrow,P,PrA,O08.9,end_of_pregnancy
OngoingPregnancy2,Ongoing Pregnancy,ICD10ES,O24.31,Unspecified pre-existing diabetes mellitus in pregnancy,"","",narrow,P,PrA,O24.33,ongoing_pregnancy
StillBirth,Stillbirth,ICD10ES,Z37.4,Twins- both stillborn,C0419377,Encounter due to birth of twins- both stillborn,narrow,P,PrA,Z37.59,end_of_pregnancy
AtTerm,At term delivery,ICD10ES,O60.20,Term delivery with preterm labor- unspecified trimester,"","",narrow,P,PrA,O60.20,end_of_pregnancy
AtTerm,At term delivery,ICD10ES,O60.22,Term delivery with preterm labor- second trimester,"","",narrow,P,PrA,O60.22,end_of_pregnancy
AtTerm,At term delivery,ICD10ES,O60.23,Term delivery with preterm labor- third trimester,"","",narrow,P,PrA,O60.23,end_of_pregnancy
BirthNarrow,Birth classified as narrow,ICD10ES,O60.10,Preterm labor with preterm delivery- unspecified trimester,"","",narrow,P,PrA,O60.10,end_of_pregnancy
BirthNarrow,Birth classified as narrow,ICD10ES,O60.12,Preterm labor second trimester with preterm delivery second trimester,"","",narrow,P,PrA,O60.12,end_of_pregnancy
BirthNarrow,Birth classified as narrow,ICD10ES,O60.13,Preterm labor second trimester with preterm delivery third trimester,"","",narrow,P,PrA,O60.13,end_of_pregnancy
BirthNarrow,Birth classified as narrow,ICD10ES,O60.14,Preterm labor third trimester with preterm delivery third trimester,"","",narrow,P,PrA,O60.14,end_of_pregnancy
BirthNarrow,Birth classified as narrow,ICD10ES,O60.20,Term delivery with preterm labor- unspecified trimester,"","",narrow,P,PrA,O60.20,end_of_pregnancy
BirthNarrow,Birth classified as narrow,ICD10ES,O60.22,Term delivery with preterm labor- second trimester,"","",narrow,P,PrA,O60.22,end_of_pregnancy
BirthNarrow,Birth classified as narrow,ICD10ES,O60.23,Term delivery with preterm labor- third trimester,"","",narrow,P,PrA,O60.23,end_of_pregnancy
BirthNarrow,Birth classified as narrow,ICD10ES,O69.81,Labor and delivery complicated by cord around neck- without compression,"","",narrow,P,PrA,O69.81,end_of_pregnancy
BirthNarrow,Birth classified as narrow,ICD10ES,O69.82,Labor and delivery complicated by other cord entanglement- without compression,"","",narrow,P,PrA,O69.82,end_of_pregnancy
BirthNarrow,Birth classified as narrow,ICD10ES,O69.89,Labor and delivery complicated by other cord complications,"","",narrow,P,PrA,O69.89,end_of_pregnancy
OngoingPregnancy1,Ongoing Pregnancy,ICD10ES,O14.1,Severe pre-eclampsia,C0341950,Severe pre-eclampsia,narrow,P,PrA,O14.1,ongoing_pregnancy
OngoingPregnancy5,Ongoing Pregnancy,ICD10ES,O41.00,Oligohydramnios- unspecified trimester,C0079924,Oligohydramnios,narrow,P,PrA,O41.00,ongoing_pregnancy
OngoingPregnancy5,Ongoing Pregnancy,ICD10ES,O41.01,Oligohydramnios- first trimester,"","",narrow,P,PrA,O41.01,ongoing_pregnancy
OngoingPregnancy5,Ongoing Pregnancy,ICD10ES,O41.02,Oligohydramnios- second trimester,"","",narrow,P,PrA,O41.02,ongoing_pregnancy
OngoingPregnancy5,Ongoing Pregnancy,ICD10ES,O41.03,Oligohydramnios- third trimester,"","",narrow,P,PrA,O41.03,ongoing_pregnancy
Preterm,Preterm delivery,ICD10ES,O60.10,Preterm labor with preterm delivery- unspecified trimester,"","",narrow,P,PrA,O60.10,end_of_pregnancy
Preterm,Preterm delivery,ICD10ES,O60.12,Preterm labor second trimester with preterm delivery second trimester,"","",narrow,P,PrA,O60.12,end_of_pregnancy
Preterm,Preterm delivery,ICD10ES,O60.13,Preterm labor second trimester with preterm delivery third trimester,"","",narrow,P,PrA,O60.13,end_of_pregnancy
Preterm,Preterm delivery,ICD10ES,O60.14,Preterm labor third trimester with preterm delivery third trimester,"","",narrow,P,PrA,O60.14,end_of_pregnancy
StillBirth,Stillbirth,ICD10ES,O31.00,Papyraceous fetus- unspecified trimester,"","",possible,P,PrA,O31.00,end_of_pregnancy
StillBirth,Stillbirth,ICD10ES,O31.01,Papyraceous fetus- first trimester,"","",possible,P,PrA,O31.01,end_of_pregnancy
StillBirth,Stillbirth,ICD10ES,O31.02,Papyraceous fetus- second trimester,"","",possible,P,PrA,O31.02,end_of_pregnancy
StillBirth,Stillbirth,ICD10ES,O31.03,Papyraceous fetus- third trimester,"","",possible,P,PrA,O31.03,end_of_pregnancy
AtTerm,At term delivery,ICD10ES,O60.20,Term delivery with preterm labor- unspecified trimester,"","",narrow,P,PrA,O60.20X,end_of_pregnancy
AtTerm,At term delivery,ICD10ES,O60.22,Term delivery with preterm labor- second trimester,"","",narrow,P,PrA,O60.22X,end_of_pregnancy
AtTerm,At term delivery,ICD10ES,O60.23,Term delivery with preterm labor- third trimester,"","",narrow,P,PrA,O60.23X,end_of_pregnancy
BirthNarrow,Birth classified as narrow,ICD10ES,O60.10,Preterm labor with preterm delivery- unspecified trimester,"","",narrow,P,PrA,O60.10X,end_of_pregnancy
BirthNarrow,Birth classified as narrow,ICD10ES,O60.12,Preterm labor second trimester with preterm delivery second trimester,"","",narrow,P,PrA,O60.12X,end_of_pregnancy
BirthNarrow,Birth classified as narrow,ICD10ES,O60.13,Preterm labor second trimester with preterm delivery third trimester,"","",narrow,P,PrA,O60.13X,end_of_pregnancy
BirthNarrow,Birth classified as narrow,ICD10ES,O60.14,Preterm labor third trimester with preterm delivery third trimester,"","",narrow,P,PrA,O60.14X,end_of_pregnancy
BirthNarrow,Birth classified as narrow,ICD10ES,O60.20,Term delivery with preterm labor- unspecified trimester,"","",narrow,P,PrA,O60.20X,end_of_pregnancy
BirthNarrow,Birth classified as narrow,ICD10ES,O60.22,Term delivery with preterm labor- second trimester,"","",narrow,P,PrA,O60.22X,end_of_pregnancy
BirthNarrow,Birth classified as narrow,ICD10ES,O60.23,Term delivery with preterm labor- third trimester,"","",narrow,P,PrA,O60.23X,end_of_pregnancy
BirthNarrow,Birth classified as narrow,ICD10ES,O69.81,Labor and delivery complicated by cord around neck- without compression,"","",narrow,P,PrA,O69.81X,end_of_pregnancy
BirthNarrow,Birth classified as narrow,ICD10ES,O69.82,Labor and delivery complicated by other cord entanglement- without compression,"","",narrow,P,PrA,O69.82X,end_of_pregnancy
BirthNarrow,Birth classified as narrow,ICD10ES,O69.89,Labor and delivery complicated by other cord complications,"","",narrow,P,PrA,O69.89X,end_of_pregnancy
OngoingPregnancy1,Ongoing Pregnancy,ICD10ES,O14.1,Severe pre-eclampsia,C0341950,Severe pre-eclampsia,narrow,P,PrA,O14.14,ongoing_pregnancy
OngoingPregnancy5,Ongoing Pregnancy,ICD10ES,O41.00,Oligohydramnios- unspecified trimester,C0079924,Oligohydramnios,narrow,P,PrA,O41.00X,ongoing_pregnancy
OngoingPregnancy5,Ongoing Pregnancy,ICD10ES,O41.01,Oligohydramnios- first trimester,"","",narrow,P,PrA,O41.01X,ongoing_pregnancy
OngoingPregnancy5,Ongoing Pregnancy,ICD10ES,O41.02,Oligohydramnios- second trimester,"","",narrow,P,PrA,O41.02X,ongoing_pregnancy
OngoingPregnancy5,Ongoing Pregnancy,ICD10ES,O41.03,Oligohydramnios- third trimester,"","",narrow,P,PrA,O41.03X,ongoing_pregnancy
Preterm,Preterm delivery,ICD10ES,O60.10,Preterm labor with preterm delivery- unspecified trimester,"","",narrow,P,PrA,O60.10X,end_of_pregnancy
Preterm,Preterm delivery,ICD10ES,O60.12,Preterm labor second trimester with preterm delivery second trimester,"","",narrow,P,PrA,O60.12X,end_of_pregnancy
Preterm,Preterm delivery,ICD10ES,O60.13,Preterm labor second trimester with preterm delivery third trimester,"","",narrow,P,PrA,O60.13X,end_of_pregnancy
Preterm,Preterm delivery,ICD10ES,O60.14,Preterm labor third trimester with preterm delivery third trimester,"","",narrow,P,PrA,O60.14X,end_of_pregnancy
StillBirth,Stillbirth,ICD10ES,O31.00,Papyraceous fetus- unspecified trimester,"","",possible,P,PrA,O31.00X,end_of_pregnancy
StillBirth,Stillbirth,ICD10ES,O31.01,Papyraceous fetus- first trimester,"","",possible,P,PrA,O31.01X,end_of_pregnancy
StillBirth,Stillbirth,ICD10ES,O31.02,Papyraceous fetus- second trimester,"","",possible,P,PrA,O31.02X,end_of_pregnancy
StillBirth,Stillbirth,ICD10ES,O31.03,Papyraceous fetus- third trimester,"","",possible,P,PrA,O31.03X,end_of_pregnancy
AtTerm,At term delivery,ICD10ES,O60.20,Term delivery with preterm labor- unspecified trimester,"","",narrow,P,PrA,O60.20X0,end_of_pregnancy
AtTerm,At term delivery,ICD10ES,O60.22,Term delivery with preterm labor- second trimester,"","",narrow,P,PrA,O60.22X0,end_of_pregnancy
AtTerm,At term delivery,ICD10ES,O60.23,Term delivery with preterm labor- third trimester,"","",narrow,P,PrA,O60.23X0,end_of_pregnancy
BirthNarrow,Birth classified as narrow,ICD10ES,O60.10,Preterm labor with preterm delivery- unspecified trimester,"","",narrow,P,PrA,O60.10X0,end_of_pregnancy
BirthNarrow,Birth classified as narrow,ICD10ES,O60.12,Preterm labor second trimester with preterm delivery second trimester,"","",narrow,P,PrA,O60.12X0,end_of_pregnancy
BirthNarrow,Birth classified as narrow,ICD10ES,O60.13,Preterm labor second trimester with preterm delivery third trimester,"","",narrow,P,PrA,O60.13X0,end_of_pregnancy
BirthNarrow,Birth classified as narrow,ICD10ES,O60.14,Preterm labor third trimester with preterm delivery third trimester,"","",narrow,P,PrA,O60.14X0,end_of_pregnancy
BirthNarrow,Birth classified as narrow,ICD10ES,O60.20,Term delivery with preterm labor- unspecified trimester,"","",narrow,P,PrA,O60.20X0,end_of_pregnancy
BirthNarrow,Birth classified as narrow,ICD10ES,O60.22,Term delivery with preterm labor- second trimester,"","",narrow,P,PrA,O60.22X0,end_of_pregnancy
BirthNarrow,Birth classified as narrow,ICD10ES,O60.23,Term delivery with preterm labor- third trimester,"","",narrow,P,PrA,O60.23X0,end_of_pregnancy
BirthNarrow,Birth classified as narrow,ICD10ES,O69.81,Labor and delivery complicated by cord around neck- without compression,"","",narrow,P,PrA,O69.81X0,end_of_pregnancy
BirthNarrow,Birth classified as narrow,ICD10ES,O69.82,Labor and delivery complicated by other cord entanglement- without compression,"","",narrow,P,PrA,O69.82X0,end_of_pregnancy
BirthNarrow,Birth classified as narrow,ICD10ES,O69.89,Labor and delivery complicated by other cord complications,"","",narrow,P,PrA,O69.89X0,end_of_pregnancy
OngoingPregnancy1,Ongoing Pregnancy,ICD10ES,O14.1,Severe pre-eclampsia,C0341950,Severe pre-eclampsia,narrow,P,PrA,O14.15,ongoing_pregnancy
OngoingPregnancy5,Ongoing Pregnancy,ICD10ES,O41.00,Oligohydramnios- unspecified trimester,C0079924,Oligohydramnios,narrow,P,PrA,O41.00X0,ongoing_pregnancy
OngoingPregnancy5,Ongoing Pregnancy,ICD10ES,O41.01,Oligohydramnios- first trimester,"","",narrow,P,PrA,O41.01X0,ongoing_pregnancy
OngoingPregnancy5,Ongoing Pregnancy,ICD10ES,O41.02,Oligohydramnios- second trimester,"","",narrow,P,PrA,O41.02X0,ongoing_pregnancy
OngoingPregnancy5,Ongoing Pregnancy,ICD10ES,O41.03,Oligohydramnios- third trimester,"","",narrow,P,PrA,O41.03X0,ongoing_pregnancy
Preterm,Preterm delivery,ICD10ES,O60.10,Preterm labor with preterm delivery- unspecified trimester,"","",narrow,P,PrA,O60.10X0,end_of_pregnancy
Preterm,Preterm delivery,ICD10ES,O60.12,Preterm labor second trimester with preterm delivery second trimester,"","",narrow,P,PrA,O60.12X0,end_of_pregnancy
Preterm,Preterm delivery,ICD10ES,O60.13,Preterm labor second trimester with preterm delivery third trimester,"","",narrow,P,PrA,O60.13X0,end_of_pregnancy
Preterm,Preterm delivery,ICD10ES,O60.14,Preterm labor third trimester with preterm delivery third trimester,"","",narrow,P,PrA,O60.14X0,end_of_pregnancy
StillBirth,Stillbirth,ICD10ES,O31.00,Papyraceous fetus- unspecified trimester,"","",possible,P,PrA,O31.00X0,end_of_pregnancy
StillBirth,Stillbirth,ICD10ES,O31.01,Papyraceous fetus- first trimester,"","",possible,P,PrA,O31.01X0,end_of_pregnancy
StillBirth,Stillbirth,ICD10ES,O31.02,Papyraceous fetus- second trimester,"","",possible,P,PrA,O31.02X0,end_of_pregnancy
StillBirth,Stillbirth,ICD10ES,O31.03,Papyraceous fetus- third trimester,"","",possible,P,PrA,O31.03X0,end_of_pregnancy
AtTerm,At term delivery,ICD10ES,O60.20,Term delivery with preterm labor- unspecified trimester,"","",narrow,P,PrA,O60.20X1,end_of_pregnancy
AtTerm,At term delivery,ICD10ES,O60.22,Term delivery with preterm labor- second trimester,"","",narrow,P,PrA,O60.22X1,end_of_pregnancy
AtTerm,At term delivery,ICD10ES,O60.23,Term delivery with preterm labor- third trimester,"","",narrow,P,PrA,O60.23X1,end_of_pregnancy
BirthNarrow,Birth classified as narrow,ICD10ES,O60.10,Preterm labor with preterm delivery- unspecified trimester,"","",narrow,P,PrA,O60.10X1,end_of_pregnancy
BirthNarrow,Birth classified as narrow,ICD10ES,O60.12,Preterm labor second trimester with preterm delivery second trimester,"","",narrow,P,PrA,O60.12X1,end_of_pregnancy
BirthNarrow,Birth classified as narrow,ICD10ES,O60.13,Preterm labor second trimester with preterm delivery third trimester,"","",narrow,P,PrA,O60.13X1,end_of_pregnancy
BirthNarrow,Birth classified as narrow,ICD10ES,O60.14,Preterm labor third trimester with preterm delivery third trimester,"","",narrow,P,PrA,O60.14X1,end_of_pregnancy
BirthNarrow,Birth classified as narrow,ICD10ES,O60.20,Term delivery with preterm labor- unspecified trimester,"","",narrow,P,PrA,O60.20X1,end_of_pregnancy
BirthNarrow,Birth classified as narrow,ICD10ES,O60.22,Term delivery with preterm labor- second trimester,"","",narrow,P,PrA,O60.22X1,end_of_pregnancy
BirthNarrow,Birth classified as narrow,ICD10ES,O60.23,Term delivery with preterm labor- third trimester,"","",narrow,P,PrA,O60.23X1,end_of_pregnancy
BirthNarrow,Birth classified as narrow,ICD10ES,O69.81,Labor and delivery complicated by cord around neck- without compression,"","",narrow,P,PrA,O69.81X1,end_of_pregnancy
BirthNarrow,Birth classified as narrow,ICD10ES,O69.82,Labor and delivery complicated by other cord entanglement- without compression,"","",narrow,P,PrA,O69.82X1,end_of_pregnancy
BirthNarrow,Birth classified as narrow,ICD10ES,O69.89,Labor and delivery complicated by other cord complications,"","",narrow,P,PrA,O69.89X1,end_of_pregnancy
OngoingPregnancy1,Ongoing Pregnancy,ICD10ES,O14.1,Severe pre-eclampsia,C0341950,Severe pre-eclampsia,narrow,P,PrA,O14.2,ongoing_pregnancy
OngoingPregnancy5,Ongoing Pregnancy,ICD10ES,O41.00,Oligohydramnios- unspecified trimester,C0079924,Oligohydramnios,narrow,P,PrA,O41.00X1,ongoing_pregnancy
OngoingPregnancy5,Ongoing Pregnancy,ICD10ES,O41.01,Oligohydramnios- first trimester,"","",narrow,P,PrA,O41.01X1,ongoing_pregnancy
OngoingPregnancy5,Ongoing Pregnancy,ICD10ES,O41.02,Oligohydramnios- second trimester,"","",narrow,P,PrA,O41.02X1,ongoing_pregnancy
OngoingPregnancy5,Ongoing Pregnancy,ICD10ES,O41.03,Oligohydramnios- third trimester,"","",narrow,P,PrA,O41.03X1,ongoing_pregnancy
Preterm,Preterm delivery,ICD10ES,O60.10,Preterm labor with preterm delivery- unspecified trimester,"","",narrow,P,PrA,O60.10X1,end_of_pregnancy
Preterm,Preterm delivery,ICD10ES,O60.12,Preterm labor second trimester with preterm delivery second trimester,"","",narrow,P,PrA,O60.12X1,end_of_pregnancy
Preterm,Preterm delivery,ICD10ES,O60.13,Preterm labor second trimester with preterm delivery third trimester,"","",narrow,P,PrA,O60.13X1,end_of_pregnancy
Preterm,Preterm delivery,ICD10ES,O60.14,Preterm labor third trimester with preterm delivery third trimester,"","",narrow,P,PrA,O60.14X1,end_of_pregnancy
StillBirth,Stillbirth,ICD10ES,O31.00,Papyraceous fetus- unspecified trimester,"","",possible,P,PrA,O31.00X1,end_of_pregnancy
StillBirth,Stillbirth,ICD10ES,O31.01,Papyraceous fetus- first trimester,"","",possible,P,PrA,O31.01X1,end_of_pregnancy
StillBirth,Stillbirth,ICD10ES,O31.02,Papyraceous fetus- second trimester,"","",possible,P,PrA,O31.02X1,end_of_pregnancy
StillBirth,Stillbirth,ICD10ES,O31.03,Papyraceous fetus- third trimester,"","",possible,P,PrA,O31.03X1,end_of_pregnancy
AtTerm,At term delivery,ICD10ES,O60.20,Term delivery with preterm labor- unspecified trimester,"","",narrow,P,PrA,O60.20X2,end_of_pregnancy
AtTerm,At term delivery,ICD10ES,O60.22,Term delivery with preterm labor- second trimester,"","",narrow,P,PrA,O60.22X2,end_of_pregnancy
AtTerm,At term delivery,ICD10ES,O60.23,Term delivery with preterm labor- third trimester,"","",narrow,P,PrA,O60.23X2,end_of_pregnancy
BirthNarrow,Birth classified as narrow,ICD10ES,O60.10,Preterm labor with preterm delivery- unspecified trimester,"","",narrow,P,PrA,O60.10X2,end_of_pregnancy
BirthNarrow,Birth classified as narrow,ICD10ES,O60.12,Preterm labor second trimester with preterm delivery second trimester,"","",narrow,P,PrA,O60.12X2,end_of_pregnancy
BirthNarrow,Birth classified as narrow,ICD10ES,O60.13,Preterm labor second trimester with preterm delivery third trimester,"","",narrow,P,PrA,O60.13X2,end_of_pregnancy
BirthNarrow,Birth classified as narrow,ICD10ES,O60.14,Preterm labor third trimester with preterm delivery third trimester,"","",narrow,P,PrA,O60.14X2,end_of_pregnancy
BirthNarrow,Birth classified as narrow,ICD10ES,O60.20,Term delivery with preterm labor- unspecified trimester,"","",narrow,P,PrA,O60.20X2,end_of_pregnancy
BirthNarrow,Birth classified as narrow,ICD10ES,O60.22,Term delivery with preterm labor- second trimester,"","",narrow,P,PrA,O60.22X2,end_of_pregnancy
BirthNarrow,Birth classified as narrow,ICD10ES,O60.23,Term delivery with preterm labor- third trimester,"","",narrow,P,PrA,O60.23X2,end_of_pregnancy
BirthNarrow,Birth classified as narrow,ICD10ES,O69.81,Labor and delivery complicated by cord around neck- without compression,"","",narrow,P,PrA,O69.81X2,end_of_pregnancy
BirthNarrow,Birth classified as narrow,ICD10ES,O69.82,Labor and delivery complicated by other cord entanglement- without compression,"","",narrow,P,PrA,O69.82X2,end_of_pregnancy
BirthNarrow,Birth classified as narrow,ICD10ES,O69.89,Labor and delivery complicated by other cord complications,"","",narrow,P,PrA,O69.89X2,end_of_pregnancy
OngoingPregnancy1,Ongoing Pregnancy,ICD10ES,O14.1,Severe pre-eclampsia,C0341950,Severe pre-eclampsia,narrow,P,PrA,O14.20,ongoing_pregnancy
OngoingPregnancy5,Ongoing Pregnancy,ICD10ES,O41.00,Oligohydramnios- unspecified trimester,C0079924,Oligohydramnios,narrow,P,PrA,O41.00X2,ongoing_pregnancy
OngoingPregnancy5,Ongoing Pregnancy,ICD10ES,O41.01,Oligohydramnios- first trimester,"","",narrow,P,PrA,O41.01X2,ongoing_pregnancy
OngoingPregnancy5,Ongoing Pregnancy,ICD10ES,O41.02,Oligohydramnios- second trimester,"","",narrow,P,PrA,O41.02X2,ongoing_pregnancy
OngoingPregnancy5,Ongoing Pregnancy,ICD10ES,O41.03,Oligohydramnios- third trimester,"","",narrow,P,PrA,O41.03X2,ongoing_pregnancy
Preterm,Preterm delivery,ICD10ES,O60.10,Preterm labor with preterm delivery- unspecified trimester,"","",narrow,P,PrA,O60.10X2,end_of_pregnancy
Preterm,Preterm delivery,ICD10ES,O60.12,Preterm labor second trimester with preterm delivery second trimester,"","",narrow,P,PrA,O60.12X2,end_of_pregnancy
Preterm,Preterm delivery,ICD10ES,O60.13,Preterm labor second trimester with preterm delivery third trimester,"","",narrow,P,PrA,O60.13X2,end_of_pregnancy
Preterm,Preterm delivery,ICD10ES,O60.14,Preterm labor third trimester with preterm delivery third trimester,"","",narrow,P,PrA,O60.14X2,end_of_pregnancy
StillBirth,Stillbirth,ICD10ES,O31.00,Papyraceous fetus- unspecified trimester,"","",possible,P,PrA,O31.00X2,end_of_pregnancy
StillBirth,Stillbirth,ICD10ES,O31.01,Papyraceous fetus- first trimester,"","",possible,P,PrA,O31.01X2,end_of_pregnancy
StillBirth,Stillbirth,ICD10ES,O31.02,Papyraceous fetus- second trimester,"","",possible,P,PrA,O31.02X2,end_of_pregnancy
StillBirth,Stillbirth,ICD10ES,O31.03,Papyraceous fetus- third trimester,"","",possible,P,PrA,O31.03X2,end_of_pregnancy
AtTerm,At term delivery,ICD10ES,O60.20,Term delivery with preterm labor- unspecified trimester,"","",narrow,P,PrA,O60.20X3,end_of_pregnancy
AtTerm,At term delivery,ICD10ES,O60.22,Term delivery with preterm labor- second trimester,"","",narrow,P,PrA,O60.22X3,end_of_pregnancy
AtTerm,At term delivery,ICD10ES,O60.23,Term delivery with preterm labor- third trimester,"","",narrow,P,PrA,O60.23X3,end_of_pregnancy
BirthNarrow,Birth classified as narrow,ICD10ES,O60.10,Preterm labor with preterm delivery- unspecified trimester,"","",narrow,P,PrA,O60.10X3,end_of_pregnancy
BirthNarrow,Birth classified as narrow,ICD10ES,O60.12,Preterm labor second trimester with preterm delivery second trimester,"","",narrow,P,PrA,O60.12X3,end_of_pregnancy
BirthNarrow,Birth classified as narrow,ICD10ES,O60.13,Preterm labor second trimester with preterm delivery third trimester,"","",narrow,P,PrA,O60.13X3,end_of_pregnancy
BirthNarrow,Birth classified as narrow,ICD10ES,O60.14,Preterm labor third trimester with preterm delivery third trimester,"","",narrow,P,PrA,O60.14X3,end_of_pregnancy
BirthNarrow,Birth classified as narrow,ICD10ES,O60.20,Term delivery with preterm labor- unspecified trimester,"","",narrow,P,PrA,O60.20X3,end_of_pregnancy
BirthNarrow,Birth classified as narrow,ICD10ES,O60.22,Term delivery with preterm labor- second trimester,"","",narrow,P,PrA,O60.22X3,end_of_pregnancy
BirthNarrow,Birth classified as narrow,ICD10ES,O60.23,Term delivery with preterm labor- third trimester,"","",narrow,P,PrA,O60.23X3,end_of_pregnancy
BirthNarrow,Birth classified as narrow,ICD10ES,O69.81,Labor and delivery complicated by cord around neck- without compression,"","",narrow,P,PrA,O69.81X3,end_of_pregnancy
BirthNarrow,Birth classified as narrow,ICD10ES,O69.82,Labor and delivery complicated by other cord entanglement- without compression,"","",narrow,P,PrA,O69.82X3,end_of_pregnancy
BirthNarrow,Birth classified as narrow,ICD10ES,O69.89,Labor and delivery complicated by other cord complications,"","",narrow,P,PrA,O69.89X3,end_of_pregnancy
OngoingPregnancy1,Ongoing Pregnancy,ICD10ES,O14.1,Severe pre-eclampsia,C0341950,Severe pre-eclampsia,narrow,P,PrA,O14.22,ongoing_pregnancy
OngoingPregnancy5,Ongoing Pregnancy,ICD10ES,O41.00,Oligohydramnios- unspecified trimester,C0079924,Oligohydramnios,narrow,P,PrA,O41.00X3,ongoing_pregnancy
OngoingPregnancy5,Ongoing Pregnancy,ICD10ES,O41.01,Oligohydramnios- first trimester,"","",narrow,P,PrA,O41.01X3,ongoing_pregnancy
OngoingPregnancy5,Ongoing Pregnancy,ICD10ES,O41.02,Oligohydramnios- second trimester,"","",narrow,P,PrA,O41.02X3,ongoing_pregnancy
OngoingPregnancy5,Ongoing Pregnancy,ICD10ES,O41.03,Oligohydramnios- third trimester,"","",narrow,P,PrA,O41.03X3,ongoing_pregnancy
Preterm,Preterm delivery,ICD10ES,O60.10,Preterm labor with preterm delivery- unspecified trimester,"","",narrow,P,PrA,O60.10X3,end_of_pregnancy
Preterm,Preterm delivery,ICD10ES,O60.12,Preterm labor second trimester with preterm delivery second trimester,"","",narrow,P,PrA,O60.12X3,end_of_pregnancy
Preterm,Preterm delivery,ICD10ES,O60.13,Preterm labor second trimester with preterm delivery third trimester,"","",narrow,P,PrA,O60.13X3,end_of_pregnancy
Preterm,Preterm delivery,ICD10ES,O60.14,Preterm labor third trimester with preterm delivery third trimester,"","",narrow,P,PrA,O60.14X3,end_of_pregnancy
StillBirth,Stillbirth,ICD10ES,O31.00,Papyraceous fetus- unspecified trimester,"","",possible,P,PrA,O31.00X3,end_of_pregnancy
StillBirth,Stillbirth,ICD10ES,O31.01,Papyraceous fetus- first trimester,"","",possible,P,PrA,O31.01X3,end_of_pregnancy
StillBirth,Stillbirth,ICD10ES,O31.02,Papyraceous fetus- second trimester,"","",possible,P,PrA,O31.02X3,end_of_pregnancy
StillBirth,Stillbirth,ICD10ES,O31.03,Papyraceous fetus- third trimester,"","",possible,P,PrA,O31.03X3,end_of_pregnancy
AtTerm,At term delivery,ICD10ES,O60.20,Term delivery with preterm labor- unspecified trimester,"","",narrow,P,PrA,O60.20X4,end_of_pregnancy
AtTerm,At term delivery,ICD10ES,O60.22,Term delivery with preterm labor- second trimester,"","",narrow,P,PrA,O60.22X4,end_of_pregnancy
AtTerm,At term delivery,ICD10ES,O60.23,Term delivery with preterm labor- third trimester,"","",narrow,P,PrA,O60.23X4,end_of_pregnancy
BirthNarrow,Birth classified as narrow,ICD10ES,O60.10,Preterm labor with preterm delivery- unspecified trimester,"","",narrow,P,PrA,O60.10X4,end_of_pregnancy
BirthNarrow,Birth classified as narrow,ICD10ES,O60.12,Preterm labor second trimester with preterm delivery second trimester,"","",narrow,P,PrA,O60.12X4,end_of_pregnancy
BirthNarrow,Birth classified as narrow,ICD10ES,O60.13,Preterm labor second trimester with preterm delivery third trimester,"","",narrow,P,PrA,O60.13X4,end_of_pregnancy
BirthNarrow,Birth classified as narrow,ICD10ES,O60.14,Preterm labor third trimester with preterm delivery third trimester,"","",narrow,P,PrA,O60.14X4,end_of_pregnancy
BirthNarrow,Birth classified as narrow,ICD10ES,O60.20,Term delivery with preterm labor- unspecified trimester,"","",narrow,P,PrA,O60.20X4,end_of_pregnancy
BirthNarrow,Birth classified as narrow,ICD10ES,O60.22,Term delivery with preterm labor- second trimester,"","",narrow,P,PrA,O60.22X4,end_of_pregnancy
BirthNarrow,Birth classified as narrow,ICD10ES,O60.23,Term delivery with preterm labor- third trimester,"","",narrow,P,PrA,O60.23X4,end_of_pregnancy
BirthNarrow,Birth classified as narrow,ICD10ES,O69.81,Labor and delivery complicated by cord around neck- without compression,"","",narrow,P,PrA,O69.81X4,end_of_pregnancy
BirthNarrow,Birth classified as narrow,ICD10ES,O69.82,Labor and delivery complicated by other cord entanglement- without compression,"","",narrow,P,PrA,O69.82X4,end_of_pregnancy
BirthNarrow,Birth classified as narrow,ICD10ES,O69.89,Labor and delivery complicated by other cord complications,"","",narrow,P,PrA,O69.89X4,end_of_pregnancy
OngoingPregnancy1,Ongoing Pregnancy,ICD10ES,O14.1,Severe pre-eclampsia,C0341950,Severe pre-eclampsia,narrow,P,PrA,O14.23,ongoing_pregnancy
OngoingPregnancy5,Ongoing Pregnancy,ICD10ES,O41.00,Oligohydramnios- unspecified trimester,C0079924,Oligohydramnios,narrow,P,PrA,O41.00X4,ongoing_pregnancy
OngoingPregnancy5,Ongoing Pregnancy,ICD10ES,O41.01,Oligohydramnios- first trimester,"","",narrow,P,PrA,O41.01X4,ongoing_pregnancy
OngoingPregnancy5,Ongoing Pregnancy,ICD10ES,O41.02,Oligohydramnios- second trimester,"","",narrow,P,PrA,O41.02X4,ongoing_pregnancy
OngoingPregnancy5,Ongoing Pregnancy,ICD10ES,O41.03,Oligohydramnios- third trimester,"","",narrow,P,PrA,O41.03X4,ongoing_pregnancy
Preterm,Preterm delivery,ICD10ES,O60.10,Preterm labor with preterm delivery- unspecified trimester,"","",narrow,P,PrA,O60.10X4,end_of_pregnancy
Preterm,Preterm delivery,ICD10ES,O60.12,Preterm labor second trimester with preterm delivery second trimester,"","",narrow,P,PrA,O60.12X4,end_of_pregnancy
Preterm,Preterm delivery,ICD10ES,O60.13,Preterm labor second trimester with preterm delivery third trimester,"","",narrow,P,PrA,O60.13X4,end_of_pregnancy
Preterm,Preterm delivery,ICD10ES,O60.14,Preterm labor third trimester with preterm delivery third trimester,"","",narrow,P,PrA,O60.14X4,end_of_pregnancy
StillBirth,Stillbirth,ICD10ES,O31.00,Papyraceous fetus- unspecified trimester,"","",possible,P,PrA,O31.00X4,end_of_pregnancy
StillBirth,Stillbirth,ICD10ES,O31.01,Papyraceous fetus- first trimester,"","",possible,P,PrA,O31.01X4,end_of_pregnancy
StillBirth,Stillbirth,ICD10ES,O31.02,Papyraceous fetus- second trimester,"","",possible,P,PrA,O31.02X4,end_of_pregnancy
StillBirth,Stillbirth,ICD10ES,O31.03,Papyraceous fetus- third trimester,"","",possible,P,PrA,O31.03X4,end_of_pregnancy
AtTerm,At term delivery,ICD10ES,O60.20,Term delivery with preterm labor- unspecified trimester,"","",narrow,P,PrA,O60.20X5,end_of_pregnancy
AtTerm,At term delivery,ICD10ES,O60.22,Term delivery with preterm labor- second trimester,"","",narrow,P,PrA,O60.22X5,end_of_pregnancy
AtTerm,At term delivery,ICD10ES,O60.23,Term delivery with preterm labor- third trimester,"","",narrow,P,PrA,O60.23X5,end_of_pregnancy
BirthNarrow,Birth classified as narrow,ICD10ES,O60.10,Preterm labor with preterm delivery- unspecified trimester,"","",narrow,P,PrA,O60.10X5,end_of_pregnancy
BirthNarrow,Birth classified as narrow,ICD10ES,O60.12,Preterm labor second trimester with preterm delivery second trimester,"","",narrow,P,PrA,O60.12X5,end_of_pregnancy
BirthNarrow,Birth classified as narrow,ICD10ES,O60.13,Preterm labor second trimester with preterm delivery third trimester,"","",narrow,P,PrA,O60.13X5,end_of_pregnancy
BirthNarrow,Birth classified as narrow,ICD10ES,O60.14,Preterm labor third trimester with preterm delivery third trimester,"","",narrow,P,PrA,O60.14X5,end_of_pregnancy
BirthNarrow,Birth classified as narrow,ICD10ES,O60.20,Term delivery with preterm labor- unspecified trimester,"","",narrow,P,PrA,O60.20X5,end_of_pregnancy
BirthNarrow,Birth classified as narrow,ICD10ES,O60.22,Term delivery with preterm labor- second trimester,"","",narrow,P,PrA,O60.22X5,end_of_pregnancy
BirthNarrow,Birth classified as narrow,ICD10ES,O60.23,Term delivery with preterm labor- third trimester,"","",narrow,P,PrA,O60.23X5,end_of_pregnancy
BirthNarrow,Birth classified as narrow,ICD10ES,O69.81,Labor and delivery complicated by cord around neck- without compression,"","",narrow,P,PrA,O69.81X5,end_of_pregnancy
BirthNarrow,Birth classified as narrow,ICD10ES,O69.82,Labor and delivery complicated by other cord entanglement- without compression,"","",narrow,P,PrA,O69.82X5,end_of_pregnancy
BirthNarrow,Birth classified as narrow,ICD10ES,O69.89,Labor and delivery complicated by other cord complications,"","",narrow,P,PrA,O69.89X5,end_of_pregnancy
OngoingPregnancy1,Ongoing Pregnancy,ICD10ES,O14.1,Severe pre-eclampsia,C0341950,Severe pre-eclampsia,narrow,P,PrA,O14.24,ongoing_pregnancy
OngoingPregnancy5,Ongoing Pregnancy,ICD10ES,O41.00,Oligohydramnios- unspecified trimester,C0079924,Oligohydramnios,narrow,P,PrA,O41.00X5,ongoing_pregnancy
OngoingPregnancy5,Ongoing Pregnancy,ICD10ES,O41.01,Oligohydramnios- first trimester,"","",narrow,P,PrA,O41.01X5,ongoing_pregnancy
OngoingPregnancy5,Ongoing Pregnancy,ICD10ES,O41.02,Oligohydramnios- second trimester,"","",narrow,P,PrA,O41.02X5,ongoing_pregnancy
OngoingPregnancy5,Ongoing Pregnancy,ICD10ES,O41.03,Oligohydramnios- third trimester,"","",narrow,P,PrA,O41.03X5,ongoing_pregnancy
Preterm,Preterm delivery,ICD10ES,O60.10,Preterm labor with preterm delivery- unspecified trimester,"","",narrow,P,PrA,O60.10X5,end_of_pregnancy
Preterm,Preterm delivery,ICD10ES,O60.12,Preterm labor second trimester with preterm delivery second trimester,"","",narrow,P,PrA,O60.12X5,end_of_pregnancy
Preterm,Preterm delivery,ICD10ES,O60.13,Preterm labor second trimester with preterm delivery third trimester,"","",narrow,P,PrA,O60.13X5,end_of_pregnancy
Preterm,Preterm delivery,ICD10ES,O60.14,Preterm labor third trimester with preterm delivery third trimester,"","",narrow,P,PrA,O60.14X5,end_of_pregnancy
StillBirth,Stillbirth,ICD10ES,O31.00,Papyraceous fetus- unspecified trimester,"","",possible,P,PrA,O31.00X5,end_of_pregnancy
StillBirth,Stillbirth,ICD10ES,O31.01,Papyraceous fetus- first trimester,"","",possible,P,PrA,O31.01X5,end_of_pregnancy
StillBirth,Stillbirth,ICD10ES,O31.02,Papyraceous fetus- second trimester,"","",possible,P,PrA,O31.02X5,end_of_pregnancy
StillBirth,Stillbirth,ICD10ES,O31.03,Papyraceous fetus- third trimester,"","",possible,P,PrA,O31.03X5,end_of_pregnancy
AtTerm,At term delivery,ICD10ES,O60.20,Term delivery with preterm labor- unspecified trimester,"","",narrow,P,PrA,O60.20X9,end_of_pregnancy
AtTerm,At term delivery,ICD10ES,O60.22,Term delivery with preterm labor- second trimester,"","",narrow,P,PrA,O60.22X9,end_of_pregnancy
AtTerm,At term delivery,ICD10ES,O60.23,Term delivery with preterm labor- third trimester,"","",narrow,P,PrA,O60.23X9,end_of_pregnancy
BirthNarrow,Birth classified as narrow,ICD10ES,O60.10,Preterm labor with preterm delivery- unspecified trimester,"","",narrow,P,PrA,O60.10X9,end_of_pregnancy
BirthNarrow,Birth classified as narrow,ICD10ES,O60.12,Preterm labor second trimester with preterm delivery second trimester,"","",narrow,P,PrA,O60.12X9,end_of_pregnancy
BirthNarrow,Birth classified as narrow,ICD10ES,O60.13,Preterm labor second trimester with preterm delivery third trimester,"","",narrow,P,PrA,O60.13X9,end_of_pregnancy
BirthNarrow,Birth classified as narrow,ICD10ES,O60.14,Preterm labor third trimester with preterm delivery third trimester,"","",narrow,P,PrA,O60.14X9,end_of_pregnancy
BirthNarrow,Birth classified as narrow,ICD10ES,O60.20,Term delivery with preterm labor- unspecified trimester,"","",narrow,P,PrA,O60.20X9,end_of_pregnancy
BirthNarrow,Birth classified as narrow,ICD10ES,O60.22,Term delivery with preterm labor- second trimester,"","",narrow,P,PrA,O60.22X9,end_of_pregnancy
BirthNarrow,Birth classified as narrow,ICD10ES,O60.23,Term delivery with preterm labor- third trimester,"","",narrow,P,PrA,O60.23X9,end_of_pregnancy
BirthNarrow,Birth classified as narrow,ICD10ES,O69.81,Labor and delivery complicated by cord around neck- without compression,"","",narrow,P,PrA,O69.81X9,end_of_pregnancy
BirthNarrow,Birth classified as narrow,ICD10ES,O69.82,Labor and delivery complicated by other cord entanglement- without compression,"","",narrow,P,PrA,O69.82X9,end_of_pregnancy
BirthNarrow,Birth classified as narrow,ICD10ES,O69.89,Labor and delivery complicated by other cord complications,"","",narrow,P,PrA,O69.89X9,end_of_pregnancy
OngoingPregnancy1,Ongoing Pregnancy,ICD10ES,O14.1,Severe pre-eclampsia,C0341950,Severe pre-eclampsia,narrow,P,PrA,O14.25,ongoing_pregnancy
OngoingPregnancy5,Ongoing Pregnancy,ICD10ES,O41.00,Oligohydramnios- unspecified trimester,C0079924,Oligohydramnios,narrow,P,PrA,O41.00X9,ongoing_pregnancy
OngoingPregnancy5,Ongoing Pregnancy,ICD10ES,O41.01,Oligohydramnios- first trimester,"","",narrow,P,PrA,O41.01X9,ongoing_pregnancy
OngoingPregnancy5,Ongoing Pregnancy,ICD10ES,O41.02,Oligohydramnios- second trimester,"","",narrow,P,PrA,O41.02X9,ongoing_pregnancy
OngoingPregnancy5,Ongoing Pregnancy,ICD10ES,O41.03,Oligohydramnios- third trimester,"","",narrow,P,PrA,O41.03X9,ongoing_pregnancy
Preterm,Preterm delivery,ICD10ES,O60.10,Preterm labor with preterm delivery- unspecified trimester,"","",narrow,P,PrA,O60.10X9,end_of_pregnancy
Preterm,Preterm delivery,ICD10ES,O60.12,Preterm labor second trimester with preterm delivery second trimester,"","",narrow,P,PrA,O60.12X9,end_of_pregnancy
Preterm,Preterm delivery,ICD10ES,O60.13,Preterm labor second trimester with preterm delivery third trimester,"","",narrow,P,PrA,O60.13X9,end_of_pregnancy
Preterm,Preterm delivery,ICD10ES,O60.14,Preterm labor third trimester with preterm delivery third trimester,"","",narrow,P,PrA,O60.14X9,end_of_pregnancy
StillBirth,Stillbirth,ICD10ES,O31.00,Papyraceous fetus- unspecified trimester,"","",possible,P,PrA,O31.00X9,end_of_pregnancy
StillBirth,Stillbirth,ICD10ES,O31.01,Papyraceous fetus- first trimester,"","",possible,P,PrA,O31.01X9,end_of_pregnancy
StillBirth,Stillbirth,ICD10ES,O31.02,Papyraceous fetus- second trimester,"","",possible,P,PrA,O31.02X9,end_of_pregnancy
StillBirth,Stillbirth,ICD10ES,O31.03,Papyraceous fetus- third trimester,"","",possible,P,PrA,O31.03X9,end_of_pregnancy
AtTerm,At term delivery,ICD10ES,O32.4,Maternal care for high head at term,C0495205,Maternal care for high head at term,possible,P,PrA,O32.4,end_of_pregnancy
BirthNarrow,Birth classified as narrow,ICD10ES,O32.1,Maternal care for breech presentation,C0495202,Maternal care for breech presentation,narrow,P,PrA,O32.1,end_of_pregnancy
BirthNarrow,Birth classified as narrow,ICD10ES,O32.3,Maternal care for face- brow and chin presentation,C0495204,Maternal care for face- brow and chin presentation,narrow,P,PrA,O32.3,end_of_pregnancy
BirthNarrow,Birth classified as narrow,ICD10ES,O64.0,Obstructed labor due to incomplete rotation of fetal head,"","",narrow,P,PrA,O64.0,end_of_pregnancy
BirthNarrow,Birth classified as narrow,ICD10ES,O64.1,Obstructed labor due to breech presentation,"","",narrow,P,PrA,O64.1,end_of_pregnancy
BirthNarrow,Birth classified as narrow,ICD10ES,O64.2,Obstructed labour due to face presentation,C0475557,Obstructed labor due to face presentation,narrow,P,PrA,O64.2,end_of_pregnancy
BirthNarrow,Birth classified as narrow,ICD10ES,O64.3,Obstructed labor due to brow presentation,"","",narrow,P,PrA,O64.3,end_of_pregnancy
BirthNarrow,Birth classified as narrow,ICD10ES,O64.4,Obstructed labor due to shoulder presentation,"","",narrow,P,PrA,O64.4,end_of_pregnancy
BirthNarrow,Birth classified as narrow,ICD10ES,O64.5,Obstructed labor due to compound presentation,"","",narrow,P,PrA,O64.5,end_of_pregnancy
BirthNarrow,Birth classified as narrow,ICD10ES,O64.8,Obstructed labor due to other malposition and malpresentation,"","",narrow,P,PrA,O64.8,end_of_pregnancy
BirthNarrow,Birth classified as narrow,ICD10ES,O64.9,Obstructed labor due to malposition and malpresentation- unspecified,"","",narrow,P,PrA,O64.9,end_of_pregnancy
BirthNarrow,Birth classified as narrow,ICD10ES,O69.0,Labour and delivery complicated by prolapse of cord - Labor and delivery complicated by prolapse of cord,"","",narrow,P,PrA,O69.0,end_of_pregnancy
BirthNarrow,Birth classified as narrow,ICD10ES,O69.1,Labour and delivery complicated by cord around neck- with compression - Labor and delivery complicated by cord around neck- with compression,"","",narrow,P,PrA,O69.1,end_of_pregnancy
BirthNarrow,Birth classified as narrow,ICD10ES,O69.2,Labor and delivery complicated by other cord entanglement- with compression - Labour and delivery complicated by other cord entanglement- with compression,"","",narrow,P,PrA,O69.2,end_of_pregnancy
BirthNarrow,Birth classified as narrow,ICD10ES,O69.3,Labor and delivery complicated by short cord - Labour and delivery complicated by short cord,"","",narrow,P,PrA,O69.3,end_of_pregnancy
BirthNarrow,Birth classified as narrow,ICD10ES,O69.4,Labour and delivery complicated by vasa praevia - Labor and delivery complicated by vasa previa,"","",narrow,P,PrA,O69.4,end_of_pregnancy
BirthNarrow,Birth classified as narrow,ICD10ES,O69.5,Labour and delivery complicated by vascular lesion of cord - Labor and delivery complicated by vascular lesion of cord,"","",narrow,P,PrA,O69.5,end_of_pregnancy
BirthNarrow,Birth classified as narrow,ICD10ES,O69.9,Labour and delivery complicated by cord complication- unspecified - Labor and delivery complicated by cord complication- unspecified,"","",narrow,P,PrA,O69.9,end_of_pregnancy
OngoingPregnancy7,Ongoing Pregnancy,ICD10ES,O14.10,Severe pre-eclampsia- unspecified trimester,"","",narrow,P,PrA,O14,ongoing_pregnancy
OngoingPregnancy7,Ongoing Pregnancy,ICD10ES,O24.4,Diabetes mellitus arising in pregnancy,C0085207,Gestational Diabetes,narrow,P,PrA,O24.4,ongoing_pregnancy
OngoingPregnancy2,Ongoing Pregnancy,ICD10ES,O24.41,Gestational diabetes mellitus in pregnancy,"","",narrow,P,PrA,O24.4,ongoing_pregnancy
OngoingPregnancy5,Ongoing Pregnancy,ICD10ES,O40.1,Polyhydramnios- first trimester,"","",narrow,P,PrA,O40.1,ongoing_pregnancy
OngoingPregnancy7,Ongoing Pregnancy,ICD10ES,O40.1,Polyhydramnios- first trimester,"","",narrow,P,PrA,O40.1,ongoing_pregnancy
OngoingPregnancy5,Ongoing Pregnancy,ICD10ES,O40.2,Polyhydramnios- second trimester,"","",narrow,P,PrA,O40.2,ongoing_pregnancy
OngoingPregnancy7,Ongoing Pregnancy,ICD10ES,O40.2,Polyhydramnios- second trimester,"","",narrow,P,PrA,O40.2,ongoing_pregnancy
OngoingPregnancy5,Ongoing Pregnancy,ICD10ES,O40.3,Polyhydramnios- third trimester,"","",narrow,P,PrA,O40.3,ongoing_pregnancy
OngoingPregnancy7,Ongoing Pregnancy,ICD10ES,O40.3,Polyhydramnios- third trimester,"","",narrow,P,PrA,O40.3,ongoing_pregnancy
OngoingPregnancy5,Ongoing Pregnancy,ICD10ES,O40.9,Polyhydramnios- unspecified trimester,"","",narrow,P,PrA,O40.9,ongoing_pregnancy
OngoingPregnancy7,Ongoing Pregnancy,ICD10ES,O40.9,Polyhydramnios- unspecified trimester,"","",narrow,P,PrA,O40.9,ongoing_pregnancy
StillBirth,Stillbirth,ICD10ES,O36.4,Maternal care for intrauterine death,C0495237,Maternal care for intrauterine death,possible,P,PrA,O36.4,end_of_pregnancy
AtTerm,At term delivery,ICD10ES,O32.4,Maternal care for high head at term,C0495205,Maternal care for high head at term,possible,P,PrA,O32.4X,end_of_pregnancy
BirthNarrow,Birth classified as narrow,ICD10ES,O32.1,Maternal care for breech presentation,C0495202,Maternal care for breech presentation,narrow,P,PrA,O32.1X,end_of_pregnancy
BirthNarrow,Birth classified as narrow,ICD10ES,O32.3,Maternal care for face- brow and chin presentation,C0495204,Maternal care for face- brow and chin presentation,narrow,P,PrA,O32.3X,end_of_pregnancy
BirthNarrow,Birth classified as narrow,ICD10ES,O64.0,Obstructed labor due to incomplete rotation of fetal head,"","",narrow,P,PrA,O64.0X,end_of_pregnancy
BirthNarrow,Birth classified as narrow,ICD10ES,O64.1,Obstructed labor due to breech presentation,"","",narrow,P,PrA,O64.1X,end_of_pregnancy
BirthNarrow,Birth classified as narrow,ICD10ES,O64.2,Obstructed labour due to face presentation,C0475557,Obstructed labor due to face presentation,narrow,P,PrA,O64.2X,end_of_pregnancy
BirthNarrow,Birth classified as narrow,ICD10ES,O64.3,Obstructed labor due to brow presentation,"","",narrow,P,PrA,O64.3X,end_of_pregnancy
BirthNarrow,Birth classified as narrow,ICD10ES,O64.4,Obstructed labor due to shoulder presentation,"","",narrow,P,PrA,O64.4X,end_of_pregnancy
BirthNarrow,Birth classified as narrow,ICD10ES,O64.5,Obstructed labor due to compound presentation,"","",narrow,P,PrA,O64.5X,end_of_pregnancy
BirthNarrow,Birth classified as narrow,ICD10ES,O64.8,Obstructed labor due to other malposition and malpresentation,"","",narrow,P,PrA,O64.8X,end_of_pregnancy
BirthNarrow,Birth classified as narrow,ICD10ES,O64.9,Obstructed labor due to malposition and malpresentation- unspecified,"","",narrow,P,PrA,O64.9X,end_of_pregnancy
BirthNarrow,Birth classified as narrow,ICD10ES,O69.0,Labour and delivery complicated by prolapse of cord - Labor and delivery complicated by prolapse of cord,"","",narrow,P,PrA,O69.0X,end_of_pregnancy
BirthNarrow,Birth classified as narrow,ICD10ES,O69.1,Labour and delivery complicated by cord around neck- with compression - Labor and delivery complicated by cord around neck- with compression,"","",narrow,P,PrA,O69.1X,end_of_pregnancy
BirthNarrow,Birth classified as narrow,ICD10ES,O69.2,Labor and delivery complicated by other cord entanglement- with compression - Labour and delivery complicated by other cord entanglement- with compression,"","",narrow,P,PrA,O69.2X,end_of_pregnancy
BirthNarrow,Birth classified as narrow,ICD10ES,O69.3,Labor and delivery complicated by short cord - Labour and delivery complicated by short cord,"","",narrow,P,PrA,O69.3X,end_of_pregnancy
BirthNarrow,Birth classified as narrow,ICD10ES,O69.4,Labour and delivery complicated by vasa praevia - Labor and delivery complicated by vasa previa,"","",narrow,P,PrA,O69.4X,end_of_pregnancy
BirthNarrow,Birth classified as narrow,ICD10ES,O69.5,Labour and delivery complicated by vascular lesion of cord - Labor and delivery complicated by vascular lesion of cord,"","",narrow,P,PrA,O69.5X,end_of_pregnancy
BirthNarrow,Birth classified as narrow,ICD10ES,O69.9,Labour and delivery complicated by cord complication- unspecified - Labor and delivery complicated by cord complication- unspecified,"","",narrow,P,PrA,O69.9X,end_of_pregnancy
OngoingPregnancy7,Ongoing Pregnancy,ICD10ES,O14.10,Severe pre-eclampsia- unspecified trimester,"","",narrow,P,PrA,O14.0,ongoing_pregnancy
OngoingPregnancy7,Ongoing Pregnancy,ICD10ES,O24.4,Diabetes mellitus arising in pregnancy,C0085207,Gestational Diabetes,narrow,P,PrA,O24.41,ongoing_pregnancy
OngoingPregnancy2,Ongoing Pregnancy,ICD10ES,O24.41,Gestational diabetes mellitus in pregnancy,"","",narrow,P,PrA,O24.41,ongoing_pregnancy
OngoingPregnancy5,Ongoing Pregnancy,ICD10ES,O40.1,Polyhydramnios- first trimester,"","",narrow,P,PrA,O40.1X,ongoing_pregnancy
OngoingPregnancy7,Ongoing Pregnancy,ICD10ES,O40.1,Polyhydramnios- first trimester,"","",narrow,P,PrA,O40.1X,ongoing_pregnancy
OngoingPregnancy5,Ongoing Pregnancy,ICD10ES,O40.2,Polyhydramnios- second trimester,"","",narrow,P,PrA,O40.2X,ongoing_pregnancy
OngoingPregnancy7,Ongoing Pregnancy,ICD10ES,O40.2,Polyhydramnios- second trimester,"","",narrow,P,PrA,O40.2X,ongoing_pregnancy
OngoingPregnancy5,Ongoing Pregnancy,ICD10ES,O40.3,Polyhydramnios- third trimester,"","",narrow,P,PrA,O40.3X,ongoing_pregnancy
OngoingPregnancy7,Ongoing Pregnancy,ICD10ES,O40.3,Polyhydramnios- third trimester,"","",narrow,P,PrA,O40.3X,ongoing_pregnancy
OngoingPregnancy5,Ongoing Pregnancy,ICD10ES,O40.9,Polyhydramnios- unspecified trimester,"","",narrow,P,PrA,O40.9X,ongoing_pregnancy
OngoingPregnancy7,Ongoing Pregnancy,ICD10ES,O40.9,Polyhydramnios- unspecified trimester,"","",narrow,P,PrA,O40.9X,ongoing_pregnancy
StillBirth,Stillbirth,ICD10ES,O36.4,Maternal care for intrauterine death,C0495237,Maternal care for intrauterine death,possible,P,PrA,O36.4X,end_of_pregnancy
AtTerm,At term delivery,ICD10ES,O32.4,Maternal care for high head at term,C0495205,Maternal care for high head at term,possible,P,PrA,O32.XX,end_of_pregnancy
BirthNarrow,Birth classified as narrow,ICD10ES,O32.1,Maternal care for breech presentation,C0495202,Maternal care for breech presentation,narrow,P,PrA,O32.1XX,end_of_pregnancy
BirthNarrow,Birth classified as narrow,ICD10ES,O32.3,Maternal care for face- brow and chin presentation,C0495204,Maternal care for face- brow and chin presentation,narrow,P,PrA,O32.3XX,end_of_pregnancy
BirthNarrow,Birth classified as narrow,ICD10ES,O64.0,Obstructed labor due to incomplete rotation of fetal head,"","",narrow,P,PrA,O64.0XX,end_of_pregnancy
BirthNarrow,Birth classified as narrow,ICD10ES,O64.1,Obstructed labor due to breech presentation,"","",narrow,P,PrA,O64.1XX,end_of_pregnancy
BirthNarrow,Birth classified as narrow,ICD10ES,O64.2,Obstructed labour due to face presentation,C0475557,Obstructed labor due to face presentation,narrow,P,PrA,O64.2XX,end_of_pregnancy
BirthNarrow,Birth classified as narrow,ICD10ES,O64.3,Obstructed labor due to brow presentation,"","",narrow,P,PrA,O64.3XX,end_of_pregnancy
BirthNarrow,Birth classified as narrow,ICD10ES,O64.4,Obstructed labor due to shoulder presentation,"","",narrow,P,PrA,O64.4XX,end_of_pregnancy
BirthNarrow,Birth classified as narrow,ICD10ES,O64.5,Obstructed labor due to compound presentation,"","",narrow,P,PrA,O64.5XX,end_of_pregnancy
BirthNarrow,Birth classified as narrow,ICD10ES,O64.8,Obstructed labor due to other malposition and malpresentation,"","",narrow,P,PrA,O64.8XX,end_of_pregnancy
BirthNarrow,Birth classified as narrow,ICD10ES,O64.9,Obstructed labor due to malposition and malpresentation- unspecified,"","",narrow,P,PrA,O64.9XX,end_of_pregnancy
BirthNarrow,Birth classified as narrow,ICD10ES,O69.0,Labour and delivery complicated by prolapse of cord - Labor and delivery complicated by prolapse of cord,"","",narrow,P,PrA,O69.0XX,end_of_pregnancy
BirthNarrow,Birth classified as narrow,ICD10ES,O69.1,Labour and delivery complicated by cord around neck- with compression - Labor and delivery complicated by cord around neck- with compression,"","",narrow,P,PrA,O69.1XX,end_of_pregnancy
BirthNarrow,Birth classified as narrow,ICD10ES,O69.2,Labor and delivery complicated by other cord entanglement- with compression - Labour and delivery complicated by other cord entanglement- with compression,"","",narrow,P,PrA,O69.2XX,end_of_pregnancy
BirthNarrow,Birth classified as narrow,ICD10ES,O69.3,Labor and delivery complicated by short cord - Labour and delivery complicated by short cord,"","",narrow,P,PrA,O69.3XX,end_of_pregnancy
BirthNarrow,Birth classified as narrow,ICD10ES,O69.4,Labour and delivery complicated by vasa praevia - Labor and delivery complicated by vasa previa,"","",narrow,P,PrA,O69.4XX,end_of_pregnancy
BirthNarrow,Birth classified as narrow,ICD10ES,O69.5,Labour and delivery complicated by vascular lesion of cord - Labor and delivery complicated by vascular lesion of cord,"","",narrow,P,PrA,O69.5XX,end_of_pregnancy
BirthNarrow,Birth classified as narrow,ICD10ES,O69.9,Labour and delivery complicated by cord complication- unspecified - Labor and delivery complicated by cord complication- unspecified,"","",narrow,P,PrA,O69.9XX,end_of_pregnancy
OngoingPregnancy7,Ongoing Pregnancy,ICD10ES,O14.10,Severe pre-eclampsia- unspecified trimester,"","",narrow,P,PrA,O14.00,ongoing_pregnancy
OngoingPregnancy7,Ongoing Pregnancy,ICD10ES,O24.4,Diabetes mellitus arising in pregnancy,C0085207,Gestational Diabetes,narrow,P,PrA,O24.410,ongoing_pregnancy
OngoingPregnancy2,Ongoing Pregnancy,ICD10ES,O24.41,Gestational diabetes mellitus in pregnancy,"","",narrow,P,PrA,O24.410,ongoing_pregnancy
OngoingPregnancy5,Ongoing Pregnancy,ICD10ES,O40.1,Polyhydramnios- first trimester,"","",narrow,P,PrA,O40.1XX,ongoing_pregnancy
OngoingPregnancy7,Ongoing Pregnancy,ICD10ES,O40.1,Polyhydramnios- first trimester,"","",narrow,P,PrA,O40.1XX,ongoing_pregnancy
OngoingPregnancy5,Ongoing Pregnancy,ICD10ES,O40.2,Polyhydramnios- second trimester,"","",narrow,P,PrA,O40.2XX,ongoing_pregnancy
OngoingPregnancy7,Ongoing Pregnancy,ICD10ES,O40.2,Polyhydramnios- second trimester,"","",narrow,P,PrA,O40.2XX,ongoing_pregnancy
OngoingPregnancy5,Ongoing Pregnancy,ICD10ES,O40.3,Polyhydramnios- third trimester,"","",narrow,P,PrA,O40.3XX,ongoing_pregnancy
OngoingPregnancy7,Ongoing Pregnancy,ICD10ES,O40.3,Polyhydramnios- third trimester,"","",narrow,P,PrA,O40.3XX,ongoing_pregnancy
OngoingPregnancy5,Ongoing Pregnancy,ICD10ES,O40.9,Polyhydramnios- unspecified trimester,"","",narrow,P,PrA,O40.9XX,ongoing_pregnancy
OngoingPregnancy7,Ongoing Pregnancy,ICD10ES,O40.9,Polyhydramnios- unspecified trimester,"","",narrow,P,PrA,O40.9XX,ongoing_pregnancy
StillBirth,Stillbirth,ICD10ES,O36.4,Maternal care for intrauterine death,C0495237,Maternal care for intrauterine death,possible,P,PrA,O36.4XX,end_of_pregnancy
AtTerm,At term delivery,ICD10ES,O32.4,Maternal care for high head at term,C0495205,Maternal care for high head at term,possible,P,PrA,O32.4XX0,end_of_pregnancy
BirthNarrow,Birth classified as narrow,ICD10ES,O32.1,Maternal care for breech presentation,C0495202,Maternal care for breech presentation,narrow,P,PrA,O32.1XX0,end_of_pregnancy
BirthNarrow,Birth classified as narrow,ICD10ES,O32.3,Maternal care for face- brow and chin presentation,C0495204,Maternal care for face- brow and chin presentation,narrow,P,PrA,O32.3XX0,end_of_pregnancy
BirthNarrow,Birth classified as narrow,ICD10ES,O64.0,Obstructed labor due to incomplete rotation of fetal head,"","",narrow,P,PrA,O64.0XX0,end_of_pregnancy
BirthNarrow,Birth classified as narrow,ICD10ES,O64.1,Obstructed labor due to breech presentation,"","",narrow,P,PrA,O64.1XX0,end_of_pregnancy
BirthNarrow,Birth classified as narrow,ICD10ES,O64.2,Obstructed labour due to face presentation,C0475557,Obstructed labor due to face presentation,narrow,P,PrA,O64.2XX0,end_of_pregnancy
BirthNarrow,Birth classified as narrow,ICD10ES,O64.3,Obstructed labor due to brow presentation,"","",narrow,P,PrA,O64.3XX0,end_of_pregnancy
BirthNarrow,Birth classified as narrow,ICD10ES,O64.4,Obstructed labor due to shoulder presentation,"","",narrow,P,PrA,O64.4XX0,end_of_pregnancy
BirthNarrow,Birth classified as narrow,ICD10ES,O64.5,Obstructed labor due to compound presentation,"","",narrow,P,PrA,O64.5XX0,end_of_pregnancy
BirthNarrow,Birth classified as narrow,ICD10ES,O64.8,Obstructed labor due to other malposition and malpresentation,"","",narrow,P,PrA,O64.8XX0,end_of_pregnancy
BirthNarrow,Birth classified as narrow,ICD10ES,O64.9,Obstructed labor due to malposition and malpresentation- unspecified,"","",narrow,P,PrA,O64.9XX0,end_of_pregnancy
BirthNarrow,Birth classified as narrow,ICD10ES,O69.0,Labour and delivery complicated by prolapse of cord - Labor and delivery complicated by prolapse of cord,"","",narrow,P,PrA,O69.0XX0,end_of_pregnancy
BirthNarrow,Birth classified as narrow,ICD10ES,O69.1,Labour and delivery complicated by cord around neck- with compression - Labor and delivery complicated by cord around neck- with compression,"","",narrow,P,PrA,O69.1XX0,end_of_pregnancy
BirthNarrow,Birth classified as narrow,ICD10ES,O69.2,Labor and delivery complicated by other cord entanglement- with compression - Labour and delivery complicated by other cord entanglement- with compression,"","",narrow,P,PrA,O69.2XX0,end_of_pregnancy
BirthNarrow,Birth classified as narrow,ICD10ES,O69.3,Labor and delivery complicated by short cord - Labour and delivery complicated by short cord,"","",narrow,P,PrA,O69.3XX0,end_of_pregnancy
BirthNarrow,Birth classified as narrow,ICD10ES,O69.4,Labour and delivery complicated by vasa praevia - Labor and delivery complicated by vasa previa,"","",narrow,P,PrA,O69.4XX0,end_of_pregnancy
BirthNarrow,Birth classified as narrow,ICD10ES,O69.5,Labour and delivery complicated by vascular lesion of cord - Labor and delivery complicated by vascular lesion of cord,"","",narrow,P,PrA,O69.5XX0,end_of_pregnancy
BirthNarrow,Birth classified as narrow,ICD10ES,O69.9,Labour and delivery complicated by cord complication- unspecified - Labor and delivery complicated by cord complication- unspecified,"","",narrow,P,PrA,O69.9XX0,end_of_pregnancy
OngoingPregnancy7,Ongoing Pregnancy,ICD10ES,O14.10,Severe pre-eclampsia- unspecified trimester,"","",narrow,P,PrA,O14.02,ongoing_pregnancy
OngoingPregnancy7,Ongoing Pregnancy,ICD10ES,O24.4,Diabetes mellitus arising in pregnancy,C0085207,Gestational Diabetes,narrow,P,PrA,O24.414,ongoing_pregnancy
OngoingPregnancy2,Ongoing Pregnancy,ICD10ES,O24.41,Gestational diabetes mellitus in pregnancy,"","",narrow,P,PrA,O24.414,ongoing_pregnancy
OngoingPregnancy5,Ongoing Pregnancy,ICD10ES,O40.1,Polyhydramnios- first trimester,"","",narrow,P,PrA,O40.1XX0,ongoing_pregnancy
OngoingPregnancy7,Ongoing Pregnancy,ICD10ES,O40.1,Polyhydramnios- first trimester,"","",narrow,P,PrA,O40.1XX0,ongoing_pregnancy
OngoingPregnancy5,Ongoing Pregnancy,ICD10ES,O40.2,Polyhydramnios- second trimester,"","",narrow,P,PrA,O40.2XX0,ongoing_pregnancy
OngoingPregnancy7,Ongoing Pregnancy,ICD10ES,O40.2,Polyhydramnios- second trimester,"","",narrow,P,PrA,O40.2XX0,ongoing_pregnancy
OngoingPregnancy5,Ongoing Pregnancy,ICD10ES,O40.3,Polyhydramnios- third trimester,"","",narrow,P,PrA,O40.3XX0,ongoing_pregnancy
OngoingPregnancy7,Ongoing Pregnancy,ICD10ES,O40.3,Polyhydramnios- third trimester,"","",narrow,P,PrA,O40.3XX0,ongoing_pregnancy
OngoingPregnancy5,Ongoing Pregnancy,ICD10ES,O40.9,Polyhydramnios- unspecified trimester,"","",narrow,P,PrA,O40.9XX0,ongoing_pregnancy
OngoingPregnancy7,Ongoing Pregnancy,ICD10ES,O40.9,Polyhydramnios- unspecified trimester,"","",narrow,P,PrA,O40.9XX0,ongoing_pregnancy
StillBirth,Stillbirth,ICD10ES,O36.4,Maternal care for intrauterine death,C0495237,Maternal care for intrauterine death,possible,P,PrA,O36.4XX0,end_of_pregnancy
AtTerm,At term delivery,ICD10ES,O32.4,Maternal care for high head at term,C0495205,Maternal care for high head at term,possible,P,PrA,O32.4XX1,end_of_pregnancy
BirthNarrow,Birth classified as narrow,ICD10ES,O32.1,Maternal care for breech presentation,C0495202,Maternal care for breech presentation,narrow,P,PrA,O32.1XX1,end_of_pregnancy
BirthNarrow,Birth classified as narrow,ICD10ES,O32.3,Maternal care for face- brow and chin presentation,C0495204,Maternal care for face- brow and chin presentation,narrow,P,PrA,O32.3XX1,end_of_pregnancy
BirthNarrow,Birth classified as narrow,ICD10ES,O64.0,Obstructed labor due to incomplete rotation of fetal head,"","",narrow,P,PrA,O64.0XX1,end_of_pregnancy
BirthNarrow,Birth classified as narrow,ICD10ES,O64.1,Obstructed labor due to breech presentation,"","",narrow,P,PrA,O64.1XX1,end_of_pregnancy
BirthNarrow,Birth classified as narrow,ICD10ES,O64.2,Obstructed labour due to face presentation,C0475557,Obstructed labor due to face presentation,narrow,P,PrA,O64.2XX1,end_of_pregnancy
BirthNarrow,Birth classified as narrow,ICD10ES,O64.3,Obstructed labor due to brow presentation,"","",narrow,P,PrA,O64.3XX1,end_of_pregnancy
BirthNarrow,Birth classified as narrow,ICD10ES,O64.4,Obstructed labor due to shoulder presentation,"","",narrow,P,PrA,O64.4XX1,end_of_pregnancy
BirthNarrow,Birth classified as narrow,ICD10ES,O64.5,Obstructed labor due to compound presentation,"","",narrow,P,PrA,O64.5XX1,end_of_pregnancy
BirthNarrow,Birth classified as narrow,ICD10ES,O64.8,Obstructed labor due to other malposition and malpresentation,"","",narrow,P,PrA,O64.8XX1,end_of_pregnancy
BirthNarrow,Birth classified as narrow,ICD10ES,O64.9,Obstructed labor due to malposition and malpresentation- unspecified,"","",narrow,P,PrA,O64.9XX1,end_of_pregnancy
BirthNarrow,Birth classified as narrow,ICD10ES,O69.0,Labour and delivery complicated by prolapse of cord - Labor and delivery complicated by prolapse of cord,"","",narrow,P,PrA,O69.0XX1,end_of_pregnancy
BirthNarrow,Birth classified as narrow,ICD10ES,O69.1,Labour and delivery complicated by cord around neck- with compression - Labor and delivery complicated by cord around neck- with compression,"","",narrow,P,PrA,O69.1XX1,end_of_pregnancy
BirthNarrow,Birth classified as narrow,ICD10ES,O69.2,Labor and delivery complicated by other cord entanglement- with compression - Labour and delivery complicated by other cord entanglement- with compression,"","",narrow,P,PrA,O69.2XX1,end_of_pregnancy
BirthNarrow,Birth classified as narrow,ICD10ES,O69.3,Labor and delivery complicated by short cord - Labour and delivery complicated by short cord,"","",narrow,P,PrA,O69.3XX1,end_of_pregnancy
BirthNarrow,Birth classified as narrow,ICD10ES,O69.4,Labour and delivery complicated by vasa praevia - Labor and delivery complicated by vasa previa,"","",narrow,P,PrA,O69.4XX1,end_of_pregnancy
BirthNarrow,Birth classified as narrow,ICD10ES,O69.5,Labour and delivery complicated by vascular lesion of cord - Labor and delivery complicated by vascular lesion of cord,"","",narrow,P,PrA,O69.5XX1,end_of_pregnancy
BirthNarrow,Birth classified as narrow,ICD10ES,O69.9,Labour and delivery complicated by cord complication- unspecified - Labor and delivery complicated by cord complication- unspecified,"","",narrow,P,PrA,O69.9XX1,end_of_pregnancy
OngoingPregnancy7,Ongoing Pregnancy,ICD10ES,O14.10,Severe pre-eclampsia- unspecified trimester,"","",narrow,P,PrA,O14.03,ongoing_pregnancy
OngoingPregnancy7,Ongoing Pregnancy,ICD10ES,O24.4,Diabetes mellitus arising in pregnancy,C0085207,Gestational Diabetes,narrow,P,PrA,O24.415,ongoing_pregnancy
OngoingPregnancy2,Ongoing Pregnancy,ICD10ES,O24.41,Gestational diabetes mellitus in pregnancy,"","",narrow,P,PrA,O24.415,ongoing_pregnancy
OngoingPregnancy5,Ongoing Pregnancy,ICD10ES,O40.1,Polyhydramnios- first trimester,"","",narrow,P,PrA,O40.1XX1,ongoing_pregnancy
OngoingPregnancy7,Ongoing Pregnancy,ICD10ES,O40.1,Polyhydramnios- first trimester,"","",narrow,P,PrA,O40.1XX1,ongoing_pregnancy
OngoingPregnancy5,Ongoing Pregnancy,ICD10ES,O40.2,Polyhydramnios- second trimester,"","",narrow,P,PrA,O40.2XX1,ongoing_pregnancy
OngoingPregnancy7,Ongoing Pregnancy,ICD10ES,O40.2,Polyhydramnios- second trimester,"","",narrow,P,PrA,O40.2XX1,ongoing_pregnancy
OngoingPregnancy5,Ongoing Pregnancy,ICD10ES,O40.3,Polyhydramnios- third trimester,"","",narrow,P,PrA,O40.3XX1,ongoing_pregnancy
OngoingPregnancy7,Ongoing Pregnancy,ICD10ES,O40.3,Polyhydramnios- third trimester,"","",narrow,P,PrA,O40.3XX1,ongoing_pregnancy
OngoingPregnancy5,Ongoing Pregnancy,ICD10ES,O40.9,Polyhydramnios- unspecified trimester,"","",narrow,P,PrA,O40.9XX1,ongoing_pregnancy
OngoingPregnancy7,Ongoing Pregnancy,ICD10ES,O40.9,Polyhydramnios- unspecified trimester,"","",narrow,P,PrA,O40.9XX1,ongoing_pregnancy
StillBirth,Stillbirth,ICD10ES,O36.4,Maternal care for intrauterine death,C0495237,Maternal care for intrauterine death,possible,P,PrA,O36.4XX1,end_of_pregnancy
AtTerm,At term delivery,ICD10ES,O32.4,Maternal care for high head at term,C0495205,Maternal care for high head at term,possible,P,PrA,O32.4XX2,end_of_pregnancy
BirthNarrow,Birth classified as narrow,ICD10ES,O32.1,Maternal care for breech presentation,C0495202,Maternal care for breech presentation,narrow,P,PrA,O32.1XX2,end_of_pregnancy
BirthNarrow,Birth classified as narrow,ICD10ES,O32.3,Maternal care for face- brow and chin presentation,C0495204,Maternal care for face- brow and chin presentation,narrow,P,PrA,O32.3XX2,end_of_pregnancy
BirthNarrow,Birth classified as narrow,ICD10ES,O64.0,Obstructed labor due to incomplete rotation of fetal head,"","",narrow,P,PrA,O64.0XX2,end_of_pregnancy
BirthNarrow,Birth classified as narrow,ICD10ES,O64.1,Obstructed labor due to breech presentation,"","",narrow,P,PrA,O64.1XX2,end_of_pregnancy
BirthNarrow,Birth classified as narrow,ICD10ES,O64.2,Obstructed labour due to face presentation,C0475557,Obstructed labor due to face presentation,narrow,P,PrA,O64.2XX2,end_of_pregnancy
BirthNarrow,Birth classified as narrow,ICD10ES,O64.3,Obstructed labor due to brow presentation,"","",narrow,P,PrA,O64.3XX2,end_of_pregnancy
BirthNarrow,Birth classified as narrow,ICD10ES,O64.4,Obstructed labor due to shoulder presentation,"","",narrow,P,PrA,O64.4XX2,end_of_pregnancy
BirthNarrow,Birth classified as narrow,ICD10ES,O64.5,Obstructed labor due to compound presentation,"","",narrow,P,PrA,O64.5XX2,end_of_pregnancy
BirthNarrow,Birth classified as narrow,ICD10ES,O64.8,Obstructed labor due to other malposition and malpresentation,"","",narrow,P,PrA,O64.8XX2,end_of_pregnancy
BirthNarrow,Birth classified as narrow,ICD10ES,O64.9,Obstructed labor due to malposition and malpresentation- unspecified,"","",narrow,P,PrA,O64.9XX2,end_of_pregnancy
BirthNarrow,Birth classified as narrow,ICD10ES,O69.0,Labour and delivery complicated by prolapse of cord - Labor and delivery complicated by prolapse of cord,"","",narrow,P,PrA,O69.0XX2,end_of_pregnancy
BirthNarrow,Birth classified as narrow,ICD10ES,O69.1,Labour and delivery complicated by cord around neck- with compression - Labor and delivery complicated by cord around neck- with compression,"","",narrow,P,PrA,O69.1XX2,end_of_pregnancy
BirthNarrow,Birth classified as narrow,ICD10ES,O69.2,Labor and delivery complicated by other cord entanglement- with compression - Labour and delivery complicated by other cord entanglement- with compression,"","",narrow,P,PrA,O69.2XX2,end_of_pregnancy
BirthNarrow,Birth classified as narrow,ICD10ES,O69.3,Labor and delivery complicated by short cord - Labour and delivery complicated by short cord,"","",narrow,P,PrA,O69.3XX2,end_of_pregnancy
BirthNarrow,Birth classified as narrow,ICD10ES,O69.4,Labour and delivery complicated by vasa praevia - Labor and delivery complicated by vasa previa,"","",narrow,P,PrA,O69.4XX2,end_of_pregnancy
BirthNarrow,Birth classified as narrow,ICD10ES,O69.5,Labour and delivery complicated by vascular lesion of cord - Labor and delivery complicated by vascular lesion of cord,"","",narrow,P,PrA,O69.5XX2,end_of_pregnancy
BirthNarrow,Birth classified as narrow,ICD10ES,O69.9,Labour and delivery complicated by cord complication- unspecified - Labor and delivery complicated by cord complication- unspecified,"","",narrow,P,PrA,O69.9XX2,end_of_pregnancy
OngoingPregnancy7,Ongoing Pregnancy,ICD10ES,O14.10,Severe pre-eclampsia- unspecified trimester,"","",narrow,P,PrA,O14.04,ongoing_pregnancy
OngoingPregnancy7,Ongoing Pregnancy,ICD10ES,O24.4,Diabetes mellitus arising in pregnancy,C0085207,Gestational Diabetes,narrow,P,PrA,O24.419,ongoing_pregnancy
OngoingPregnancy2,Ongoing Pregnancy,ICD10ES,O24.41,Gestational diabetes mellitus in pregnancy,"","",narrow,P,PrA,O24.419,ongoing_pregnancy
OngoingPregnancy5,Ongoing Pregnancy,ICD10ES,O40.1,Polyhydramnios- first trimester,"","",narrow,P,PrA,O40.1XX2,ongoing_pregnancy
OngoingPregnancy7,Ongoing Pregnancy,ICD10ES,O40.1,Polyhydramnios- first trimester,"","",narrow,P,PrA,O40.1XX2,ongoing_pregnancy
OngoingPregnancy5,Ongoing Pregnancy,ICD10ES,O40.2,Polyhydramnios- second trimester,"","",narrow,P,PrA,O40.2XX2,ongoing_pregnancy
OngoingPregnancy7,Ongoing Pregnancy,ICD10ES,O40.2,Polyhydramnios- second trimester,"","",narrow,P,PrA,O40.2XX2,ongoing_pregnancy
OngoingPregnancy5,Ongoing Pregnancy,ICD10ES,O40.3,Polyhydramnios- third trimester,"","",narrow,P,PrA,O40.3XX2,ongoing_pregnancy
OngoingPregnancy7,Ongoing Pregnancy,ICD10ES,O40.3,Polyhydramnios- third trimester,"","",narrow,P,PrA,O40.3XX2,ongoing_pregnancy
OngoingPregnancy5,Ongoing Pregnancy,ICD10ES,O40.9,Polyhydramnios- unspecified trimester,"","",narrow,P,PrA,O40.9XX2,ongoing_pregnancy
OngoingPregnancy7,Ongoing Pregnancy,ICD10ES,O40.9,Polyhydramnios- unspecified trimester,"","",narrow,P,PrA,O40.9XX2,ongoing_pregnancy
StillBirth,Stillbirth,ICD10ES,O36.4,Maternal care for intrauterine death,C0495237,Maternal care for intrauterine death,possible,P,PrA,O36.4XX2,end_of_pregnancy
AtTerm,At term delivery,ICD10ES,O32.4,Maternal care for high head at term,C0495205,Maternal care for high head at term,possible,P,PrA,O32.4XX3,end_of_pregnancy
BirthNarrow,Birth classified as narrow,ICD10ES,O32.1,Maternal care for breech presentation,C0495202,Maternal care for breech presentation,narrow,P,PrA,O32.1XX3,end_of_pregnancy
BirthNarrow,Birth classified as narrow,ICD10ES,O32.3,Maternal care for face- brow and chin presentation,C0495204,Maternal care for face- brow and chin presentation,narrow,P,PrA,O32.3XX3,end_of_pregnancy
BirthNarrow,Birth classified as narrow,ICD10ES,O64.0,Obstructed labor due to incomplete rotation of fetal head,"","",narrow,P,PrA,O64.0XX3,end_of_pregnancy
BirthNarrow,Birth classified as narrow,ICD10ES,O64.1,Obstructed labor due to breech presentation,"","",narrow,P,PrA,O64.1XX3,end_of_pregnancy
BirthNarrow,Birth classified as narrow,ICD10ES,O64.2,Obstructed labour due to face presentation,C0475557,Obstructed labor due to face presentation,narrow,P,PrA,O64.2XX3,end_of_pregnancy
BirthNarrow,Birth classified as narrow,ICD10ES,O64.3,Obstructed labor due to brow presentation,"","",narrow,P,PrA,O64.3XX3,end_of_pregnancy
BirthNarrow,Birth classified as narrow,ICD10ES,O64.4,Obstructed labor due to shoulder presentation,"","",narrow,P,PrA,O64.4XX3,end_of_pregnancy
BirthNarrow,Birth classified as narrow,ICD10ES,O64.5,Obstructed labor due to compound presentation,"","",narrow,P,PrA,O64.5XX3,end_of_pregnancy
BirthNarrow,Birth classified as narrow,ICD10ES,O64.8,Obstructed labor due to other malposition and malpresentation,"","",narrow,P,PrA,O64.8XX3,end_of_pregnancy
BirthNarrow,Birth classified as narrow,ICD10ES,O64.9,Obstructed labor due to malposition and malpresentation- unspecified,"","",narrow,P,PrA,O64.9XX3,end_of_pregnancy
BirthNarrow,Birth classified as narrow,ICD10ES,O69.0,Labour and delivery complicated by prolapse of cord - Labor and delivery complicated by prolapse of cord,"","",narrow,P,PrA,O69.0XX3,end_of_pregnancy
BirthNarrow,Birth classified as narrow,ICD10ES,O69.1,Labour and delivery complicated by cord around neck- with compression - Labor and delivery complicated by cord around neck- with compression,"","",narrow,P,PrA,O69.1XX3,end_of_pregnancy
BirthNarrow,Birth classified as narrow,ICD10ES,O69.2,Labor and delivery complicated by other cord entanglement- with compression - Labour and delivery complicated by other cord entanglement- with compression,"","",narrow,P,PrA,O69.2XX3,end_of_pregnancy
BirthNarrow,Birth classified as narrow,ICD10ES,O69.3,Labor and delivery complicated by short cord - Labour and delivery complicated by short cord,"","",narrow,P,PrA,O69.3XX3,end_of_pregnancy
BirthNarrow,Birth classified as narrow,ICD10ES,O69.4,Labour and delivery complicated by vasa praevia - Labor and delivery complicated by vasa previa,"","",narrow,P,PrA,O69.4XX3,end_of_pregnancy
BirthNarrow,Birth classified as narrow,ICD10ES,O69.5,Labour and delivery complicated by vascular lesion of cord - Labor and delivery complicated by vascular lesion of cord,"","",narrow,P,PrA,O69.5XX3,end_of_pregnancy
BirthNarrow,Birth classified as narrow,ICD10ES,O69.9,Labour and delivery complicated by cord complication- unspecified - Labor and delivery complicated by cord complication- unspecified,"","",narrow,P,PrA,O69.9XX3,end_of_pregnancy
OngoingPregnancy7,Ongoing Pregnancy,ICD10ES,O14.10,Severe pre-eclampsia- unspecified trimester,"","",narrow,P,PrA,O14.05,ongoing_pregnancy
OngoingPregnancy7,Ongoing Pregnancy,ICD10ES,O24.4,Diabetes mellitus arising in pregnancy,C0085207,Gestational Diabetes,narrow,P,PrA,O24.42,ongoing_pregnancy
OngoingPregnancy2,Ongoing Pregnancy,ICD10ES,O24.41,Gestational diabetes mellitus in pregnancy,"","",narrow,P,PrA,O24.42,ongoing_pregnancy
OngoingPregnancy5,Ongoing Pregnancy,ICD10ES,O40.1,Polyhydramnios- first trimester,"","",narrow,P,PrA,O40.1XX3,ongoing_pregnancy
OngoingPregnancy7,Ongoing Pregnancy,ICD10ES,O40.1,Polyhydramnios- first trimester,"","",narrow,P,PrA,O40.1XX3,ongoing_pregnancy
OngoingPregnancy5,Ongoing Pregnancy,ICD10ES,O40.2,Polyhydramnios- second trimester,"","",narrow,P,PrA,O40.2XX3,ongoing_pregnancy
OngoingPregnancy7,Ongoing Pregnancy,ICD10ES,O40.2,Polyhydramnios- second trimester,"","",narrow,P,PrA,O40.2XX3,ongoing_pregnancy
OngoingPregnancy5,Ongoing Pregnancy,ICD10ES,O40.3,Polyhydramnios- third trimester,"","",narrow,P,PrA,O40.3XX3,ongoing_pregnancy
OngoingPregnancy7,Ongoing Pregnancy,ICD10ES,O40.3,Polyhydramnios- third trimester,"","",narrow,P,PrA,O40.3XX3,ongoing_pregnancy
OngoingPregnancy5,Ongoing Pregnancy,ICD10ES,O40.9,Polyhydramnios- unspecified trimester,"","",narrow,P,PrA,O40.9XX3,ongoing_pregnancy
OngoingPregnancy7,Ongoing Pregnancy,ICD10ES,O40.9,Polyhydramnios- unspecified trimester,"","",narrow,P,PrA,O40.9XX3,ongoing_pregnancy
StillBirth,Stillbirth,ICD10ES,O36.4,Maternal care for intrauterine death,C0495237,Maternal care for intrauterine death,possible,P,PrA,O36.4XX3,end_of_pregnancy
AtTerm,At term delivery,ICD10ES,O32.4,Maternal care for high head at term,C0495205,Maternal care for high head at term,possible,P,PrA,O32.4XX4,end_of_pregnancy
BirthNarrow,Birth classified as narrow,ICD10ES,O32.1,Maternal care for breech presentation,C0495202,Maternal care for breech presentation,narrow,P,PrA,O32.1XX4,end_of_pregnancy
BirthNarrow,Birth classified as narrow,ICD10ES,O32.3,Maternal care for face- brow and chin presentation,C0495204,Maternal care for face- brow and chin presentation,narrow,P,PrA,O32.3XX4,end_of_pregnancy
BirthNarrow,Birth classified as narrow,ICD10ES,O64.0,Obstructed labor due to incomplete rotation of fetal head,"","",narrow,P,PrA,O64.0XX4,end_of_pregnancy
BirthNarrow,Birth classified as narrow,ICD10ES,O64.1,Obstructed labor due to breech presentation,"","",narrow,P,PrA,O64.1XX4,end_of_pregnancy
BirthNarrow,Birth classified as narrow,ICD10ES,O64.2,Obstructed labour due to face presentation,C0475557,Obstructed labor due to face presentation,narrow,P,PrA,O64.2XX4,end_of_pregnancy
BirthNarrow,Birth classified as narrow,ICD10ES,O64.3,Obstructed labor due to brow presentation,"","",narrow,P,PrA,O64.3XX4,end_of_pregnancy
BirthNarrow,Birth classified as narrow,ICD10ES,O64.4,Obstructed labor due to shoulder presentation,"","",narrow,P,PrA,O64.4XX4,end_of_pregnancy
BirthNarrow,Birth classified as narrow,ICD10ES,O64.5,Obstructed labor due to compound presentation,"","",narrow,P,PrA,O64.5XX4,end_of_pregnancy
BirthNarrow,Birth classified as narrow,ICD10ES,O64.8,Obstructed labor due to other malposition and malpresentation,"","",narrow,P,PrA,O64.8XX4,end_of_pregnancy
BirthNarrow,Birth classified as narrow,ICD10ES,O64.9,Obstructed labor due to malposition and malpresentation- unspecified,"","",narrow,P,PrA,O64.9XX4,end_of_pregnancy
BirthNarrow,Birth classified as narrow,ICD10ES,O69.0,Labour and delivery complicated by prolapse of cord - Labor and delivery complicated by prolapse of cord,"","",narrow,P,PrA,O69.0XX4,end_of_pregnancy
BirthNarrow,Birth classified as narrow,ICD10ES,O69.1,Labour and delivery complicated by cord around neck- with compression - Labor and delivery complicated by cord around neck- with compression,"","",narrow,P,PrA,O69.1XX4,end_of_pregnancy
BirthNarrow,Birth classified as narrow,ICD10ES,O69.2,Labor and delivery complicated by other cord entanglement- with compression - Labour and delivery complicated by other cord entanglement- with compression,"","",narrow,P,PrA,O69.2XX4,end_of_pregnancy
BirthNarrow,Birth classified as narrow,ICD10ES,O69.3,Labor and delivery complicated by short cord - Labour and delivery complicated by short cord,"","",narrow,P,PrA,O69.3XX4,end_of_pregnancy
BirthNarrow,Birth classified as narrow,ICD10ES,O69.4,Labour and delivery complicated by vasa praevia - Labor and delivery complicated by vasa previa,"","",narrow,P,PrA,O69.4XX4,end_of_pregnancy
BirthNarrow,Birth classified as narrow,ICD10ES,O69.5,Labour and delivery complicated by vascular lesion of cord - Labor and delivery complicated by vascular lesion of cord,"","",narrow,P,PrA,O69.5XX4,end_of_pregnancy
BirthNarrow,Birth classified as narrow,ICD10ES,O69.9,Labour and delivery complicated by cord complication- unspecified - Labor and delivery complicated by cord complication- unspecified,"","",narrow,P,PrA,O69.9XX4,end_of_pregnancy
OngoingPregnancy7,Ongoing Pregnancy,ICD10ES,O14.10,Severe pre-eclampsia- unspecified trimester,"","",narrow,P,PrA,O14.1,ongoing_pregnancy
OngoingPregnancy7,Ongoing Pregnancy,ICD10ES,O24.4,Diabetes mellitus arising in pregnancy,C0085207,Gestational Diabetes,narrow,P,PrA,O24.420,ongoing_pregnancy
OngoingPregnancy2,Ongoing Pregnancy,ICD10ES,O24.41,Gestational diabetes mellitus in pregnancy,"","",narrow,P,PrA,O24.420,ongoing_pregnancy
OngoingPregnancy5,Ongoing Pregnancy,ICD10ES,O40.1,Polyhydramnios- first trimester,"","",narrow,P,PrA,O40.1XX4,ongoing_pregnancy
OngoingPregnancy7,Ongoing Pregnancy,ICD10ES,O40.1,Polyhydramnios- first trimester,"","",narrow,P,PrA,O40.1XX4,ongoing_pregnancy
OngoingPregnancy5,Ongoing Pregnancy,ICD10ES,O40.2,Polyhydramnios- second trimester,"","",narrow,P,PrA,O40.2XX4,ongoing_pregnancy
OngoingPregnancy7,Ongoing Pregnancy,ICD10ES,O40.2,Polyhydramnios- second trimester,"","",narrow,P,PrA,O40.2XX4,ongoing_pregnancy
OngoingPregnancy5,Ongoing Pregnancy,ICD10ES,O40.3,Polyhydramnios- third trimester,"","",narrow,P,PrA,O40.3XX4,ongoing_pregnancy
OngoingPregnancy7,Ongoing Pregnancy,ICD10ES,O40.3,Polyhydramnios- third trimester,"","",narrow,P,PrA,O40.3XX4,ongoing_pregnancy
OngoingPregnancy5,Ongoing Pregnancy,ICD10ES,O40.9,Polyhydramnios- unspecified trimester,"","",narrow,P,PrA,O40.9XX4,ongoing_pregnancy
OngoingPregnancy7,Ongoing Pregnancy,ICD10ES,O40.9,Polyhydramnios- unspecified trimester,"","",narrow,P,PrA,O40.9XX4,ongoing_pregnancy
StillBirth,Stillbirth,ICD10ES,O36.4,Maternal care for intrauterine death,C0495237,Maternal care for intrauterine death,possible,P,PrA,O36.4XX4,end_of_pregnancy
AtTerm,At term delivery,ICD10ES,O32.4,Maternal care for high head at term,C0495205,Maternal care for high head at term,possible,P,PrA,O32.4XX5,end_of_pregnancy
BirthNarrow,Birth classified as narrow,ICD10ES,O32.1,Maternal care for breech presentation,C0495202,Maternal care for breech presentation,narrow,P,PrA,O32.1XX5,end_of_pregnancy
BirthNarrow,Birth classified as narrow,ICD10ES,O32.3,Maternal care for face- brow and chin presentation,C0495204,Maternal care for face- brow and chin presentation,narrow,P,PrA,O32.3XX5,end_of_pregnancy
BirthNarrow,Birth classified as narrow,ICD10ES,O64.0,Obstructed labor due to incomplete rotation of fetal head,"","",narrow,P,PrA,O64.0XX5,end_of_pregnancy
BirthNarrow,Birth classified as narrow,ICD10ES,O64.1,Obstructed labor due to breech presentation,"","",narrow,P,PrA,O64.1XX5,end_of_pregnancy
BirthNarrow,Birth classified as narrow,ICD10ES,O64.2,Obstructed labour due to face presentation,C0475557,Obstructed labor due to face presentation,narrow,P,PrA,O64.2XX5,end_of_pregnancy
BirthNarrow,Birth classified as narrow,ICD10ES,O64.3,Obstructed labor due to brow presentation,"","",narrow,P,PrA,O64.3XX5,end_of_pregnancy
BirthNarrow,Birth classified as narrow,ICD10ES,O64.4,Obstructed labor due to shoulder presentation,"","",narrow,P,PrA,O64.4XX5,end_of_pregnancy
BirthNarrow,Birth classified as narrow,ICD10ES,O64.5,Obstructed labor due to compound presentation,"","",narrow,P,PrA,O64.5XX5,end_of_pregnancy
BirthNarrow,Birth classified as narrow,ICD10ES,O64.8,Obstructed labor due to other malposition and malpresentation,"","",narrow,P,PrA,O64.8XX5,end_of_pregnancy
BirthNarrow,Birth classified as narrow,ICD10ES,O64.9,Obstructed labor due to malposition and malpresentation- unspecified,"","",narrow,P,PrA,O64.9XX5,end_of_pregnancy
BirthNarrow,Birth classified as narrow,ICD10ES,O69.0,Labour and delivery complicated by prolapse of cord - Labor and delivery complicated by prolapse of cord,"","",narrow,P,PrA,O69.0XX5,end_of_pregnancy
BirthNarrow,Birth classified as narrow,ICD10ES,O69.1,Labour and delivery complicated by cord around neck- with compression - Labor and delivery complicated by cord around neck- with compression,"","",narrow,P,PrA,O69.1XX5,end_of_pregnancy
BirthNarrow,Birth classified as narrow,ICD10ES,O69.2,Labor and delivery complicated by other cord entanglement- with compression - Labour and delivery complicated by other cord entanglement- with compression,"","",narrow,P,PrA,O69.2XX5,end_of_pregnancy
BirthNarrow,Birth classified as narrow,ICD10ES,O69.3,Labor and delivery complicated by short cord - Labour and delivery complicated by short cord,"","",narrow,P,PrA,O69.3XX5,end_of_pregnancy
BirthNarrow,Birth classified as narrow,ICD10ES,O69.4,Labour and delivery complicated by vasa praevia - Labor and delivery complicated by vasa previa,"","",narrow,P,PrA,O69.4XX5,end_of_pregnancy
BirthNarrow,Birth classified as narrow,ICD10ES,O69.5,Labour and delivery complicated by vascular lesion of cord - Labor and delivery complicated by vascular lesion of cord,"","",narrow,P,PrA,O69.5XX5,end_of_pregnancy
BirthNarrow,Birth classified as narrow,ICD10ES,O69.9,Labour and delivery complicated by cord complication- unspecified - Labor and delivery complicated by cord complication- unspecified,"","",narrow,P,PrA,O69.9XX5,end_of_pregnancy
OngoingPregnancy7,Ongoing Pregnancy,ICD10ES,O14.10,Severe pre-eclampsia- unspecified trimester,"","",narrow,P,PrA,O14.10,ongoing_pregnancy
OngoingPregnancy7,Ongoing Pregnancy,ICD10ES,O24.4,Diabetes mellitus arising in pregnancy,C0085207,Gestational Diabetes,narrow,P,PrA,O24.424,ongoing_pregnancy
OngoingPregnancy2,Ongoing Pregnancy,ICD10ES,O24.41,Gestational diabetes mellitus in pregnancy,"","",narrow,P,PrA,O24.424,ongoing_pregnancy
OngoingPregnancy5,Ongoing Pregnancy,ICD10ES,O40.1,Polyhydramnios- first trimester,"","",narrow,P,PrA,O40.1XX5,ongoing_pregnancy
OngoingPregnancy7,Ongoing Pregnancy,ICD10ES,O40.1,Polyhydramnios- first trimester,"","",narrow,P,PrA,O40.1XX5,ongoing_pregnancy
OngoingPregnancy5,Ongoing Pregnancy,ICD10ES,O40.2,Polyhydramnios- second trimester,"","",narrow,P,PrA,O40.2XX5,ongoing_pregnancy
OngoingPregnancy7,Ongoing Pregnancy,ICD10ES,O40.2,Polyhydramnios- second trimester,"","",narrow,P,PrA,O40.2XX5,ongoing_pregnancy
OngoingPregnancy5,Ongoing Pregnancy,ICD10ES,O40.3,Polyhydramnios- third trimester,"","",narrow,P,PrA,O40.3XX5,ongoing_pregnancy
OngoingPregnancy7,Ongoing Pregnancy,ICD10ES,O40.3,Polyhydramnios- third trimester,"","",narrow,P,PrA,O40.3XX5,ongoing_pregnancy
OngoingPregnancy5,Ongoing Pregnancy,ICD10ES,O40.9,Polyhydramnios- unspecified trimester,"","",narrow,P,PrA,O40.9XX5,ongoing_pregnancy
OngoingPregnancy7,Ongoing Pregnancy,ICD10ES,O40.9,Polyhydramnios- unspecified trimester,"","",narrow,P,PrA,O40.9XX5,ongoing_pregnancy
StillBirth,Stillbirth,ICD10ES,O36.4,Maternal care for intrauterine death,C0495237,Maternal care for intrauterine death,possible,P,PrA,O36.4XX5,end_of_pregnancy
AtTerm,At term delivery,ICD10ES,O32.4,Maternal care for high head at term,C0495205,Maternal care for high head at term,possible,P,PrA,O32.4XX9,end_of_pregnancy
BirthNarrow,Birth classified as narrow,ICD10ES,O32.1,Maternal care for breech presentation,C0495202,Maternal care for breech presentation,narrow,P,PrA,O32.1XX9,end_of_pregnancy
BirthNarrow,Birth classified as narrow,ICD10ES,O32.3,Maternal care for face- brow and chin presentation,C0495204,Maternal care for face- brow and chin presentation,narrow,P,PrA,O32.3XX9,end_of_pregnancy
BirthNarrow,Birth classified as narrow,ICD10ES,O64.0,Obstructed labor due to incomplete rotation of fetal head,"","",narrow,P,PrA,O64.0XX9,end_of_pregnancy
BirthNarrow,Birth classified as narrow,ICD10ES,O64.1,Obstructed labor due to breech presentation,"","",narrow,P,PrA,O64.1XX9,end_of_pregnancy
BirthNarrow,Birth classified as narrow,ICD10ES,O64.2,Obstructed labour due to face presentation,C0475557,Obstructed labor due to face presentation,narrow,P,PrA,O64.2XX9,end_of_pregnancy
BirthNarrow,Birth classified as narrow,ICD10ES,O64.3,Obstructed labor due to brow presentation,"","",narrow,P,PrA,O64.3XX9,end_of_pregnancy
BirthNarrow,Birth classified as narrow,ICD10ES,O64.4,Obstructed labor due to shoulder presentation,"","",narrow,P,PrA,O64.4XX9,end_of_pregnancy
BirthNarrow,Birth classified as narrow,ICD10ES,O64.5,Obstructed labor due to compound presentation,"","",narrow,P,PrA,O64.5XX9,end_of_pregnancy
BirthNarrow,Birth classified as narrow,ICD10ES,O64.8,Obstructed labor due to other malposition and malpresentation,"","",narrow,P,PrA,O64.8XX9,end_of_pregnancy
BirthNarrow,Birth classified as narrow,ICD10ES,O64.9,Obstructed labor due to malposition and malpresentation- unspecified,"","",narrow,P,PrA,O64.9XX9,end_of_pregnancy
BirthNarrow,Birth classified as narrow,ICD10ES,O69.0,Labour and delivery complicated by prolapse of cord - Labor and delivery complicated by prolapse of cord,"","",narrow,P,PrA,O69.0XX9,end_of_pregnancy
BirthNarrow,Birth classified as narrow,ICD10ES,O69.1,Labour and delivery complicated by cord around neck- with compression - Labor and delivery complicated by cord around neck- with compression,"","",narrow,P,PrA,O69.1XX9,end_of_pregnancy
BirthNarrow,Birth classified as narrow,ICD10ES,O69.2,Labor and delivery complicated by other cord entanglement- with compression - Labour and delivery complicated by other cord entanglement- with compression,"","",narrow,P,PrA,O69.2XX9,end_of_pregnancy
BirthNarrow,Birth classified as narrow,ICD10ES,O69.3,Labor and delivery complicated by short cord - Labour and delivery complicated by short cord,"","",narrow,P,PrA,O69.3XX9,end_of_pregnancy
BirthNarrow,Birth classified as narrow,ICD10ES,O69.4,Labour and delivery complicated by vasa praevia - Labor and delivery complicated by vasa previa,"","",narrow,P,PrA,O69.4XX9,end_of_pregnancy
BirthNarrow,Birth classified as narrow,ICD10ES,O69.5,Labour and delivery complicated by vascular lesion of cord - Labor and delivery complicated by vascular lesion of cord,"","",narrow,P,PrA,O69.5XX9,end_of_pregnancy
BirthNarrow,Birth classified as narrow,ICD10ES,O69.9,Labour and delivery complicated by cord complication- unspecified - Labor and delivery complicated by cord complication- unspecified,"","",narrow,P,PrA,O69.9XX9,end_of_pregnancy
OngoingPregnancy7,Ongoing Pregnancy,ICD10ES,O14.10,Severe pre-eclampsia- unspecified trimester,"","",narrow,P,PrA,O14.14,ongoing_pregnancy
OngoingPregnancy7,Ongoing Pregnancy,ICD10ES,O24.4,Diabetes mellitus arising in pregnancy,C0085207,Gestational Diabetes,narrow,P,PrA,O24.425,ongoing_pregnancy
OngoingPregnancy2,Ongoing Pregnancy,ICD10ES,O24.41,Gestational diabetes mellitus in pregnancy,"","",narrow,P,PrA,O24.425,ongoing_pregnancy
OngoingPregnancy5,Ongoing Pregnancy,ICD10ES,O40.1,Polyhydramnios- first trimester,"","",narrow,P,PrA,O40.1XX9,ongoing_pregnancy
OngoingPregnancy7,Ongoing Pregnancy,ICD10ES,O40.1,Polyhydramnios- first trimester,"","",narrow,P,PrA,O40.1XX9,ongoing_pregnancy
OngoingPregnancy5,Ongoing Pregnancy,ICD10ES,O40.2,Polyhydramnios- second trimester,"","",narrow,P,PrA,O40.2XX9,ongoing_pregnancy
OngoingPregnancy7,Ongoing Pregnancy,ICD10ES,O40.2,Polyhydramnios- second trimester,"","",narrow,P,PrA,O40.2XX9,ongoing_pregnancy
OngoingPregnancy5,Ongoing Pregnancy,ICD10ES,O40.3,Polyhydramnios- third trimester,"","",narrow,P,PrA,O40.3XX9,ongoing_pregnancy
OngoingPregnancy7,Ongoing Pregnancy,ICD10ES,O40.3,Polyhydramnios- third trimester,"","",narrow,P,PrA,O40.3XX9,ongoing_pregnancy
OngoingPregnancy5,Ongoing Pregnancy,ICD10ES,O40.9,Polyhydramnios- unspecified trimester,"","",narrow,P,PrA,O40.9XX9,ongoing_pregnancy
OngoingPregnancy7,Ongoing Pregnancy,ICD10ES,O40.9,Polyhydramnios- unspecified trimester,"","",narrow,P,PrA,O40.9XX9,ongoing_pregnancy
StillBirth,Stillbirth,ICD10ES,O36.4,Maternal care for intrauterine death,C0495237,Maternal care for intrauterine death,possible,P,PrA,O36.4XX9,end_of_pregnancy
